{'nodes': [(0, 7.347619047619047, 7.576190476190476, 0, 48000, 0, False), (1, 3.5, 12.0, 0, 8230, 50, True), (2, 4.5, 13.0, 6782, 9158, 40, False), (3, 11.0, 12.5, 3570, 11399, 50, True), (4, 13.0, 2.5, 486, 5518, 30, True), (5, 1.0, 4.5, 36626, 43920, 50, True), (6, 9.5, 2.0, 6677, 12887, 10, True), (7, 14.5, 14.5, 16500, 22796, 20, True), (8, 2.0, 13.0, 6162, 14855, 20, True), (9, 1.5, 3.0, 29342, 34226, 50, True), (10, 13.5, 11.5, 28641, 34304, 40, True), (11, 4.0, 10.5, 13446, 19343, 30, True), (12, 6.5, 4.0, 33913, 39084, 30, True), (13, 3.5, 8.5, 0, 7460, 30, True), (14, 3.5, 3.0, 0, 5126, 50, True), (15, 2.5, 7.0, 0, 4175, 50, True), (16, 13.5, 11.5, 4948, 10403, 30, True), (17, 9.5, 1.0, 42160, 45283, 10, True), (18, 11.0, 1.0, 5307, 7824, 50, True), (19, 15.0, 12.0, 3017, 5272, 40, True), (20, 15.0, 6.0, 26151, 32623, 30, True), (21, 11.0, 9.0, 35324, 43736, 30, False), (22, 1.0, 1.0, 37437, 45986, 10, True), (23, 7.5, 5.5, 33628, 39327, 30, True), (24, 0.5, 9.5, 32740, 40675, 10, True), (25, 7.0, 9.5, 31573, 35643, 50, True), (26, 13.0, 4.0, 41334, 48000, 30, True), (27, 8.0, 7.5, 32917, 36750, 40, True), (28, 10.0, 13.0, 24599, 27464, 10, True), (29, 10.5, 5.5, 10052, 16119, 50, True), (30, 3.0, 4.5, 14913, 19997, 30, True), (31, 2.5, 1.0, 42965, 46718, 50, True), (32, 9.5, 9.5, 42594, 48000, 20, True), (33, 15.0, 2.0, 10148, 14140, 30, True), (34, 6.5, 14.0, 21561, 28846, 20, True), (35, 0.5, 3.0, 13643, 21514, 20, True), (36, 8.0, 0, 5600, 10297, 10, True), (37, 12.5, 9.5, 33290, 38689, 30, True), (38, 13.0, 10.0, 34533, 42700, 10, True), (39, 12.5, 15.0, 23893, 26587, 10, True), (40, 6.0, 10.0, 37579, 44079, 50, True), (41, 12.0, 14.0, 4940, 10176, 20, True), (42, 0.5, 5.5, 37783, 43824, 50, True), (43, 14.0, 11.5, 29378, 31729, 40, True), (44, 12.5, 15.0, 10192, 13681, 50, True), (45, 1.0, 11.0, 13053, 20353, 50, True), (46, 2.0, 5.5, 0, 6801, 10, True), (47, 1.5, 9.5, 12924, 12924, 20, True), (48, 1.5, 5.5, 21289, 29764, 20, False), (49, 8.5, 0.5, 17065, 24888, 30, True), (50, 9.0, 12.0, 10901, 18820, 40, True), (51, 6.5, 8.0, 9427, 15804, 40, True), (52, 10.5, 12.5, 36622, 44185, 30, True), (53, 1.5, 9.5, 8918, 14045, 10, True), (54, 2.0, 5.5, 15933, 21977, 30, True), (55, 6.0, 14.5, 39940, 44229, 20, True), (56, 6.5, 2.5, 35579, 38531, 50, True), (57, 2.5, 8.0, 31776, 38831, 40, True), (58, 14.0, 8.0, 1928, 5679, 40, True), (59, 1.0, 2.0, 33835, 37655, 20, True), (60, 12.5, 1.0, 18064, 21500, 20, True), (61, 10.0, 12.5, 18574, 24475, 20, True), (62, 0.5, 8.5, 8790, 16008, 10, True), (63, 3.0, 11.5, 19406, 22452, 20, True), (64, 13.5, 10.0, 31471, 37550, 20, False), (65, 14.5, 3.0, 31669, 34740, 30, True), (66, 5.0, 11.0, 32689, 40340, 50, True), (67, 10.0, 11.5, 38983, 43685, 40, True), (68, 14.5, 9.5, 1281, 8198, 30, True), (69, 9.5, 14.0, 12420, 16740, 40, False), (70, 0, 10.5, 4692, 9894, 20, True), (71, 11.0, 9.5, 12974, 21187, 20, True), (72, 6.5, 5.0, 14956, 22670, 40, False), (73, 4.0, 9.5, 26248, 32619, 30, True), (74, 9.0, 3.5, 27494, 35744, 40, False), (75, 11.5, 4.0, 6958, 10591, 10, True), (76, 14.5, 10.5, 16590, 25586, 50, True), (77, 8.0, 1.0, 0, 7071, 20, True), (78, 6.0, 1.5, 342, 4816, 50, True), (79, 5.5, 5.0, 2496, 9911, 30, True), (80, 11.0, 15.0, 17120, 22180, 20, True), (81, 0, 0.5, 19075, 26597, 20, True), (82, 1.5, 13.5, 3646, 7736, 10, True), (83, 2.5, 7.0, 9519, 14141, 10, True), (84, 9.5, 5.5, 0, 5614, 10, True), (85, 1.5, 2.5, 6581, 10571, 40, True), (86, 3.0, 3.5, 10102, 15835, 10, True), (87, 7.0, 8.0, 15985, 23220, 10, False), (88, 3.0, 10.0, 26476, 30439, 30, True), (89, 5.0, 5.5, 16858, 23113, 20, True), (90, 11.5, 13.5, 14593, 21845, 50, False), (91, 13.5, 5.5, 11088, 18883, 50, True), (92, 14.0, 6.5, 4141, 5814, 40, True), (93, 1.5, 9.0, 13117, 20810, 20, True), (94, 2.0, 14.5, 27757, 31741, 50, True), (95, 8.0, 7.5, 41245, 46670, 40, True), (96, 15.0, 2.5, 11315, 20801, 30, True), (97, 4.0, 13.0, 26823, 35374, 20, True), (98, 7.0, 4.5, 3534, 9491, 40, True), (99, 3.0, 9.0, 7152, 14405, 30, True), (100, 3.0, 12.0, 43126, 48000, 20, True), (101, 8.5, 1.5, 8257, 19472, 10, True), (102, 3.0, 1.5, 36243, 41402, 50, False), (103, 10.0, 9.5, 38434, 43279, 10, True), (104, 14.5, 4.5, 3028, 8485, 30, True), (105, 11.5, 1.0, 4924, 10709, 10, True), (106, 7.347619047619047, 7.576190476190476, 0, 48000, 0, False)], 'F': 20.0, 'ct': 0.083, 'cd': 0.021, 'truck_cap': 100, 'drone_cap': 20, 'truck_speed': 40, 'drone_speed': 40, 'a': 1, 'b': 2, 'max_flight_time': 30, 'ttt': [[0, 1760, 1839, 1840, 2280, 2117, 1794, 2987, 2286, 2229, 2190, 1334, 1104, 1188, 1795, 1466, 2190, 2077, 2258, 2653, 2345, 1177, 2743, 626, 2135, 587, 2008, 198, 1812, 1133, 1599, 2452, 867, 2842, 1945, 2472, 2282, 1651, 1846, 2712, 833, 2380, 2148, 2318, 2712, 2165, 1722, 1848, 1863, 2152, 1418, 285, 1755, 1848, 1722, 2117, 1545, 1461, 2001, 2536, 2507, 1679, 2074, 1758, 1985, 2548, 1246, 1422, 2223, 2033, 2373, 1239, 815, 1159, 1321, 1645, 2319, 1984, 1868, 952, 2483, 3061, 2498, 1466, 898, 2324, 1789, 165, 1494, 941, 2171, 1949, 2023, 1807, 2626, 198, 2756, 1913, 930, 1373, 1862, 1856, 2242, 984, 2337, 2334, 1], [1760, 0, 425, 2256, 4032, 2373, 3500, 3385, 542, 2767, 3005, 475, 2564, 1051, 2701, 1531, 3005, 3760, 3995, 3451, 3892, 2424, 3385, 2291, 1173, 1291, 3727, 1910, 1974, 2867, 2256, 3315, 1951, 4573, 1083, 2847, 3846, 2803, 2913, 2847, 961, 2621, 2149, 3155, 2847, 809, 2002, 961, 2041, 3763, 1651, 1501, 2106, 961, 2002, 1062, 2990, 1238, 3372, 3093, 4265, 1957, 1384, 213, 3060, 4265, 542, 1957, 3385, 1898, 1143, 2373, 2286, 766, 3038, 3395, 3332, 3566, 3239, 2185, 2424, 3607, 751, 1531, 2655, 2913, 2555, 1596, 619, 2002, 2443, 3579, 3557, 1083, 876, 1910, 4476, 336, 2484, 913, 151, 3490, 3155, 2090, 3995, 4081, 1760], [1839, 425, 0, 1957, 4054, 2759, 3626, 3035, 751, 3133, 2738, 766, 2767, 1384, 3016, 1898, 2738, 3901, 4095, 3165, 3787, 2291, 3751, 2424, 1596, 1291, 3715, 1957, 1651, 2882, 2590, 3651, 1832, 4563, 672, 3232, 4040, 2621, 2705, 2475, 1007, 2271, 2551, 2886, 2475, 1210, 2373, 1384, 2424, 3938, 1384, 1617, 1807, 1384, 2373, 637, 3208, 1617, 3222, 3464, 4328, 1658, 1807, 637, 2847, 4244, 619, 1711, 3179, 1531, 1545, 2216, 2475, 1062, 3155, 3422, 3093, 3751, 3480, 2420, 2041, 3987, 913, 1898, 2705, 3277, 2886, 1678, 1007, 2256, 2106, 3516, 3454, 1501, 876, 1957, 4456, 151, 2659, 1283, 542, 3654, 3480, 1957, 3938, 4169, 1839], [1840, 2256, 1957, 0, 3060, 3843, 3183, 1210, 2705, 4032, 809, 2185, 2886, 2551, 3632, 3038, 809, 3480, 3451, 1210, 2291, 1051, 4573, 2349, 3277, 1501, 2621, 1750, 336, 2106, 3395, 4291, 1007, 3372, 1424, 4249, 3857, 1007, 961, 876, 1678, 542, 3787, 950, 876, 3035, 3422, 2990, 3541, 3678, 619, 1910, 151, 2990, 3422, 1617, 3291, 2886, 1623, 4351, 3480, 301, 3372, 2420, 1062, 3038, 1856, 425, 1384, 637, 3355, 901, 2625, 2286, 2767, 2555, 1210, 3566, 3626, 2791, 751, 4885, 2867, 3038, 2149, 4139, 3613, 1807, 2515, 2767, 336, 2231, 2013, 3038, 2767, 1750, 3232, 2106, 2684, 2621, 2406, 3385, 4081, 950, 2621, 3454, 1840], [2280, 4032, 4054, 3060, 0, 3651, 1062, 3629, 4563, 3454, 2705, 3613, 2002, 3372, 2855, 3428, 2705, 1143, 751, 2913, 1210, 2041, 3629, 1880, 4299, 2767, 451, 2122, 3277, 1173, 3060, 3183, 2349, 619, 3964, 3754, 1678, 2106, 2251, 3754, 3079, 3464, 3857, 2718, 3754, 4413, 3422, 4040, 3566, 1478, 3093, 2555, 3093, 4040, 3422, 4169, 1951, 3557, 1678, 3604, 475, 3133, 4161, 4037, 2256, 475, 3503, 2847, 2149, 3607, 4580, 2185, 2090, 3422, 1238, 637, 2443, 1567, 2122, 2373, 3799, 3947, 4775, 3428, 1384, 3451, 3016, 2443, 3751, 2564, 3332, 913, 1238, 3964, 4885, 2122, 601, 4150, 1898, 3579, 4139, 1384, 3016, 2286, 751, 637, 2280], [2117, 2373, 2759, 3843, 3651, 0, 2659, 5041, 2569, 475, 4299, 2013, 1658, 1416, 876, 876, 4299, 2759, 3179, 4766, 4225, 3291, 1051, 1974, 1508, 2344, 3604, 2286, 3715, 2867, 601, 1143, 2959, 4267, 3294, 475, 2497, 3763, 3961, 4673, 2231, 4361, 336, 4430, 4673, 1951, 425, 1508, 336, 2551, 3291, 1957, 3727, 1508, 425, 3355, 1757, 1143, 4040, 751, 3607, 3613, 1210, 2185, 4098, 4076, 2291, 3422, 4320, 3825, 1826, 3355, 1658, 1750, 2420, 3155, 4433, 2349, 1750, 1359, 4351, 1238, 2705, 876, 2569, 619, 672, 2085, 1757, 1238, 4150, 3763, 3947, 1359, 3016, 2286, 4244, 2705, 1801, 1478, 2330, 2424, 1083, 3090, 4051, 3321, 2117], [1794, 3500, 3626, 3183, 1062, 2659, 0, 4040, 3995, 2420, 3093, 3038, 1083, 2655, 1826, 2582, 3093, 301, 542, 3425, 2041, 2149, 2569, 1210, 3516, 2373, 1210, 1711, 3304, 1093, 2090, 2122, 2251, 1651, 3712, 2718, 751, 2424, 2621, 4003, 2621, 3678, 2898, 3155, 4003, 3715, 2484, 3291, 2621, 542, 3005, 2013, 3165, 3291, 2484, 3895, 913, 2767, 2251, 2551, 950, 3155, 3332, 3454, 2684, 1531, 3020, 2855, 2705, 3601, 3825, 2296, 1274, 2791, 475, 850, 2959, 542, 1062, 1501, 3927, 2886, 4204, 2582, 1051, 2406, 2002, 1951, 3093, 1711, 3503, 1596, 1910, 3190, 4374, 1711, 1658, 3691, 1062, 2867, 3579, 336, 1957, 2256, 1678, 672, 1794], [2987, 3385, 3035, 1210, 3629, 5041, 4040, 0, 3778, 5208, 950, 3372, 3961, 3760, 4775, 4246, 950, 4320, 4185, 766, 2555, 1957, 5729, 3422, 4461, 2705, 3183, 2867, 1424, 2956, 4573, 5420, 2122, 3754, 2406, 5436, 4768, 1617, 1424, 619, 2886, 766, 4994, 913, 619, 4185, 4622, 4180, 4744, 4570, 1813, 3093, 1343, 4180, 4622, 2551, 4328, 4095, 1957, 5521, 4095, 1478, 4570, 3566, 1384, 3451, 3038, 1623, 1501, 1508, 4513, 1832, 3727, 3490, 3691, 3277, 1201, 4496, 4661, 3927, 1062, 6048, 3913, 4246, 3090, 5309, 4775, 2978, 3706, 3927, 950, 2718, 2406, 4236, 3751, 2867, 3604, 3183, 3751, 3825, 3532, 4296, 5208, 2019, 3001, 4150, 2987], [2286, 542, 751, 2705, 4563, 2569, 3995, 3778, 0, 3005, 3480, 961, 3020, 1424, 3035, 1807, 3480, 4246, 4501, 3913, 4430, 2956, 3613, 2791, 1143, 1832, 4265, 2443, 2401, 3402, 2569, 3604, 2484, 5110, 1384, 3035, 4296, 3321, 3422, 3208, 1501, 3016, 2296, 3629, 3208, 672, 2251, 1062, 2256, 4228, 2122, 2019, 2555, 1062, 2251, 1283, 3428, 1508, 3901, 3315, 4785, 2406, 1424, 542, 3566, 4803, 1083, 2443, 3895, 2271, 961, 2898, 2755, 1210, 3541, 3927, 3825, 4026, 3654, 2621, 2767, 3799, 213, 1807, 3183, 3155, 2867, 2122, 950, 2424, 2855, 4120, 4095, 1210, 451, 2443, 5014, 601, 2959, 1238, 425, 3964, 3464, 2621, 4536, 4593, 2286], [2229, 2767, 3133, 4032, 3454, 475, 2420, 5208, 3005, 0, 4413, 2373, 1531, 1757, 601, 1238, 4413, 2475, 2913, 4868, 4150, 3372, 619, 1951, 1974, 2555, 3464, 2373, 3938, 2803, 637, 672, 3093, 4062, 3626, 301, 2149, 3834, 4040, 4885, 2497, 4563, 809, 4536, 4885, 2406, 766, 1951, 751, 2231, 3516, 2122, 3927, 1951, 766, 3706, 1508, 1531, 4040, 336, 3355, 3825, 1678, 2590, 4169, 3901, 2621, 3607, 4361, 4081, 2296, 3454, 1617, 2090, 2256, 3016, 4503, 2041, 1424, 1343, 4593, 876, 3151, 1238, 2515, 151, 475, 2231, 2149, 1291, 4351, 3678, 3895, 1801, 3454, 2373, 4054, 3093, 1711, 1856, 2738, 2149, 637, 3211, 3927, 3060, 2229], [2190, 3005, 2738, 809, 2705, 4299, 3093, 950, 3480, 4413, 0, 2867, 3079, 3133, 3938, 3566, 1, 3372, 3239, 475, 1711, 1062, 4898, 2547, 3947, 2041, 2256, 2041, 1143, 2013, 3787, 4563, 1343, 2886, 2231, 4661, 3825, 672, 475, 1093, 2296, 876, 4296, 151, 1093, 3754, 3892, 3651, 4026, 3626, 1359, 2349, 950, 3651, 3892, 2424, 3422, 3464, 1062, 4711, 3165, 1093, 4003, 3151, 451, 2569, 2555, 1051, 672, 1416, 4062, 961, 2867, 2913, 2755, 2330, 425, 3557, 3751, 3093, 1291, 5225, 3651, 3566, 2164, 4501, 3961, 2216, 3183, 3122, 850, 1801, 1508, 3678, 3566, 2041, 2738, 2886, 2867, 3239, 3155, 3355, 4351, 1210, 2122, 3208, 2190], [1334, 475, 766, 2185, 3613, 2013, 3038, 3372, 961, 2373, 2867, 0, 2090, 619, 2256, 1143, 2867, 3294, 3541, 3332, 3566, 2149, 2990, 1832, 1093, 950, 3332, 1501, 1951, 2461, 1826, 2886, 1678, 4171, 1291, 2484, 3372, 2569, 2705, 2886, 619, 2621, 1832, 3016, 2886, 913, 1617, 809, 1678, 3291, 1567, 1062, 2041, 809, 1617, 1343, 2515, 876, 3093, 2705, 3825, 1898, 1210, 425, 2855, 3872, 336, 1826, 3165, 1957, 1201, 2122, 1813, 301, 2582, 2978, 3151, 3093, 2767, 1711, 2497, 3232, 1173, 1143, 2231, 2515, 2122, 1173, 336, 1531, 2424, 3222, 3232, 876, 1343, 1501, 4081, 751, 2013, 542, 542, 3020, 2718, 1826, 3629, 3632, 1334], [1104, 2564, 2767, 2886, 2002, 1658, 1083, 3961, 3020, 1531, 3079, 2090, 0, 1623, 950, 1501, 3079, 1274, 1623, 3503, 2621, 2019, 1880, 542, 2443, 1658, 1951, 1143, 2898, 1283, 1062, 1501, 1880, 2621, 3001, 1826, 1283, 2443, 2655, 3760, 1807, 3425, 1856, 3183, 3760, 2672, 1424, 2231, 1567, 1210, 2515, 1201, 2819, 2231, 1424, 3155, 451, 1698, 2551, 1757, 2013, 2759, 2251, 2484, 2767, 2420, 2149, 2484, 2913, 3133, 2759, 2133, 301, 1813, 766, 1501, 3093, 1007, 766, 425, 3566, 2216, 3222, 1501, 1007, 1567, 1062, 1210, 2085, 637, 3222, 2149, 2373, 2122, 3428, 1143, 2590, 2803, 213, 1832, 2621, 961, 1291, 1957, 2406, 1750, 1104], [1188, 1051, 1384, 2551, 3372, 1416, 2655, 3760, 1424, 1757, 3133, 619, 1623, 0, 1651, 542, 3133, 2882, 3183, 3607, 3532, 2256, 2373, 1501, 950, 1093, 3155, 1384, 2373, 2286, 1210, 2271, 1826, 3964, 1880, 1880, 2886, 2718, 2886, 3332, 876, 3038, 1274, 3277, 3332, 1062, 1007, 672, 1083, 2831, 1957, 913, 2420, 672, 1007, 1951, 2013, 336, 3155, 2090, 3516, 2291, 901, 913, 3035, 3691, 876, 2149, 3315, 2443, 1210, 2271, 1384, 336, 2231, 2755, 3355, 2625, 2231, 1210, 2978, 2621, 1617, 542, 2013, 1898, 1508, 1062, 475, 1007, 2831, 3133, 3208, 619, 1856, 1384, 3892, 1359, 1596, 213, 1062, 2582, 2106, 1974, 3512, 3291, 1188], [1795, 2701, 3016, 3632, 2855, 876, 1826, 4775, 3035, 601, 3938, 2256, 950, 1651, 0, 1238, 3938, 1898, 2330, 4382, 3566, 2882, 961, 1416, 2149, 2216, 2867, 1910, 3579, 2231, 475, 672, 2655, 3464, 3422, 901, 1623, 3332, 3541, 4501, 2231, 4171, 1173, 4054, 4501, 2515, 876, 2041, 961, 1678, 3165, 1750, 3541, 2041, 876, 3532, 913, 1531, 3490, 809, 2767, 3454, 1880, 2555, 3663, 3301, 2443, 3211, 3834, 3760, 2484, 2978, 1083, 1957, 1658, 2420, 3995, 1478, 876, 850, 4246, 1291, 3208, 1238, 1951, 619, 213, 1832, 2106, 876, 3961, 3093, 3321, 1898, 3480, 1910, 3454, 3005, 1143, 1807, 2705, 1567, 475, 2759, 3332, 2475, 1795], [1466, 1531, 1898, 3038, 3428, 876, 2582, 4246, 1807, 1238, 3566, 1143, 1501, 542, 1238, 0, 3566, 2767, 3122, 4040, 3763, 2621, 1856, 1567, 961, 1545, 3277, 1658, 2882, 2443, 766, 1801, 2231, 4040, 2420, 1343, 2672, 3093, 3277, 3843, 1384, 3541, 751, 3706, 3843, 1283, 475, 809, 542, 2655, 2461, 1238, 2913, 809, 475, 2484, 1807, 301, 3464, 1567, 3500, 2791, 751, 1359, 3422, 3796, 1416, 2625, 3678, 2971, 1291, 2659, 1343, 876, 2216, 2847, 3751, 2443, 1957, 1083, 3503, 2090, 1974, 1, 2149, 1384, 1062, 1384, 913, 876, 3332, 3332, 3454, 672, 2256, 1658, 3987, 1856, 1545, 619, 1508, 2443, 1658, 2373, 3678, 3246, 1466], [2190, 3005, 2738, 809, 2705, 4299, 3093, 950, 3480, 4413, 1, 2867, 3079, 3133, 3938, 3566, 0, 3372, 3239, 475, 1711, 1062, 4898, 2547, 3947, 2041, 2256, 2041, 1143, 2013, 3787, 4563, 1343, 2886, 2231, 4661, 3825, 672, 475, 1093, 2296, 876, 4296, 151, 1093, 3754, 3892, 3651, 4026, 3626, 1359, 2349, 950, 3651, 3892, 2424, 3422, 3464, 1062, 4711, 3165, 1093, 4003, 3151, 451, 2569, 2555, 1051, 672, 1416, 4062, 961, 2867, 2913, 2755, 2330, 425, 3557, 3751, 3093, 1291, 5225, 3651, 3566, 2164, 4501, 3961, 2216, 3183, 3122, 850, 1801, 1508, 3678, 3566, 2041, 2738, 2886, 2867, 3239, 3155, 3355, 4351, 1210, 2122, 3208, 2190], [2077, 3760, 3901, 3480, 1143, 2759, 301, 4320, 4246, 2475, 3372, 3294, 1274, 2882, 1898, 2767, 3372, 0, 451, 3691, 2231, 2443, 2551, 1478, 3715, 2659, 1384, 2002, 3604, 1384, 2216, 2101, 2551, 1678, 4003, 2767, 542, 2705, 2898, 4296, 2898, 3972, 3020, 3428, 4296, 3938, 2625, 3503, 2755, 336, 3304, 2286, 3464, 3503, 2625, 4185, 1007, 2971, 2497, 2569, 901, 3454, 3516, 3706, 2956, 1617, 3291, 3155, 2959, 3901, 4032, 2590, 1501, 3038, 766, 1083, 3222, 451, 1062, 1698, 4225, 2855, 4453, 2767, 1351, 2443, 2090, 2231, 3332, 1910, 3799, 1807, 2133, 3395, 4634, 2002, 1711, 3961, 1291, 3093, 3834, 336, 1957, 2555, 1832, 601, 2077], [2258, 3995, 4095, 3451, 751, 3179, 542, 4185, 4501, 2913, 3239, 3541, 1623, 3183, 2330, 3122, 3239, 451, 0, 3512, 1922, 2401, 3001, 1711, 4054, 2819, 1083, 2149, 3613, 1359, 2621, 2551, 2590, 1238, 4128, 3208, 950, 2590, 2767, 4225, 3090, 3913, 3428, 3277, 4225, 4244, 3020, 3825, 3155, 766, 3355, 2497, 3454, 3825, 3020, 4320, 1424, 3304, 2286, 3016, 451, 3464, 3872, 3961, 2803, 1210, 3500, 3165, 2759, 3927, 4361, 2551, 1807, 3304, 961, 913, 3038, 901, 1508, 2041, 4201, 3304, 4711, 3122, 1424, 2886, 2515, 2420, 3613, 2251, 3754, 1545, 1880, 3727, 4868, 2149, 1283, 4169, 1596, 3395, 4081, 766, 2406, 2569, 1486, 151, 2258], [2653, 3451, 3165, 1210, 2913, 4766, 3425, 766, 3913, 4868, 475, 3332, 3503, 3607, 4382, 4040, 475, 3691, 3512, 0, 1801, 1501, 5342, 2978, 4415, 2515, 2475, 2497, 1531, 2373, 4246, 4996, 1813, 3001, 2621, 5121, 4169, 1062, 850, 1173, 2767, 1083, 4768, 336, 1173, 4212, 4361, 4120, 4496, 3964, 1801, 2819, 1359, 4120, 4361, 2803, 3825, 3938, 1238, 5162, 3385, 1508, 4476, 3604, 751, 2705, 3016, 1508, 766, 1757, 4523, 1416, 3304, 3385, 3122, 2621, 475, 3913, 4150, 3541, 1501, 5671, 4076, 4040, 2555, 4953, 4413, 2684, 3651, 3579, 1143, 2002, 1678, 4150, 3972, 2497, 2851, 3315, 3291, 3712, 3601, 3706, 4785, 1678, 2256, 3464, 2653], [2345, 3892, 3787, 2291, 1210, 4225, 2041, 2555, 4430, 4150, 1711, 3566, 2621, 3532, 3566, 3763, 1711, 2231, 1922, 1801, 0, 1501, 4461, 2256, 4476, 2621, 850, 2149, 2582, 1359, 3629, 4040, 1957, 1201, 3503, 4443, 2767, 1291, 1343, 2803, 2956, 2564, 4354, 1678, 2803, 4461, 3904, 4185, 4054, 2555, 2547, 2621, 2373, 4185, 3904, 3715, 2759, 3799, 672, 4369, 1678, 2461, 4415, 3961, 1283, 913, 3355, 2231, 1062, 2913, 4699, 1596, 2569, 3464, 1951, 1210, 1359, 2582, 3020, 2867, 2956, 4794, 4634, 3763, 1658, 4185, 3678, 2475, 3796, 3005, 2484, 475, 336, 4150, 4661, 2149, 1051, 3913, 2443, 3712, 4026, 2373, 3846, 1832, 475, 1832, 2345], [1177, 2424, 2291, 1051, 2041, 3291, 2149, 1957, 2956, 3372, 1062, 2149, 2019, 2256, 2882, 2621, 1062, 2443, 2401, 1501, 1501, 0, 3843, 1486, 3155, 1210, 1617, 1007, 1238, 1062, 2755, 3503, 475, 2420, 2019, 3629, 2847, 475, 672, 1856, 1531, 1531, 3321, 1173, 1856, 3060, 2898, 2855, 3038, 2659, 1083, 1384, 1062, 2855, 2898, 2231, 2373, 2569, 950, 3663, 2443, 1093, 3155, 2515, 809, 2085, 1898, 809, 1062, 1567, 3332, 151, 1807, 2106, 1757, 1508, 1143, 2564, 2705, 2041, 1801, 4171, 3155, 2621, 1143, 3454, 2913, 1238, 2420, 2085, 1359, 1291, 1173, 2851, 3165, 1007, 2291, 2420, 1807, 2401, 2564, 2373, 3291, 336, 1711, 2406, 1177], [2743, 3385, 3751, 4573, 3629, 1051, 2569, 5729, 3613, 619, 4898, 2990, 1880, 2373, 961, 1856, 4898, 2551, 3001, 5342, 4461, 3843, 0, 2373, 2555, 3122, 3712, 2867, 4501, 3155, 1210, 451, 3607, 4212, 4236, 619, 2122, 4291, 4501, 5436, 3090, 5110, 1359, 5014, 5436, 3001, 1384, 2555, 1359, 2256, 4081, 2672, 4476, 2555, 1384, 4320, 1711, 2149, 4430, 301, 3451, 4382, 2256, 3208, 4622, 4095, 3232, 4150, 4787, 4661, 2867, 3938, 2041, 2705, 2515, 3277, 4953, 2101, 1508, 1807, 5162, 336, 3754, 1856, 2886, 475, 961, 2767, 2767, 1807, 4898, 3987, 4236, 2406, 4062, 2867, 4225, 3712, 2085, 2475, 3355, 2256, 619, 3715, 4185, 3151, 2743], [626, 2291, 2424, 2349, 1880, 1974, 1210, 3422, 2791, 1951, 2547, 1832, 542, 1501, 1416, 1567, 2547, 1478, 1711, 2978, 2256, 1486, 2373, 0, 2420, 1210, 1711, 619, 2373, 901, 1384, 2019, 1343, 2484, 2569, 2231, 1658, 1922, 2133, 3222, 1424, 2886, 2101, 2655, 3222, 2555, 1651, 2164, 1801, 1531, 2002, 809, 2286, 2164, 1651, 2738, 950, 1678, 2090, 2216, 2019, 2231, 2286, 2251, 2251, 2231, 1813, 1951, 2420, 2621, 2705, 1596, 336, 1596, 751, 1283, 2582, 1359, 1283, 619, 3038, 2705, 3001, 1567, 601, 2013, 1478, 766, 1910, 751, 2684, 1801, 1974, 2085, 3165, 619, 2424, 2484, 336, 1711, 2373, 1238, 1807, 1416, 2122, 1807, 626], [2135, 1173, 1596, 3277, 4299, 1508, 3516, 4461, 1143, 1974, 3947, 1093, 2443, 950, 2149, 961, 3947, 3715, 4054, 4415, 4476, 3155, 2555, 2420, 0, 1951, 4098, 2330, 3038, 3232, 1678, 2621, 2701, 4898, 2251, 1951, 3632, 3601, 3754, 3961, 1658, 3706, 1201, 4095, 3961, 475, 1283, 301, 1238, 3613, 2659, 1856, 3133, 301, 1283, 2231, 2767, 751, 4076, 2256, 4413, 2990, 301, 961, 3904, 4632, 1424, 2913, 4201, 3020, 336, 3151, 2251, 1051, 3122, 3691, 4212, 3402, 2913, 2019, 3557, 2705, 1238, 961, 2956, 2122, 1951, 2002, 766, 1807, 3512, 4081, 4150, 336, 1567, 2330, 4831, 1486, 2461, 766, 1062, 3395, 2515, 2851, 4461, 4171, 2135], [587, 1291, 1291, 1501, 2767, 2344, 2373, 2705, 1832, 2555, 2041, 950, 1658, 1093, 2216, 1545, 2041, 2659, 2819, 2515, 2621, 1210, 3122, 1210, 1951, 0, 2443, 672, 1384, 1596, 1922, 2886, 751, 3291, 1359, 2759, 2867, 1651, 1807, 2334, 336, 2019, 2291, 2185, 2334, 1856, 1922, 1651, 2041, 2738, 961, 475, 1384, 1651, 1922, 1531, 2106, 1424, 2149, 2882, 3038, 1274, 1974, 1343, 1957, 2978, 751, 1083, 2251, 1545, 2122, 1201, 1359, 901, 1898, 2133, 2271, 2569, 2420, 1424, 2041, 3422, 2041, 1545, 1416, 2672, 2164, 451, 1210, 1343, 1807, 2291, 2286, 1658, 2122, 672, 3190, 1384, 1501, 1210, 1416, 2443, 2684, 901, 2705, 2886, 587], [2008, 3727, 3715, 2621, 451, 3604, 1210, 3183, 4265, 3464, 2256, 3332, 1951, 3155, 2867, 3277, 2256, 1384, 1083, 2475, 850, 1617, 3712, 1711, 4098, 2443, 0, 1832, 2847, 876, 3005, 3277, 1957, 850, 3579, 3763, 1922, 1658, 1801, 3304, 2767, 3016, 3778, 2271, 3304, 4169, 3332, 3825, 3480, 1711, 2684, 2291, 2659, 3825, 3332, 3787, 2002, 3372, 1238, 3651, 913, 2705, 3987, 3751, 1807, 542, 3190, 2424, 1711, 3179, 4361, 1757, 1974, 3165, 1210, 451, 2002, 1750, 2231, 2271, 3355, 4040, 4476, 3277, 1143, 3480, 3005, 2164, 3500, 2443, 2886, 475, 809, 3763, 4563, 1832, 751, 3819, 1807, 3355, 3843, 1545, 3093, 1880, 475, 1007, 2008], [198, 1910, 1957, 1750, 2122, 2286, 1711, 2867, 2443, 2373, 2041, 1501, 1143, 1384, 1910, 1658, 2041, 2002, 2149, 2497, 2149, 1007, 2867, 619, 2330, 672, 1832, 0, 1757, 961, 1750, 2555, 751, 2672, 2002, 2625, 2251, 1478, 1678, 2625, 961, 2291, 2330, 2164, 2625, 2349, 1898, 2041, 2041, 2106, 1384, 475, 1678, 2041, 1898, 2185, 1567, 1658, 1807, 2672, 2373, 1617, 2271, 1922, 1813, 2373, 1384, 1343, 2041, 2002, 2564, 1083, 876, 1343, 1238, 1486, 2149, 1951, 1898, 1062, 2424, 3190, 2655, 1658, 751, 2461, 1922, 336, 1678, 1083, 2085, 1757, 1826, 2002, 2767, 1, 2582, 2041, 950, 1567, 2019, 1807, 2344, 850, 2149, 2216, 198], [1812, 1974, 1651, 336, 3277, 3715, 3304, 1424, 2401, 3938, 1143, 1951, 2898, 2373, 3579, 2882, 1143, 3604, 3613, 1531, 2582, 1238, 4501, 2373, 3038, 1384, 2847, 1757, 0, 2256, 3304, 4246, 1062, 3626, 1093, 4139, 3947, 1291, 1274, 961, 1501, 672, 3632, 1283, 961, 2767, 3291, 2759, 3402, 3778, 425, 1832, 213, 2759, 3291, 1283, 3321, 2705, 1922, 4265, 3678, 151, 3155, 2149, 1384, 3291, 1617, 451, 1711, 336, 3093, 1093, 2621, 2085, 2867, 2738, 1545, 3651, 3654, 2755, 672, 4803, 2555, 2882, 2256, 4054, 3541, 1750, 2286, 2705, 475, 2484, 2291, 2819, 2443, 1757, 3490, 1801, 2705, 2420, 2122, 3480, 4040, 1051, 2886, 3629, 1812], [1133, 2867, 2882, 2106, 1173, 2867, 1093, 2956, 3402, 2803, 2013, 2461, 1283, 2286, 2231, 2443, 2013, 1384, 1359, 2373, 1359, 1062, 3155, 901, 3232, 1596, 876, 961, 2256, 0, 2271, 2755, 1238, 1711, 2819, 3093, 1813, 1343, 1545, 2913, 1910, 2590, 3001, 2085, 2913, 3294, 2551, 2956, 2701, 1617, 2002, 1416, 2101, 2956, 2551, 3020, 1501, 2515, 1291, 3038, 1478, 2106, 3133, 2882, 1623, 1416, 2334, 1807, 1698, 2569, 3490, 1210, 1210, 2291, 751, 542, 1922, 1545, 1807, 1508, 2855, 3490, 3613, 2443, 301, 2847, 2330, 1291, 2625, 1651, 2420, 901, 1093, 2898, 3715, 961, 1623, 2978, 1093, 2484, 2978, 1343, 2551, 1210, 1238, 1384, 1133], [1599, 2256, 2590, 3395, 3060, 601, 2090, 4573, 2569, 637, 3787, 1826, 1062, 1210, 475, 766, 3787, 2216, 2621, 4246, 3629, 2755, 1210, 1384, 1678, 1922, 3005, 1750, 3304, 2271, 0, 1062, 2461, 3678, 3038, 876, 2019, 3222, 3425, 4249, 1880, 3927, 809, 3913, 4249, 2041, 425, 1567, 542, 2041, 2882, 1486, 3291, 1567, 425, 3133, 1210, 1062, 3464, 961, 3038, 3190, 1416, 2101, 3557, 3480, 2041, 2971, 3763, 3454, 2013, 2831, 1062, 1531, 1826, 2555, 3892, 1832, 1274, 766, 3961, 1501, 2738, 766, 1974, 751, 301, 1596, 1651, 672, 3715, 3165, 3355, 1424, 3016, 1750, 3651, 2569, 1201, 1351, 2251, 1880, 901, 2582, 3451, 2759, 1599], [2452, 3315, 3651, 4291, 3183, 1143, 2122, 5420, 3604, 672, 4563, 2886, 1501, 2271, 672, 1801, 4563, 2101, 2551, 4996, 4040, 3503, 451, 2019, 2621, 2886, 3277, 2555, 4246, 2755, 1062, 0, 3304, 3763, 4081, 850, 1678, 3938, 4150, 5162, 2898, 4831, 1478, 4673, 5162, 3035, 1359, 2569, 1384, 1807, 3834, 2420, 4204, 2569, 1359, 4185, 1283, 2101, 4040, 542, 3001, 4120, 2330, 3155, 4265, 3651, 3093, 3872, 4413, 4430, 2948, 3607, 1698, 2590, 2090, 2847, 4593, 1651, 1062, 1501, 4915, 766, 3763, 1801, 2497, 542, 766, 2497, 2705, 1545, 4622, 3566, 3825, 2420, 4054, 2555, 3778, 3629, 1711, 2406, 3304, 1807, 213, 3402, 3751, 2701, 2452], [867, 1951, 1832, 1007, 2349, 2959, 2251, 2122, 2484, 3093, 1343, 1678, 1880, 1826, 2655, 2231, 1343, 2551, 2590, 1813, 1957, 475, 3607, 1343, 2701, 751, 1957, 751, 1062, 1238, 2461, 3304, 0, 2791, 1623, 3332, 2886, 901, 1062, 1880, 1062, 1545, 2956, 1478, 1880, 2590, 2551, 2401, 2684, 2718, 766, 1007, 950, 2401, 2551, 1832, 2286, 2149, 1424, 3402, 2705, 913, 2718, 2041, 1210, 2461, 1424, 619, 1501, 1351, 2867, 451, 1623, 1651, 1807, 1757, 1531, 2590, 2621, 1807, 1711, 3927, 2684, 2231, 1201, 3190, 2655, 876, 1957, 1807, 1343, 1698, 1623, 2406, 2705, 751, 2672, 1957, 1678, 1957, 2090, 2420, 3093, 151, 2122, 2621, 867], [2842, 4573, 4563, 3372, 619, 4267, 1651, 3754, 5110, 4062, 2886, 4171, 2621, 3964, 3464, 4040, 2886, 1678, 1238, 3001, 1201, 2420, 4212, 2484, 4898, 3291, 850, 2672, 3626, 1711, 3678, 3763, 2791, 0, 4413, 4361, 2185, 2373, 2475, 3972, 3613, 3712, 4476, 2867, 3972, 4994, 4040, 4634, 4185, 2002, 3500, 3122, 3428, 4634, 4040, 4622, 2555, 4161, 1826, 4201, 809, 3490, 4768, 4593, 2443, 336, 4037, 3222, 2256, 3961, 5173, 2551, 2705, 3995, 1856, 1210, 2555, 2122, 2705, 2990, 4081, 4523, 5321, 4040, 1957, 4054, 3629, 3001, 4328, 3179, 3607, 1143, 1384, 4563, 5411, 2672, 151, 4668, 2515, 4169, 4687, 1957, 3604, 2705, 766, 1093, 2842], [1945, 1083, 672, 1424, 3964, 3294, 3712, 2406, 1384, 3626, 2231, 1291, 3001, 1880, 3422, 2420, 2231, 4003, 4128, 2621, 3503, 2019, 4236, 2569, 2251, 1359, 3579, 2002, 1093, 2819, 3038, 4081, 1623, 4413, 0, 3760, 4225, 2251, 2291, 1826, 1210, 1651, 3122, 2373, 1826, 1880, 2886, 2019, 2959, 4095, 961, 1801, 1283, 2019, 2886, 213, 3451, 2164, 2882, 3961, 4296, 1143, 2443, 1291, 2420, 4081, 1007, 1291, 2755, 901, 2216, 1910, 2701, 1545, 3239, 3355, 2621, 3927, 3754, 2718, 1384, 4496, 1508, 2420, 2705, 3763, 3321, 1807, 1596, 2590, 1508, 3304, 3183, 2122, 1359, 2002, 4291, 809, 2855, 1832, 1210, 3799, 3895, 1711, 3727, 4180, 1945], [2472, 2847, 3232, 4249, 3754, 475, 2718, 5436, 3035, 301, 4661, 2484, 1826, 1880, 901, 1343, 4661, 2767, 3208, 5121, 4443, 3629, 619, 2231, 1951, 2759, 3763, 2625, 4139, 3093, 876, 850, 3332, 4361, 3760, 0, 2424, 4095, 4299, 5092, 2672, 4775, 751, 4787, 5092, 2406, 876, 1974, 809, 2515, 3715, 2344, 4139, 1974, 876, 3825, 1807, 1617, 4320, 336, 3651, 4032, 1651, 2659, 4430, 4201, 2755, 3825, 4632, 4265, 2256, 3706, 1898, 2216, 2555, 3315, 4766, 2330, 1711, 1617, 4785, 766, 3165, 1343, 2803, 336, 766, 2461, 2231, 1545, 4563, 3972, 4185, 1826, 3480, 2625, 4354, 3179, 2002, 1951, 2803, 2443, 876, 3454, 4225, 3355, 2472], [2282, 3846, 4040, 3857, 1678, 2497, 751, 4768, 4296, 2149, 3825, 3372, 1283, 2886, 1623, 2672, 3825, 542, 950, 4169, 2767, 2847, 2122, 1658, 3632, 2867, 1922, 2251, 3947, 1813, 2019, 1678, 2886, 2185, 4225, 2424, 0, 3155, 3355, 4699, 3060, 4369, 2791, 3892, 4699, 3913, 2443, 3454, 2555, 213, 3613, 2443, 3825, 3454, 2443, 4392, 876, 2913, 3001, 2185, 1384, 3799, 3402, 3763, 3425, 2149, 3422, 3503, 3454, 4225, 3961, 2990, 1567, 3093, 1093, 1596, 3706, 301, 751, 1678, 4590, 2406, 4496, 2672, 1711, 2090, 1832, 2420, 3355, 1880, 4185, 2334, 2655, 3332, 4709, 2251, 2231, 4081, 1384, 3090, 3901, 475, 1567, 2913, 2373, 1093, 2282], [1651, 2803, 2621, 1007, 2106, 3763, 2424, 1617, 3321, 3834, 672, 2569, 2443, 2718, 3332, 3093, 672, 2705, 2590, 1062, 1291, 475, 4291, 1922, 3601, 1651, 1658, 1478, 1291, 1343, 3222, 3938, 901, 2373, 2251, 4095, 3155, 0, 213, 1651, 1957, 1359, 3796, 751, 1651, 3480, 3372, 3301, 3512, 2956, 1291, 1856, 1083, 3301, 3372, 2461, 2767, 3035, 637, 4120, 2551, 1173, 3613, 2913, 336, 2041, 2296, 961, 601, 1623, 3763, 451, 2251, 2551, 2085, 1678, 672, 2886, 3093, 2497, 1711, 4622, 3512, 3093, 1501, 3913, 3372, 1711, 2855, 2551, 1238, 1238, 1007, 3304, 3490, 1478, 2231, 2759, 2231, 2855, 2948, 2684, 3727, 751, 1617, 2569, 1651], [1846, 2913, 2705, 961, 2251, 3961, 2621, 1424, 3422, 4040, 475, 2705, 2655, 2886, 3541, 3277, 475, 2898, 2767, 850, 1343, 672, 4501, 2133, 3754, 1807, 1801, 1678, 1274, 1545, 3425, 4150, 1062, 2475, 2291, 4299, 3355, 213, 0, 1508, 2101, 1238, 3987, 542, 1508, 3613, 3566, 3454, 3706, 3155, 1343, 2041, 1062, 3454, 3566, 2497, 2978, 3208, 672, 4328, 2705, 1173, 3778, 3035, 151, 2149, 2420, 1007, 475, 1596, 3904, 619, 2461, 2705, 2291, 1856, 475, 3090, 3304, 2705, 1617, 4831, 3607, 3277, 1711, 4120, 3579, 1898, 3001, 2755, 1143, 1359, 1093, 3464, 3566, 1678, 2330, 2847, 2443, 3016, 3060, 2886, 3938, 913, 1711, 2738, 1846], [2712, 2847, 2475, 876, 3754, 4673, 4003, 619, 3208, 4885, 1093, 2886, 3760, 3332, 4501, 3843, 1093, 4296, 4225, 1173, 2803, 1856, 5436, 3222, 3961, 2334, 3304, 2625, 961, 2913, 4249, 5162, 1880, 3972, 1826, 5092, 4699, 1651, 1508, 0, 2461, 336, 4593, 1143, 1, 3654, 4249, 3691, 4361, 4513, 1384, 2767, 961, 3691, 4249, 1957, 4161, 3663, 2149, 5208, 4201, 1062, 4095, 3038, 1531, 3651, 2551, 1291, 1757, 950, 3987, 1711, 3500, 3038, 3607, 3315, 1478, 4413, 4496, 3663, 451, 5744, 3332, 3843, 2990, 4996, 4476, 2672, 3222, 3632, 542, 2867, 2590, 3760, 3155, 2625, 3825, 2621, 3557, 3372, 2990, 4225, 4953, 1813, 3208, 4212, 2712], [833, 961, 1007, 1678, 3079, 2231, 2621, 2886, 1501, 2497, 2296, 619, 1807, 876, 2231, 1384, 2296, 2898, 3090, 2767, 2956, 1531, 3090, 1424, 1658, 336, 2767, 961, 1501, 1910, 1880, 2898, 1062, 3613, 1210, 2672, 3060, 1957, 2101, 2461, 0, 2164, 2133, 2443, 2461, 1531, 1807, 1359, 1910, 2948, 1083, 619, 1545, 1359, 1807, 1351, 2256, 1210, 2475, 2831, 3332, 1416, 1711, 1007, 2251, 3304, 425, 1283, 2555, 1596, 1807, 1508, 1508, 619, 2149, 2443, 2555, 2767, 2551, 1508, 2122, 3372, 1711, 1384, 1711, 2625, 2149, 672, 901, 1384, 1957, 2625, 2621, 1384, 1807, 961, 3516, 1083, 1678, 950, 1083, 2659, 2705, 1210, 3038, 3165, 833], [2380, 2621, 2271, 542, 3464, 4361, 3678, 766, 3016, 4563, 876, 2621, 3425, 3038, 4171, 3541, 876, 3972, 3913, 1083, 2564, 1531, 5110, 2886, 3706, 2019, 3016, 2291, 672, 2590, 3927, 4831, 1545, 3712, 1651, 4775, 4369, 1359, 1238, 336, 2164, 0, 4291, 961, 336, 3422, 3938, 3428, 4054, 4185, 1083, 2443, 637, 3428, 3938, 1807, 3825, 3372, 1898, 4885, 3904, 751, 3825, 2803, 1283, 3385, 2286, 961, 1545, 751, 3751, 1384, 3165, 2755, 3277, 3005, 1291, 4081, 4161, 3332, 425, 5420, 3155, 3541, 2659, 4673, 4150, 2344, 2956, 3304, 213, 2590, 2330, 3490, 3005, 2291, 3566, 2420, 3222, 3090, 2767, 3895, 4622, 1478, 2948, 3904, 2380], [2148, 2149, 2551, 3787, 3857, 336, 2898, 4994, 2296, 809, 4296, 1832, 1856, 1274, 1173, 751, 4296, 3020, 3428, 4768, 4354, 3321, 1359, 2101, 1201, 2291, 3778, 2330, 3632, 3001, 809, 1478, 2956, 4476, 3122, 751, 2791, 3796, 3987, 4593, 2133, 4291, 0, 4433, 4593, 1658, 451, 1238, 301, 2831, 3211, 1951, 3663, 1238, 451, 3165, 2013, 961, 4120, 1062, 3846, 3541, 901, 1951, 4128, 4267, 2133, 3372, 4369, 3715, 1508, 3372, 1807, 1596, 2621, 3332, 4461, 2625, 2041, 1508, 4249, 1508, 2420, 751, 2701, 950, 961, 2090, 1545, 1351, 4081, 3901, 4062, 1093, 2738, 2330, 4443, 2484, 1974, 1291, 2090, 2684, 1416, 3093, 4212, 3566, 2148], [2318, 3155, 2886, 950, 2718, 4430, 3155, 913, 3629, 4536, 151, 3016, 3183, 3277, 4054, 3706, 151, 3428, 3277, 336, 1678, 1173, 5014, 2655, 4095, 2185, 2271, 2164, 1283, 2085, 3913, 4673, 1478, 2867, 2373, 4787, 3892, 751, 542, 1143, 2443, 961, 4433, 0, 1143, 3904, 4026, 3799, 4161, 3691, 1508, 2484, 1093, 3799, 4026, 2564, 3516, 3607, 1051, 4831, 3183, 1238, 4150, 3301, 475, 2555, 2705, 1201, 619, 1545, 4212, 1083, 2978, 3060, 2831, 2373, 336, 3629, 3843, 3211, 1384, 5342, 3799, 3706, 2251, 4622, 4081, 2349, 3332, 3246, 961, 1807, 1501, 3825, 3712, 2164, 2718, 3035, 2971, 3385, 3304, 3425, 4461, 1343, 2106, 3239, 2318], [2712, 2847, 2475, 876, 3754, 4673, 4003, 619, 3208, 4885, 1093, 2886, 3760, 3332, 4501, 3843, 1093, 4296, 4225, 1173, 2803, 1856, 5436, 3222, 3961, 2334, 3304, 2625, 961, 2913, 4249, 5162, 1880, 3972, 1826, 5092, 4699, 1651, 1508, 1, 2461, 336, 4593, 1143, 0, 3654, 4249, 3691, 4361, 4513, 1384, 2767, 961, 3691, 4249, 1957, 4161, 3663, 2149, 5208, 4201, 1062, 4095, 3038, 1531, 3651, 2551, 1291, 1757, 950, 3987, 1711, 3500, 3038, 3607, 3315, 1478, 4413, 4496, 3663, 451, 5744, 3332, 3843, 2990, 4996, 4476, 2672, 3222, 3632, 542, 2867, 2590, 3760, 3155, 2625, 3825, 2621, 3557, 3372, 2990, 4225, 4953, 1813, 3208, 4212, 2712], [2165, 809, 1210, 3035, 4413, 1951, 3715, 4185, 672, 2406, 3754, 913, 2672, 1062, 2515, 1283, 3754, 3938, 4244, 4212, 4461, 3060, 3001, 2555, 475, 1856, 4169, 2349, 2767, 3294, 2041, 3035, 2590, 4994, 1880, 2406, 3913, 3480, 3613, 3654, 1531, 3422, 1658, 3904, 3654, 0, 1678, 475, 1658, 3872, 2420, 1880, 2886, 475, 1678, 1832, 3038, 1007, 4003, 2701, 4573, 2738, 766, 619, 3763, 4709, 1201, 2705, 4076, 2705, 336, 3035, 2443, 1007, 3291, 3787, 4054, 3663, 3222, 2251, 3232, 3165, 766, 1283, 3038, 2555, 2330, 2013, 672, 2041, 3239, 4098, 4128, 619, 1093, 2349, 4915, 1083, 2655, 850, 672, 3632, 2913, 2738, 4496, 4351, 2165], [1722, 2002, 2373, 3422, 3422, 425, 2484, 4622, 2251, 766, 3892, 1617, 1424, 1007, 876, 475, 3892, 2625, 3020, 4361, 3904, 2898, 1384, 1651, 1283, 1922, 3332, 1898, 3291, 2551, 425, 1359, 2551, 4040, 2886, 876, 2443, 3372, 3566, 4249, 1807, 3938, 451, 4026, 4249, 1678, 0, 1210, 151, 2461, 2867, 1545, 3304, 1210, 1, 2956, 1623, 766, 3678, 1093, 3428, 3190, 1007, 1826, 3706, 3825, 1880, 3001, 3938, 3402, 1617, 2956, 1359, 1343, 2185, 2886, 4040, 2251, 1698, 1062, 3927, 1617, 2406, 475, 2251, 913, 672, 1678, 1384, 901, 3727, 3451, 3613, 1062, 2701, 1898, 4003, 2330, 1531, 1093, 1974, 2291, 1238, 2684, 3763, 3155, 1722], [1848, 961, 1384, 2990, 4040, 1508, 3291, 4180, 1062, 1951, 3651, 809, 2231, 672, 2041, 809, 3651, 3503, 3825, 4120, 4185, 2855, 2555, 2164, 301, 1651, 3825, 2041, 2759, 2956, 1567, 2569, 2401, 4634, 2019, 1974, 3454, 3301, 3454, 3691, 1359, 3428, 1238, 3799, 3691, 475, 1210, 0, 1201, 3422, 2373, 1567, 2847, 1, 1210, 2019, 2582, 542, 3778, 2256, 4171, 2705, 425, 751, 3604, 4361, 1143, 2621, 3901, 2755, 542, 2851, 2019, 751, 2882, 3425, 3913, 3211, 2755, 1807, 3294, 2738, 1201, 809, 2684, 2101, 1856, 1711, 475, 1596, 3232, 3796, 3857, 151, 1508, 2041, 4563, 1291, 2231, 475, 876, 3190, 2443, 2551, 4180, 3938, 1848], [1863, 2041, 2424, 3541, 3566, 336, 2621, 4744, 2256, 751, 4026, 1678, 1567, 1083, 961, 542, 4026, 2755, 3155, 4496, 4054, 3038, 1359, 1801, 1238, 2041, 3480, 2041, 3402, 2701, 542, 1384, 2684, 4185, 2959, 809, 2555, 3512, 3706, 4361, 1910, 4054, 301, 4161, 4361, 1658, 151, 1201, 0, 2582, 2978, 1678, 3422, 1201, 151, 3020, 1750, 809, 3825, 1062, 3566, 3304, 950, 1856, 3846, 3972, 1957, 3122, 4081, 3503, 1567, 3093, 1508, 1416, 2330, 3035, 4180, 2373, 1807, 1210, 4032, 1567, 2401, 542, 2401, 901, 751, 1813, 1424, 1051, 3843, 3601, 3763, 1051, 2705, 2041, 4150, 2373, 1678, 1143, 2002, 2420, 1283, 2819, 3913, 3291, 1863], [2152, 3763, 3938, 3678, 1478, 2551, 542, 4570, 4228, 2231, 3626, 3291, 1210, 2831, 1678, 2655, 3626, 336, 766, 3964, 2555, 2659, 2256, 1531, 3613, 2738, 1711, 2106, 3778, 1617, 2041, 1807, 2718, 2002, 4095, 2515, 213, 2956, 3155, 4513, 2948, 4185, 2831, 3691, 4513, 3872, 2461, 3422, 2582, 0, 3454, 2330, 3651, 3422, 2461, 4267, 850, 2882, 2791, 2296, 1210, 3629, 3395, 3691, 3222, 1951, 3321, 3332, 3246, 4062, 3938, 2803, 1478, 3020, 913, 1384, 3500, 213, 809, 1623, 4415, 2551, 4430, 2655, 1531, 2185, 1880, 2296, 3294, 1832, 4003, 2122, 2443, 3304, 4632, 2106, 2041, 3987, 1283, 3038, 3825, 301, 1678, 2738, 2164, 913, 2152], [1418, 1651, 1384, 619, 3093, 3291, 3005, 1813, 2122, 3516, 1359, 1567, 2515, 1957, 3165, 2461, 1359, 3304, 3355, 1801, 2547, 1083, 4081, 2002, 2659, 961, 2684, 1384, 425, 2002, 2882, 3834, 766, 3500, 961, 3715, 3613, 1291, 1343, 1384, 1083, 1083, 3211, 1508, 1384, 2420, 2867, 2373, 2978, 3454, 0, 1416, 475, 2373, 2867, 1173, 2948, 2291, 1922, 3843, 3464, 336, 2759, 1807, 1478, 3165, 1238, 336, 1813, 619, 2738, 961, 2231, 1678, 2551, 2515, 1711, 3315, 3277, 2349, 1083, 4382, 2296, 2461, 1957, 3632, 3122, 1343, 1898, 2291, 876, 2373, 2231, 2424, 2231, 1384, 3372, 1531, 2330, 2013, 1801, 3155, 3629, 809, 2791, 3385, 1418], [285, 1501, 1617, 1910, 2555, 1957, 2013, 3093, 2019, 2122, 2349, 1062, 1201, 913, 1750, 1238, 2349, 2286, 2497, 2819, 2621, 1384, 2672, 809, 1856, 475, 2291, 475, 1832, 1416, 1486, 2420, 1007, 3122, 1801, 2344, 2443, 1856, 2041, 2767, 619, 2443, 1951, 2484, 2767, 1880, 1545, 1567, 1678, 2330, 1416, 0, 1807, 1567, 1545, 1957, 1651, 1201, 2251, 2443, 2767, 1711, 1807, 1486, 2185, 2831, 1007, 1486, 2443, 2013, 2090, 1424, 901, 876, 1545, 1922, 2515, 2149, 1957, 950, 2497, 2978, 2231, 1238, 1173, 2231, 1711, 151, 1210, 876, 2231, 2231, 2296, 1531, 2373, 475, 3038, 1678, 1062, 1093, 1596, 2041, 2216, 1143, 2621, 2582, 285], [1755, 2106, 1807, 151, 3093, 3727, 3165, 1343, 2555, 3927, 950, 2041, 2819, 2420, 3541, 2913, 950, 3464, 3454, 1359, 2373, 1062, 4476, 2286, 3133, 1384, 2659, 1678, 213, 2101, 3291, 4204, 950, 3428, 1283, 4139, 3825, 1083, 1062, 961, 1545, 637, 3663, 1093, 961, 2886, 3304, 2847, 3422, 3651, 475, 1807, 0, 2847, 3304, 1478, 3232, 2755, 1711, 4249, 3503, 151, 3232, 2271, 1173, 3093, 1711, 336, 1501, 542, 3208, 913, 2551, 2149, 2738, 2569, 1343, 3532, 3566, 2705, 766, 4785, 2718, 2913, 2122, 4037, 3516, 1711, 2373, 2672, 425, 2286, 2085, 2898, 2621, 1678, 3291, 1957, 2621, 2484, 2256, 3355, 3995, 913, 2684, 3464, 1755], [1848, 961, 1384, 2990, 4040, 1508, 3291, 4180, 1062, 1951, 3651, 809, 2231, 672, 2041, 809, 3651, 3503, 3825, 4120, 4185, 2855, 2555, 2164, 301, 1651, 3825, 2041, 2759, 2956, 1567, 2569, 2401, 4634, 2019, 1974, 3454, 3301, 3454, 3691, 1359, 3428, 1238, 3799, 3691, 475, 1210, 1, 1201, 3422, 2373, 1567, 2847, 0, 1210, 2019, 2582, 542, 3778, 2256, 4171, 2705, 425, 751, 3604, 4361, 1143, 2621, 3901, 2755, 542, 2851, 2019, 751, 2882, 3425, 3913, 3211, 2755, 1807, 3294, 2738, 1201, 809, 2684, 2101, 1856, 1711, 475, 1596, 3232, 3796, 3857, 151, 1508, 2041, 4563, 1291, 2231, 475, 876, 3190, 2443, 2551, 4180, 3938, 1848], [1722, 2002, 2373, 3422, 3422, 425, 2484, 4622, 2251, 766, 3892, 1617, 1424, 1007, 876, 475, 3892, 2625, 3020, 4361, 3904, 2898, 1384, 1651, 1283, 1922, 3332, 1898, 3291, 2551, 425, 1359, 2551, 4040, 2886, 876, 2443, 3372, 3566, 4249, 1807, 3938, 451, 4026, 4249, 1678, 1, 1210, 151, 2461, 2867, 1545, 3304, 1210, 0, 2956, 1623, 766, 3678, 1093, 3428, 3190, 1007, 1826, 3706, 3825, 1880, 3001, 3938, 3402, 1617, 2956, 1359, 1343, 2185, 2886, 4040, 2251, 1698, 1062, 3927, 1617, 2406, 475, 2251, 913, 672, 1678, 1384, 901, 3727, 3451, 3613, 1062, 2701, 1898, 4003, 2330, 1531, 1093, 1974, 2291, 1238, 2684, 3763, 3155, 1722], [2117, 1062, 637, 1617, 4169, 3355, 3895, 2551, 1283, 3706, 2424, 1343, 3155, 1951, 3532, 2484, 2424, 4185, 4320, 2803, 3715, 2231, 4320, 2738, 2231, 1531, 3787, 2185, 1283, 3020, 3133, 4185, 1832, 4622, 213, 3825, 4392, 2461, 2497, 1957, 1351, 1807, 3165, 2564, 1957, 1832, 2956, 2019, 3020, 4267, 1173, 1957, 1478, 2019, 2956, 0, 3604, 2216, 3093, 4040, 4496, 1343, 2443, 1274, 2625, 4291, 1093, 1501, 2959, 1062, 2164, 2122, 2855, 1617, 3422, 3557, 2819, 4095, 3901, 2855, 1508, 4570, 1384, 2484, 2898, 3846, 3422, 1974, 1623, 2718, 1678, 3516, 3395, 2133, 1201, 2185, 4501, 751, 3016, 1880, 1173, 3972, 4003, 1922, 3938, 4374, 2117], [1545, 2990, 3208, 3291, 1951, 1757, 913, 4328, 3428, 1508, 3422, 2515, 451, 2013, 913, 1807, 3422, 1007, 1424, 3825, 2759, 2373, 1711, 950, 2767, 2106, 2002, 1567, 3321, 1501, 1210, 1283, 2286, 2555, 3451, 1807, 876, 2767, 2978, 4161, 2256, 3825, 2013, 3516, 4161, 3038, 1623, 2582, 1750, 850, 2948, 1651, 3232, 2582