{'nodes': [(0, 0, 0, 0, 48000, 0, False), (1, -11.187475633615826, 10.309191832262478, 13969, 20696, 50, True), (2, 10.377123318660454, 4.1053911366209475, 39214, 47250, 20, True), (3, -2.3909093826185766, 4.014763129824967, 18736, 24704, 10, True), (4, 10.72775373806612, -5.201843583587622, 33000, 37323, 20, True), (5, 2.1048586388227664, 1.9847170888003873, 5023, 11410, 20, False), (6, -5.5730266881525115, -2.52906616749854, 34177, 38952, 10, True), (7, -17.443589938917704, -11.700556241405852, 33352, 36073, 20, True), (8, -4.781928277004371, 4.156846475716522, 29657, 37822, 40, True), (9, 24.52808289938923, -6.3414968249791555, 28013, 32164, 50, True), (10, -4.374760177751977, -0.8841746163516199, 29784, 34092, 10, True), (11, 6.873594494750423, -13.976861443327095, 38870, 44833, 10, True), (12, -12.73439006527996, 3.32959043134731, 29107, 32571, 40, True), (13, -0.05948228857379607, -2.130429445320498, 39906, 45457, 10, True), (14, 5.017040150819794, -8.59526943975923, 18852, 26263, 20, True), (15, -15.189964162164957, 6.71407524044549, 12087, 15912, 30, True), (16, 0.4642330537737669, -4.707486087582404, 344, 7905, 40, True), (17, 8.731204784956166, -2.9766208644822747, 35462, 43498, 20, True), (18, 3.7108304348975616, -0.012870421586344265, 37723, 41359, 50, True), (19, -1.4109891915366801, -5.659387740997326, 32767, 39424, 10, True), (20, 9.650145671661443, -1.3627442545522401, 6704, 10790, 40, True), (21, -0.7015936806904326, 6.296991479828629, 16778, 22055, 40, True), (22, -3.5263060605367054, -4.603238816843759, 8700, 14947, 20, True), (23, 10.329769203555484, 7.2145177443716575, 38913, 42792, 40, True), (24, 0.7897391342475728, 2.63717958161645, 6375, 13269, 50, True), (25, -0.6166006078989253, -1.6968301494444995, 21421, 27728, 40, True), (26, -10.142895917046932, 8.6053337166329, 1505, 6718, 20, True), (27, -0.8890956485329059, -3.2658156475226723, 2744, 10887, 10, True), (28, -7.870780041215247, 0.16675318341821121, 4116, 8394, 40, False), (29, 1.850057424013439, -2.0436182059914385, 2046, 7360, 40, True), (30, 18.062481368569717, -4.163868112154843, 7962, 13353, 30, True), (31, 3.862098263317778, 15.861151343643549, 22494, 28141, 10, True), (32, -9.282713173041326, 5.127183796936788, 12935, 18394, 40, True), (33, 3.183893067451948, 2.994640497706423, 32104, 40995, 50, True), (34, -5.351081090807398, 11.155831173520017, 8624, 16279, 40, True), (35, -0.5091337757637405, -0.24040712862678368, 45048, 48000, 50, False), (36, 8.762157794274605, 2.3173347522512935, 25090, 28928, 40, True), (37, -0.06605537020656015, -0.021063078354513643, 0, 2416, 50, True), (38, -0.5764378229559229, 4.547909651854711, 38118, 44688, 20, True), (39, 11.769259700618445, -11.662706794657762, 26419, 29752, 10, True), (40, 0.3287794584372518, 0.3163194862615542, 0, 6084, 50, True), (41, 3.3939490320994863, 8.435799223945544, 2639, 10681, 40, True), (42, -9.821094227070672, 4.782780168946858, 29700, 33942, 50, True), (43, 5.60210669049107, -8.26764385310638, 32319, 35089, 20, True), (44, -3.732823409695448, -5.3760904742250615, 13926, 16878, 20, True), (45, 5.831472198719666, -1.6991638475480997, 15579, 23406, 40, True), (46, -1.8205869793393705, 0.843247293966065, 43744, 47656, 40, True), (47, -1.5543087313989112, 5.393608008391127, 27579, 32202, 50, True), (48, 1.4261098605450027, 0.49548950548205456, 32672, 36234, 50, True), (49, 1.6705038567511488, 0.033287892196924546, 934, 5842, 50, True), (50, 3.181611935405916, 7.820426874673254, 18787, 27708, 50, False), (51, -5.934857829591026, -3.699579775945752, 32243, 38281, 20, True), (52, 0.005580889968645245, -7.9949298357746414, 225, 8844, 20, True), (53, -3.9599568165385812, -0.5751914127452428, 20257, 27535, 20, True), (54, -0.05348353188409039, -4.285510481741762, 22305, 27988, 20, True), (55, -6.01126537603267, -1.143806832481331, 14786, 17848, 50, True), (56, -0.17666327119624353, -0.1625854582139356, 1152, 3529, 50, True), (57, 7.946187177526002, 11.363586819147342, 20097, 26722, 40, True), (58, -0.188863264321438, 0.20693027598034716, 6945, 14483, 20, True), (59, 10.039508816376886, -0.275236353370418, 38033, 46708, 10, False), (60, -8.669034856218346, 1.9878931036941068, 35752, 42705, 50, True), (61, 6.0316707747378295, 6.075087805178239, 14477, 17867, 30, True), (62, -8.699503846927927, -8.912206856843358, 26434, 31813, 40, True), (63, 0.6424726479761099, -1.6603543570127837, 23997, 28632, 10, True), (64, 6.267221216077433, -7.834220222455259, 37147, 45984, 50, True), (65, -1.9265540304142823, 1.9646870379097214, 11357, 15736, 20, True), (66, 22.739933078878767, 9.946197367792813, 29544, 37518, 10, False), (67, -18.977982950040264, 6.946096654637238, 31792, 35549, 40, True), (68, -8.497658549031538, 5.578549943983797, 13012, 19575, 30, True), (69, 2.1742586825768857, -1.8738301647441569, 42934, 45607, 10, False), (70, 0.42598371866525003, 2.491706961351407, 11223, 17587, 20, True), (71, -5.137968075677187, -2.3299709845524927, 11581, 16318, 10, True), (72, -1.5936677913606907, 3.9035972104553656, 32777, 37780, 40, False), (73, 1.287330121007941, -7.490109211216602, 20252, 28821, 10, True), (74, 13.972917447353714, 8.167461571268708, 11287, 21563, 10, True), (75, -0.5482783060828497, -6.794068916589767, 13757, 19818, 50, True), (76, 14.813986141265673, 9.020488222942506, 5066, 13305, 20, True), (77, -13.007138727135729, 5.300686977064335, 5952, 10300, 50, True), (78, -1.9885806000251023, -11.17855710189303, 4214, 11099, 20, True), (79, -5.263072210632331, 6.905835912361276, 37143, 42341, 20, True), (80, 0.8254164633227292, -0.5595843381750746, 0, 3516, 30, False), (81, 8.700445327227042, 0.733874082878215, 17128, 22157, 20, True), (82, -7.47327941376403, -8.420180856721638, 6792, 10686, 40, True), (83, 1.342369952584526, 1.3091875742601844, 41054, 48000, 10, True), (84, -1.2134451252967582, -2.0273440997374044, 22245, 30384, 10, True), (85, -4.266825026741872, -3.749308176993298, 9252, 16580, 40, False), (86, 0.6927116943696024, -0.6652146379051783, 38401, 42815, 30, True), (87, 11.96969933983158, -8.388625229830625, 22611, 31801, 20, True), (88, 5.731740428634235, -3.3644219541725398, 26117, 33613, 20, True), (89, 1.7195747741873209, 14.715442764626145, 37504, 42445, 30, True), (90, 1.6907738481110213, 0.389423047161469, 33758, 42713, 40, True), (91, -3.9308466200339036, 9.035572526873763, 28205, 32330, 40, True), (92, -3.761409544566287, -0.5115564958652637, 19197, 25158, 30, True), (93, -3.4856470676049556, -3.0487984829287695, 37317, 43432, 50, True), (94, 1.9241851031897257, 3.4289504234524792, 31449, 35546, 20, True), (95, -9.095481220060025, -9.091584299278567, 29558, 34462, 30, True), (96, 7.625744206710434, -6.090238694807309, 24652, 31873, 40, True), (97, -1.587742067708749e-05, -0.0002442436517195284, 30505, 35239, 20, True), (98, -2.8985334967652903, 0.9787893497779485, 38526, 45548, 50, True), (99, -9.165643359187065, -14.018598399265105, 14608, 21401, 30, True), (100, -0.31359930552496157, -0.02662213842178897, 28564, 35031, 10, True), (101, -4.064004983912177, 1.3050631991878667, 19111, 24545, 20, True), (102, 1.8656854656138306, 11.604865706726498, 36733, 43144, 20, True), (103, -5.952199136788294, -17.82689546315031, 15900, 19842, 30, True), (104, 3.9419423803796776, 6.112201362994559, 1486, 3300, 20, True), (105, 3.680324261648432, 6.606706301399776, 17362, 23022, 30, True), (106, 0, 0, 0, 48000, 0, False)], 'F': 20.0, 'ct': 0.083, 'cd': 0.021, 'truck_cap': 100, 'drone_cap': 20, 'truck_speed': 40, 'drone_speed': 40, 'a': 1, 'b': 2, 'max_flight_time': 30, 'ttt': [[0, 4565, 3349, 1403, 3578, 869, 1837, 6302, 1902, 7601, 1340, 4674, 3950, 640, 2987, 4983, 1420, 2768, 1114, 1751, 2925, 1902, 1741, 3781, 827, 543, 3991, 1016, 2363, 828, 5562, 4898, 3182, 1312, 3713, 170, 2720, 22, 1376, 4972, 138, 2729, 3278, 2997, 1964, 1823, 603, 1685, 454, 502, 2534, 2099, 2399, 1201, 1287, 1837, 73, 4161, 85, 3014, 2669, 2569, 3737, 535, 3011, 826, 7447, 6064, 3051, 862, 759, 1693, 1266, 2281, 4856, 2046, 5204, 4215, 3407, 2606, 300, 2620, 3378, 564, 710, 1705, 289, 4386, 1995, 4446, 522, 2957, 1140, 1390, 1181, 3859, 2929, 1, 919, 5026, 95, 1282, 3527, 5639, 2183, 2270, 1], [4565, 0, 6733, 3246, 8056, 4706, 4205, 6865, 2665, 11823, 3932, 9081, 2146, 5008, 7471, 1615, 5703, 7184, 5438, 5618, 7166, 3369, 5031, 6523, 4268, 4800, 601, 5113, 3202, 5389, 9791, 4813, 1657, 4839, 1770, 4504, 6448, 4555, 3623, 9534, 4575, 4411, 1709, 7513, 5211, 6250, 3996, 3245, 4795, 4939, 4376, 4489, 6438, 3921, 5508, 3772, 4560, 5750, 4481, 7117, 2609, 5321, 5816, 5050, 7554, 3741, 10180, 2547, 1634, 5426, 4201, 4205, 3462, 6522, 7576, 6044, 7811, 1600, 7013, 2051, 4861, 6623, 5729, 4629, 4760, 4702, 4853, 8930, 6527, 4093, 4878, 2211, 3938, 4627, 4443, 5855, 7488, 4565, 3745, 7324, 4502, 3445, 3936, 8587, 4711, 4598, 4565], [3349, 6733, 0, 3832, 2795, 2563, 5183, 9600, 4549, 5278, 4673, 5527, 6938, 3648, 4137, 7711, 3980, 2182, 2352, 4593, 1656, 3389, 4923, 934, 2911, 3730, 6303, 4040, 5601, 3155, 3388, 4033, 5907, 2185, 5172, 3517, 724, 3370, 3290, 4750, 3223, 2466, 6064, 3980, 5101, 2213, 3789, 3601, 2896, 2885, 2430, 5426, 4782, 4526, 4017, 5164, 3416, 2297, 3380, 1319, 5750, 1432, 6929, 3395, 3789, 3748, 4103, 8849, 5681, 3046, 3025, 5040, 3593, 4421, 1628, 4631, 1987, 7025, 5899, 4768, 3190, 1131, 6543, 2838, 3935, 4986, 3240, 3780, 2640, 4109, 2835, 4541, 4463, 4681, 2545, 7058, 3169, 3349, 4093, 7997, 3439, 4414, 3404, 8204, 2023, 2146, 3349], [1403, 3246, 3832, 0, 4811, 1481, 2184, 6529, 720, 8654, 1587, 6072, 3111, 1973, 4389, 3925, 2754, 3942, 2194, 2918, 3957, 853, 2609, 3936, 1041, 1795, 2704, 2231, 2010, 2220, 6609, 4020, 2095, 1701, 2320, 1397, 3385, 1398, 568, 6339, 1378, 2185, 2242, 4397, 2847, 3005, 968, 485, 1559, 1707, 2025, 2548, 3675, 1456, 2588, 1892, 1419, 3806, 1321, 3946, 1980, 2602, 4316, 1931, 4404, 632, 7747, 5054, 1892, 2236, 962, 2075, 242, 3625, 5066, 3290, 5376, 3209, 4561, 1224, 1679, 3471, 4031, 1384, 1848, 2397, 1682, 5694, 3293, 3440, 1639, 1576, 1420, 2145, 1307, 4418, 4269, 1403, 924, 5780, 1364, 956, 2612, 6640, 2002, 1981, 1403], [3578, 8056, 2795, 4811, 0, 3369, 4957, 8674, 5435, 4155, 4713, 2876, 7491, 3366, 1994, 8559, 3084, 898, 2619, 3645, 1197, 4865, 4281, 3728, 3798, 3563, 7508, 3534, 5808, 2828, 2223, 6647, 6757, 3343, 6882, 3686, 2333, 3593, 4479, 1964, 3533, 4646, 6855, 1793, 4339, 1807, 4180, 4867, 3273, 3139, 4516, 5020, 3325, 4621, 3247, 5168, 3605, 5040, 3656, 1493, 6207, 3666, 5935, 3208, 1555, 4364, 5801, 9629, 6613, 2754, 3858, 4838, 4597, 2915, 4128, 3417, 4440, 7787, 4216, 6018, 3282, 1883, 5546, 3428, 3708, 4520, 3305, 1027, 1598, 6559, 3189, 6131, 4570, 4314, 3700, 6061, 969, 3578, 4490, 6529, 3659, 4849, 5701, 6277, 3959, 4126, 3578], [869, 4706, 2563, 1481, 3369, 0, 2673, 7160, 2167, 7177, 2127, 4999, 4471, 1396, 3293, 5380, 2068, 2484, 770, 2525, 2477, 1545, 2601, 2925, 441, 1374, 4178, 1814, 3043, 1212, 5131, 4197, 3545, 444, 3547, 1031, 2001, 888, 1114, 5018, 732, 1975, 3676, 3251, 2819, 1573, 1227, 1501, 492, 601, 1781, 2955, 3060, 1976, 1990, 2610, 941, 3316, 872, 2476, 3233, 1702, 4605, 1179, 3200, 1210, 6636, 6499, 3360, 1159, 527, 2530, 1251, 2854, 4016, 2752, 4359, 4642, 4137, 2659, 855, 2015, 4244, 307, 1563, 2573, 902, 4296, 1940, 3822, 495, 2785, 1914, 2258, 438, 4727, 2936, 869, 1532, 5873, 945, 1863, 2888, 6417, 1356, 1466, 869], [1837, 4205, 5183, 2184, 4957, 2673, 0, 4501, 2021, 9103, 612, 5074, 2777, 1659, 3662, 4003, 1926, 4294, 2887, 1563, 4581, 3025, 875, 5596, 2460, 1509, 3612, 1423, 1064, 2233, 7109, 6202, 2553, 3107, 4107, 1668, 4541, 1816, 2600, 5881, 1967, 4250, 2538, 3770, 1018, 3431, 1515, 2666, 2288, 2306, 4068, 369, 2344, 761, 1739, 437, 1769, 5816, 1813, 4733, 1644, 4335, 2133, 1884, 3893, 1737, 9283, 4926, 2587, 2333, 2348, 145, 2270, 2541, 6685, 1978, 7030, 3240, 2810, 2833, 2009, 4394, 1858, 2374, 1318, 537, 1962, 5550, 3402, 5618, 2349, 3505, 814, 646, 2874, 2235, 4102, 1837, 1324, 3612, 1748, 1237, 4793, 4592, 3857, 3902, 1837], [6302, 6865, 9600, 6529, 8674, 7160, 4501, 0, 6089, 12695, 5090, 7328, 4726, 5954, 6803, 5567, 5768, 8278, 7252, 5141, 8701, 7375, 4688, 10082, 6960, 5874, 6475, 5575, 4575, 6474, 10890, 10452, 5612, 7599, 7758, 6135, 8917, 6282, 7027, 8765, 6437, 8694, 5449, 6991, 4531, 7601, 6012, 7003, 6741, 6730, 8521, 4206, 5352, 5245, 5672, 4669, 6231, 10291, 6290, 8930, 4879, 8835, 2754, 6207, 7208, 6204, 13694, 5614, 5838, 6583, 6847, 4641, 6674, 5760, 11153, 5279, 11503, 5272, 4640, 6673, 6420, 8686, 3150, 6856, 5669, 4618, 6370, 8881, 7390, 9791, 6791, 7426, 5303, 4928, 7374, 2625, 7708, 6302, 5790, 2580, 6220, 5599, 9081, 3908, 8351, 8387, 6302], [1902, 2665, 4549, 720, 5435, 2167, 2021, 6089, 0, 9341, 1518, 6468, 2400, 2360, 4826, 3216, 3091, 4585, 2839, 3115, 4636, 1383, 2656, 4626, 1734, 2156, 2091, 2515, 1515, 2725, 7295, 4366, 1382, 2416, 2108, 1840, 4102, 1891, 1268, 6870, 1919, 2769, 1524, 4859, 2878, 3638, 1334, 1038, 2163, 2298, 2631, 2383, 3919, 1442, 2904, 1633, 1895, 4389, 1818, 4642, 1336, 3296, 4094, 2387, 4893, 1081, 8438, 4341, 1195, 2763, 1641, 1950, 960, 3941, 5755, 3523, 6058, 2492, 4677, 838, 2199, 4174, 3860, 2027, 2143, 2378, 2190, 6280, 3879, 3721, 2248, 1487, 1435, 2197, 2025, 4181, 4829, 1902, 1109, 5610, 1837, 883, 2996, 6605, 2683, 2644, 1902], [7601, 11823, 5278, 8654, 4155, 7177, 9103, 12695, 9341, 0, 8825, 5771, 11550, 7485, 5893, 12544, 7237, 4846, 6528, 7785, 4708, 8466, 8433, 5890, 7615, 7672, 11328, 7682, 9915, 6926, 2048, 9101, 10712, 6990, 10389, 7732, 5397, 7619, 8210, 4148, 7531, 7737, 10833, 5708, 8484, 5780, 8194, 8581, 7229, 7120, 7686, 9174, 7374, 8721, 7401, 9295, 7641, 7278, 7672, 4713, 10269, 6684, 9999, 7303, 5498, 8319, 4917, 13648, 10534, 6840, 7702, 8982, 8419, 6982, 5384, 7525, 5454, 11791, 8087, 9782, 7320, 5202, 9622, 7326, 7831, 8674, 7352, 3818, 5710, 9314, 7144, 9705, 8666, 8463, 7389, 10122, 5072, 7601, 8517, 10368, 7691, 8880, 8673, 9773, 7219, 7363, 7601], [1340, 3932, 4673, 1587, 4713, 2127, 612, 5090, 1518, 8825, 0, 5179, 2809, 1348, 3647, 3966, 1851, 3983, 2441, 1687, 4211, 2421, 1145, 5037, 1876, 1155, 3333, 1267, 1096, 1901, 6804, 5599, 2329, 2550, 3625, 1177, 4057, 1319, 1989, 5824, 1457, 3641, 2359, 3725, 1362, 3073, 926, 2066, 1790, 1835, 3459, 967, 2506, 156, 1651, 498, 1279, 5213, 1299, 4329, 1551, 3757, 2737, 1524, 3814, 1128, 8760, 4972, 2301, 1988, 1762, 491, 1662, 2611, 6139, 2113, 6479, 3187, 3171, 2353, 1564, 3953, 2445, 1838, 1009, 861, 1523, 5396, 3123, 5025, 1860, 2980, 216, 703, 2291, 2841, 3925, 1340, 714, 4195, 1246, 664, 4189, 5106, 3261, 3301, 1340], [4674, 9081, 5527, 6072, 2876, 4999, 5074, 7328, 6468, 5771, 5179, 0, 7847, 4119, 1709, 9075, 3382, 3348, 4296, 3523, 3876, 6494, 4201, 6442, 5309, 4316, 8484, 3969, 6130, 3885, 4466, 8998, 7507, 5211, 8385, 4679, 4922, 4677, 5991, 1626, 4717, 6805, 7535, 1756, 4098, 3698, 5156, 6338, 4640, 4485, 6633, 4928, 2733, 5171, 3575, 5457, 4654, 7610, 4754, 4220, 6685, 6022, 4914, 4142, 1853, 5464, 8613, 9978, 7463, 3896, 5307, 5020, 5936, 2569, 6977, 3100, 7300, 8309, 2789, 7247, 4416, 4448, 4617, 4878, 4330, 4538, 4404, 2270, 3203, 8746, 4583, 7628, 5149, 4518, 5430, 5011, 2378, 4674, 5361, 4813, 4709, 5639, 7821, 4018, 6092, 6250, 4674], [3950, 2146, 6938, 3111, 7491, 4471, 2777, 4726, 2400, 11550, 2809, 7847, 0, 4141, 6416, 1255, 4637, 6713, 5035, 4338, 6862, 3719, 3647, 7018, 4064, 3937, 1764, 4068, 1741, 4664, 9510, 6240, 1169, 4778, 3229, 3822, 6457, 3932, 3667, 8619, 4023, 5076, 978, 6510, 3758, 5771, 3359, 3412, 4333, 4434, 4962, 2935, 5115, 2882, 4439, 2424, 3911, 6657, 3879, 6918, 1285, 5691, 3868, 4284, 6613, 3269, 10827, 2166, 1440, 4738, 3957, 2843, 3348, 5314, 8144, 4754, 8440, 598, 5417, 2486, 4233, 6478, 3863, 4267, 3813, 3312, 4204, 8204, 5894, 5521, 4418, 3148, 2929, 3371, 4399, 3884, 6731, 3950, 3035, 5314, 3861, 2672, 5036, 6666, 5073, 5023, 3950], [640, 5008, 3648, 1973, 3366, 1396, 1659, 5954, 2360, 7485, 1348, 4119, 4141, 0, 2467, 5259, 790, 2650, 1298, 1135, 2923, 2537, 1279, 4193, 1454, 213, 4420, 423, 2444, 574, 5472, 5525, 3522, 1821, 4291, 584, 2965, 634, 2010, 4558, 744, 3336, 3590, 2506, 1472, 1773, 1038, 2302, 906, 832, 3141, 1825, 1760, 1261, 648, 1811, 592, 4708, 703, 3081, 2864, 3067, 3296, 254, 2556, 1351, 7741, 6296, 3430, 676, 1395, 1526, 1869, 1659, 5223, 1408, 5578, 4480, 2776, 3129, 542, 2766, 2918, 1115, 349, 1353, 495, 4069, 1777, 5083, 921, 3546, 1213, 1065, 1772, 3423, 2595, 640, 1264, 4494, 637, 1584, 4162, 5031, 2750, 2852, 640], [2987, 7471, 4137, 4389, 1994, 3293, 3662, 6803, 4826, 5893, 3647, 1709, 6416, 2467, 0, 7606, 1797, 2022, 2605, 2121, 2578, 4787, 2830, 5005, 3601, 2673, 6879, 2388, 4676, 2184, 4134, 7346, 5947, 3521, 6693, 3006, 3462, 2991, 4286, 2226, 3022, 5133, 5995, 202, 2798, 2084, 3497, 4638, 2933, 2777, 4956, 3600, 1515, 3612, 1997, 3994, 2972, 6053, 3069, 2917, 5191, 4413, 4117, 2461, 440, 3792, 7696, 8578, 5876, 2190, 3601, 3581, 4243, 1168, 5703, 1756, 6048, 6829, 2241, 5581, 2720, 3010, 3748, 3170, 2717, 3143, 2711, 2088, 1585, 7064, 2875, 5932, 3581, 3047, 3726, 4237, 1086, 2987, 3728, 4556, 3028, 4031, 6134, 4302, 4425, 4579, 2987], [4983, 1615, 7711, 3925, 8559, 5380, 4003, 5567, 3216, 12544, 3966, 9075, 1255, 5259, 7606, 0, 5814, 7744, 6020, 5557, 7837, 4349, 4877, 7658, 4948, 5049, 1618, 5233, 2947, 5749, 10497, 6341, 1836, 5625, 3240, 4874, 7307, 4968, 4433, 9789, 5037, 5600, 1713, 7689, 4998, 6794, 4381, 4111, 5323, 5442, 5522, 4181, 6346, 4017, 5614, 3626, 4955, 7081, 4906, 7855, 2417, 6370, 5077, 5374, 7778, 4227, 11421, 1140, 2037, 5813, 4854, 4058, 4166, 6527, 8761, 5977, 9029, 781, 6672, 2980, 5278, 7389, 5097, 5219, 4947, 4539, 5255, 9324, 6968, 5613, 5409, 3450, 4057, 4573, 5229, 5083, 7850, 4983, 4070, 6478, 4901, 3712, 5324, 7868, 5743, 5662, 4983], [1420, 5703, 3980, 2754, 3084, 2068, 1926, 5768, 3091, 7237, 1851, 3382, 4637, 790, 1797, 5814, 0, 2535, 1713, 632, 2934, 3321, 1199, 4643, 2207, 961, 5108, 594, 2898, 902, 5283, 6255, 4155, 2451, 5070, 1373, 3263, 1416, 2795, 3983, 1509, 4041, 4199, 1876, 1276, 1847, 1802, 3091, 1588, 1469, 3847, 1944, 997, 1817, 201, 2218, 1378, 5319, 1488, 3166, 3398, 3642, 3026, 917, 1979, 2127, 8000, 6801, 4094, 994, 2161, 1827, 2657, 872, 5599, 697, 5959, 5036, 2077, 3886, 1250, 2962, 2630, 1825, 950, 1449, 1216, 3625, 1632, 5840, 1574, 4330, 1787, 1286, 2481, 3156, 2189, 1420, 1983, 4020, 1425, 2259, 4913, 4382, 3410, 3530, 1420], [2768, 7184, 2182, 3942, 898, 2484, 4294, 8278, 4585, 4846, 3983, 3348, 6713, 2650, 2022, 7744, 2535, 0, 1750, 3148, 558, 3969, 3710, 3096, 2919, 2832, 6644, 2888, 5070, 2084, 2823, 5838, 5927, 2446, 5986, 2892, 1589, 2785, 3592, 2762, 2708, 3781, 6034, 1845, 3809, 952, 3368, 3979, 2427, 2304, 3643, 4406, 3021, 3876, 2665, 4458, 2804, 4310, 2842, 901, 5429, 2835, 5525, 2460, 1635, 3525, 5719, 8831, 5772, 1996, 2984, 4166, 3723, 2613, 3696, 3011, 4036, 6979, 4050, 5141, 2481, 1114, 5129, 2564, 2998, 3907, 2510, 1893, 908, 5710, 2342, 5237, 3821, 3666, 2805, 5655, 992, 2768, 3686, 6310, 2855, 4049, 4836, 6266, 3083, 3251, 2768], [1114, 5438, 2352, 2194, 2619, 770, 2887, 7252, 2839, 6528, 2441, 4296, 5035, 1298, 2605, 6020, 1713, 1750, 0, 2288, 1828, 2311, 2572, 2941, 1184, 1394, 4896, 1691, 3476, 827, 4483, 4763, 4193, 917, 4316, 1269, 1670, 1134, 1879, 4251, 1020, 2537, 4308, 2542, 2753, 814, 1680, 2265, 703, 613, 2356, 3099, 2641, 2308, 1709, 2937, 1168, 3643, 1173, 1901, 3763, 1956, 4582, 1046, 2470, 1793, 6444, 7121, 4029, 725, 1240, 2745, 1979, 2359, 3938, 2403, 4295, 5264, 3762, 3400, 882, 1515, 4199, 815, 1597, 2644, 927, 3530, 1175, 4460, 619, 3554, 2248, 2344, 1164, 4710, 2170, 1114, 2006, 5709, 1208, 2367, 3530, 6081, 1840, 1987, 1114], [1751, 5618, 4593, 2918, 3645, 2525, 1563, 5141, 3115, 7785, 1687, 3523, 4338, 1135, 2121, 5557, 632, 3148, 2288, 0, 3561, 3594, 710, 5228, 2576, 1213, 5019, 736, 2611, 1462, 5860, 6648, 4007, 2940, 5182, 1649, 3879, 1740, 3073, 4346, 1868, 4468, 4023, 2246, 703, 2477, 1956, 3317, 2034, 1943, 4273, 1480, 820, 1707, 580, 1935, 1691, 5829, 1799, 3797, 3164, 4170, 2395, 1350, 2395, 2293, 8627, 6488, 3987, 1565, 2508, 1500, 2870, 979, 6206, 429, 6565, 4788, 1666, 3944, 1672, 3590, 1999, 2249, 1092, 1032, 1627, 4098, 2252, 6185, 2040, 4474, 1699, 1001, 2905, 2526, 2715, 1751, 2042, 3422, 1723, 2237, 5273, 3897, 3880, 3985, 1751], [2925, 7166, 1656, 3957, 1197, 2477, 4581, 8701, 4636, 4708, 4211, 3876, 6862, 2923, 2578, 7837, 2934, 558, 1828, 3561, 0, 3864, 4072, 2582, 2917, 3083, 6649, 3214, 5277, 2350, 2661, 5452, 6005, 2340, 5863, 3067, 1137, 2944, 3545, 3156, 2842, 3489, 6126, 2402, 4193, 1151, 3505, 3926, 2530, 2431, 3371, 4729, 3512, 4091, 3041, 4700, 2971, 3853, 2990, 348, 5588, 2482, 5954, 2705, 2192, 3615, 5191, 8944, 5830, 2249, 3000, 4447, 3726, 3111, 3140, 3467, 3480, 7086, 4569, 5117, 2659, 692, 5557, 2619, 3266, 4237, 2696, 2221, 1321, 5379, 2446, 5132, 4033, 3974, 2728, 6084, 1544, 2925, 3831, 6804, 3017, 4192, 4538, 6806, 2823, 2988, 2925], [1902, 3369, 3389, 853, 4865, 1545, 3025, 7375, 1383, 8466, 2421, 6494, 3719, 2537, 4787, 4349, 3321, 3969, 2311, 3594, 3864, 0, 3379, 3322, 1187, 2399, 2917, 2870, 2831, 2618, 6446, 3180, 2599, 1531, 2019, 1963, 3081, 1906, 527, 6560, 1822, 1387, 2774, 4762, 3619, 3099, 1671, 374, 1855, 2010, 1252, 3386, 4294, 2283, 3182, 2743, 1945, 3008, 1834, 3779, 2718, 2022, 5156, 2422, 4728, 1352, 7118, 5487, 2350, 2600, 1192, 2911, 767, 4180, 4439, 3929, 4727, 3705, 5258, 1382, 2108, 3278, 4861, 1618, 2503, 3199, 2131, 5820, 3483, 2629, 1913, 1271, 2240, 2926, 1168, 5260, 4479, 1902, 1727, 6603, 1902, 1807, 1770, 7408, 1395, 1319, 1902], [1741, 5031, 4923, 2609, 4281, 2601, 875, 4688, 2656, 8433, 1145, 4201, 3647, 1279, 2830, 4877, 1199, 3710, 2572, 710, 4072, 3379, 0, 5464, 2530, 1235, 4433, 888, 1937, 1787, 6479, 6528, 3393, 3042, 4760, 1592, 4232, 1724, 2885, 5055, 1876, 4429, 3391, 2952, 241, 2940, 1713, 3058, 2133, 2090, 4237, 773, 1470, 1216, 1047, 1279, 1670, 5899, 1757, 4273, 2509, 4300, 2021, 1532, 3095, 2029, 9009, 5788, 3400, 1897, 2437, 837, 2618, 1685, 6500, 1110, 6855, 4114, 2027, 3493, 1783, 4003, 1648, 2299, 1040, 340, 1732, 4786, 2803, 6006, 2167, 4094, 1231, 467, 2913, 2147, 3376, 1741, 1686, 3294, 1679, 1781, 5125, 4034, 3919, 3999, 1741], [3781, 6523, 934, 3936, 3728, 2925, 5596, 10082, 4626, 5890, 5037, 6442, 7018, 4193, 5005, 7658, 4643, 3096, 2941, 5228, 2582, 3322, 5464, 0, 3175, 4236, 6157, 4607, 5856, 3767, 4128, 3240, 5918, 2491, 4852, 3948, 1544, 3801, 3369, 5681, 3646, 2114, 6090, 4857, 5664, 2996, 4117, 3608, 3347, 3376, 2153, 5877, 5516, 4884, 4649, 5507, 3852, 1437, 3793, 2250, 5912, 1335, 7484, 3942, 4677, 4001, 3813, 8794, 5671, 3664, 3293, 5454, 3713, 5180, 1131, 5322, 1451, 7026, 6642, 4680, 3685, 2006, 7109, 3227, 4437, 5478, 3736, 4708, 3461, 3427, 3304, 4314, 4822, 5164, 2767, 7610, 4074, 3781, 4388, 8649, 3863, 4669, 2861, 8962, 1946, 2004, 3781], [827, 4268, 2911, 1041, 3798, 441, 2460, 6960, 1734, 7615, 1876, 5309, 4064, 1454, 3601, 4948, 2207, 2919, 1184, 2576, 2917, 1187, 2530, 3175, 0, 1368, 3738, 1842, 2703, 1441, 5570, 4074, 3114, 727, 3151, 948, 2395, 839, 706, 5410, 711, 1908, 3249, 3577, 2761, 1996, 951, 1087, 671, 826, 1714, 2773, 3199, 1721, 2093, 2335, 890, 3387, 787, 2910, 2845, 1882, 4485, 1291, 3546, 840, 6942, 6071, 2924, 1417, 119, 2321, 811, 3043, 4290, 2859, 4624, 4216, 4229, 2223, 960, 2442, 4142, 433, 1524, 2445, 992, 4712, 2333, 3635, 727, 2386, 1661, 2135, 416, 4603, 3327, 827, 1214, 5822, 866, 1511, 2711, 6465, 1409, 1474, 827], [543, 4800, 3730, 1795, 3563, 1374, 1509, 5874, 2156, 7672, 1155, 4316, 3937, 213, 2673, 5049, 961, 2832, 1394, 1213, 3083, 2399, 1235, 4236, 1368, 0, 4210, 479, 2248, 748, 5653, 5437, 3310, 1812, 4110, 439, 3062, 530, 1874, 4770, 668, 3270, 3378, 2715, 1447, 1935, 844, 2147, 900, 861, 3075, 1706, 1900, 1059, 796, 1628, 480, 4686, 586, 3226, 2658, 3069, 3251, 379, 2768, 1168, 7830, 6089, 3219, 840, 1296, 1371, 1707, 1830, 5284, 1530, 5637, 4270, 2875, 2934, 552, 2890, 2882, 1077, 206, 1257, 501, 4277, 1970, 4974, 934, 3371, 1009, 952, 1717, 3376, 2803, 543, 1056, 4500, 510, 1372, 4060, 5098, 2714, 2806, 543], [3991, 601, 6303, 2704, 7508, 4178, 3612, 6475, 2091, 11328, 3333, 8484, 1764, 4420, 6879, 1618, 5108, 6644, 4896, 5019, 6649, 2917, 4433, 6157, 3738, 4210, 0, 4517, 2623, 4813, 9289, 4733, 1076, 4339, 1629, 3925, 5978, 3980, 3118, 8956, 4008, 4062, 1152, 6924, 4615, 5704, 3415, 2752, 4240, 4380, 4005, 3902, 5838, 3322, 4912, 3178, 3983, 5490, 3908, 6616, 2035, 4912, 5274, 4468, 6969, 3170, 9874, 2698, 1035, 4853, 3664, 3609, 2928, 5923, 7237, 5444, 7489, 1313, 6421, 1551, 4289, 6127, 5171, 4083, 4166, 4105, 4279, 8368, 5965, 4004, 4323, 1869, 3340, 4027, 3940, 5319, 6918, 3991, 3157, 6795, 3925, 2851, 3714, 8030, 4292, 4191, 3991], [1016, 5113, 4040, 2231, 3534, 1814, 1423, 5575, 2515, 7682, 1267, 3969, 4068, 423, 2388, 5233, 594, 2888, 1691, 736, 3214, 2870, 888, 4607, 1842, 479, 4517, 0, 2335, 901, 5693, 5913, 3562, 2242, 4530, 916, 3346, 1005, 2347, 4558, 1136, 3739, 3608, 2459, 1063, 2071, 1265, 2606, 1326, 1254, 3544, 1520, 1445, 1226, 397, 1664, 956, 5128, 1064, 3400, 2817, 3489, 2892, 667, 2548, 1601, 8123, 6233, 3501, 1010, 1773, 1306, 2162, 1427, 5626, 1064, 5983, 4453, 2398, 3323, 962, 3118, 2510, 1528, 385, 1025, 914, 4154, 1987, 5452, 1343, 3803, 1195, 783, 2180, 3020, 2692, 1016, 1410, 4072, 988, 1671, 4538, 4626, 3166, 3265, 1016], [2363, 3202, 5601, 2010, 5808, 3043, 1064, 4575, 1515, 9915, 1096, 6130, 1741, 2444, 4676, 2947, 2898, 5070, 3476, 2611, 5277, 2831, 1937, 5856, 2703, 2248, 2623, 2335, 0, 2992, 7889, 5880, 1548, 3424, 3383, 2213, 5032, 2343, 2554, 6879, 2461, 4193, 1504, 4770, 2076, 4150, 1827, 2461, 2792, 2864, 4034, 1298, 3404, 1195, 2700, 683, 2311, 5815, 2306, 5376, 598, 4533, 2736, 2613, 4874, 1864, 9641, 3905, 1635, 3076, 2586, 1111, 2193, 3582, 6980, 3032, 7306, 2180, 3835, 2169, 2619, 4975, 2580, 2786, 2104, 1598, 2582, 6483, 4217, 5229, 2870, 2912, 1250, 1632, 3098, 2803, 5015, 2363, 1512, 4274, 2269, 1193, 4507, 5430, 3968, 3969, 2363], [828, 5389, 3155, 2220, 2828, 1212, 2233, 6474, 2725, 6926, 1901, 3885, 4664, 574, 2184, 5749, 902, 2084, 827, 1462, 2350, 2618, 1787, 3767, 1441, 748, 4813, 901, 2992, 0, 4906, 5406, 3974, 1565, 4512, 892, 2453, 837, 2108, 4146, 843, 3179, 4057, 2181, 1952, 1200, 1402, 2455, 773, 626, 2987, 2389, 1870, 1799, 883, 2375, 831, 4419, 912, 2514, 3381, 2741, 3778, 381, 2186, 1653, 7227, 6807, 3857, 111, 1427, 2099, 2063, 1644, 4756, 1597, 5114, 4973, 2974, 3431, 542, 2219, 3390, 1018, 920, 1906, 541, 3584, 1231, 5029, 732, 3750, 1746, 1630, 1643, 3907, 2117, 828, 1690, 4882, 888, 2040, 4096, 5283, 2527, 2654, 828], [5562, 9791, 3388, 6609, 2223, 5131, 7109, 10890, 7295, 2048, 6804, 4466, 9510, 5472, 4134, 10497, 5283, 2823, 4483, 5860, 2661, 6446, 6479, 4128, 5570, 5653, 9289, 5693, 7889, 4906, 0, 7366, 8665, 4954, 8395, 5695, 3402, 5580, 6173, 2938, 5488, 5802, 8786, 3937, 6550, 3744, 6152, 6547, 5184, 5077, 5733, 7202, 5539, 6695, 5436, 7280, 5603, 5561, 5631, 2676, 8230, 4740, 8155, 5281, 3707, 6273, 4461, 11602, 8488, 4817, 5656, 6983, 6375, 5132, 3899, 5640, 4075, 9745, 6374, 7747, 5284, 3171, 7767, 5279, 5819, 6701, 5317, 2225, 3708, 7492, 5099, 7696, 6639, 6474, 5352, 8281, 3185, 5562, 6476, 8688, 5652, 6839, 6783, 8290, 5240, 5391, 5562], [4898, 4813, 4033, 4020, 6647, 4197, 6202, 10452, 4366, 9101, 5599, 8998, 6240, 5525, 7346, 6341, 6255, 5838, 4763, 6648, 5452, 3180, 6528, 3240, 4074, 5437, 4733, 5913, 5880, 5406, 7366, 0, 5092, 3866, 3105, 5006, 4322, 4909, 3647, 8592, 4783, 2233, 5283, 7258, 6767, 5302, 4818, 3537, 4668, 4795, 2422, 6564, 7251, 5462, 6158, 5900, 4958, 1824, 4852, 5185, 5609, 3008, 8334, 5345, 7146, 4517, 5936, 7356, 4824, 5346, 4142, 6090, 3944, 7049, 3813, 6925, 3875, 5972, 8301, 3837, 5011, 4766, 8040, 4432, 5579, 6370, 5049, 7672, 5796, 730, 4688, 3109, 5419, 6087, 3776, 8436, 6683, 4898, 4905, 9780, 4929, 4973, 1411, 10528, 2926, 2778, 4898], [3182, 1657, 5907, 2095, 6757, 3545, 2553, 5612, 1382, 10712, 2329, 7507, 1169, 3522, 5947, 1836, 4155, 5927, 4193, 4007, 6005, 2599, 3393, 5918, 3114, 3310, 1076, 3562, 1548, 3974, 8665, 5092, 0, 3795, 2160, 3087, 5480, 3168, 2619, 8079, 3225, 3931, 193, 6008, 3565, 4976, 2582, 2321, 3501, 3625, 3827, 2833, 4824, 2341, 3956, 2123, 3160, 5498, 3103, 6020, 961, 4604, 4216, 3608, 6074, 2403, 9716, 2960, 273, 4029, 3019, 2560, 2337, 4939, 7037, 4435, 7324, 1120, 5360, 1320, 3480, 5555, 4101, 3388, 3236, 3060, 3462, 7557, 5176, 4379, 3587, 1989, 2369, 3008, 3401, 4267, 6088, 3182, 2285, 5745, 3104, 1942, 3869, 6959, 3979, 3915, 3182], [1312, 4839, 2185, 1701, 3343, 444, 3107, 7599, 2416, 6990, 2550, 5211, 4778, 1821, 3521, 5625, 2451, 2446, 917, 2940, 2340, 1531, 3042, 2491, 727, 1812, 4339, 2242, 3424, 1565, 4954, 3866, 3795, 0, 3544, 1474, 1687, 1331, 1222, 5097, 1175, 1635, 3939, 3457, 3259, 1618, 1635, 1594, 918, 999, 1449, 3395, 3433, 2397, 2391, 3026, 1384, 2890, 1314, 2280, 3570, 1260, 5048, 1592, 3379, 1565, 6227, 6754, 3590, 1493, 842, 2965, 1460, 3197, 3590, 3144, 3931, 4907, 4527, 2794, 1281, 1790, 4686, 750, 2004, 3016, 1329, 4315, 2056, 3545, 902, 2801, 2335, 2701, 401, 5170, 3035, 1312, 1923, 6308, 1388, 2234, 2614, 6822, 964, 1095, 1312], [3713, 1770, 5172, 2320, 6882, 3547, 4107, 7758, 2108, 10389, 3625, 8385, 3229, 4291, 6693, 3240, 5070, 5986, 4316, 5182, 5863, 2019, 4760, 4852, 3151, 4110, 1629, 4530, 3383, 4512, 8395, 3105, 2160, 3544, 0, 3716, 4997, 3710, 2447, 8559, 3672, 2748, 2336, 6691, 4984, 5112, 3271, 2071, 3791, 3947, 2749, 4461, 5967, 3545, 4898, 3696, 3735, 3991, 3632, 5752, 2926, 3741, 6105, 4246, 6680, 2944, 8436, 4280, 1922, 4515, 3125, 4047, 2451, 5939, 5867, 5575, 6084, 2893, 6777, 1276, 3974, 5249, 5908, 3573, 4146, 4484, 3984, 7836, 5481, 2376, 3860, 767, 3534, 4299, 3185, 6178, 6476, 3713, 3142, 7640, 3680, 2981, 2170, 8698, 3173, 3035, 3713], [170, 4504, 3517, 1397, 3686, 1031, 1668, 6135, 1840, 7732, 1177, 4679, 3822, 584, 3006, 4874, 1373, 2892, 1269, 1649, 3067, 1963, 1592, 3948, 948, 439, 3925, 916, 2213, 892, 5695, 5006, 3087, 1474, 3716, 0, 2886, 149, 1438, 5032, 303, 2855, 3175, 3028, 1820, 1953, 511, 1720, 622, 660, 2661, 1931, 2332, 1041, 1222, 1674, 103, 4308, 166, 3166, 2539, 2729, 3579, 549, 3054, 787, 7616, 5946, 2966, 943, 867, 1525, 1286, 2242, 5025, 1967, 5372, 4102, 3312, 2576, 413, 2779, 3224, 725, 577, 1543, 383, 4472, 2095, 4537, 687, 2967, 980, 1229, 1322, 3700, 3007, 170, 806, 4883, 88, 1164, 3625, 5524, 2328, 2409, 170], [2720, 6448, 724, 3385, 2333, 2001, 4541, 8917, 4102, 5397, 4057, 4922, 6457, 2965, 3462, 7307, 3263, 1589, 1670, 3879, 1137, 3081, 4232, 1544, 2395, 3062, 5978, 3346, 5032, 2453, 3402, 4322, 5480, 1687, 4997, 2886, 0, 2741, 2881, 4291, 2601, 2443, 5625, 3315, 4403, 1493, 3206, 3231, 2269, 2236, 2352, 4765, 4060, 3915, 3305, 4553, 2784, 2726, 2760, 868, 5231, 1395, 6229, 2713, 3137, 3209, 4778, 8438, 5271, 2343, 2502, 4398, 3144, 3700, 2351, 3909, 2710, 6593, 5177, 4428, 2534, 476, 5840, 2247, 3265, 4313, 2582, 3354, 1933, 4279, 2200, 4309, 3853, 4013, 2079, 6358, 2546, 2720, 3522, 7277, 2813, 3861, 3471, 7485, 1841, 1996, 2720], [22, 4555, 3370, 1398, 3593, 888, 1816, 6282, 1891, 7619, 1319, 4677, 3932, 634, 2991, 4968, 1416, 2785, 1134, 1740, 2944, 1906, 1724, 3801, 839, 530, 3980, 1005, 2343, 837, 5580, 4909, 3168, 1331, 3710, 149, 2741, 0, 1380, 4981, 157, 2742, 3263, 3003, 1948, 1840, 588, 1686, 475, 522, 2547, 2079, 2393, 1181, 1280, 1816, 55, 4177, 79, 3034, 2651, 2588, 3719, 537, 3018, 817, 7468, 6047, 3037, 873, 769, 1673, 1264, 2278, 4877, 2038, 5224, 4199, 3398, 2599, 313, 2641, 3361, 582, 694, 1686, 300, 4399, 2009, 4454, 542, 2955, 1119, 1371, 1196, 3841, 2940, 22, 902, 5010, 75, 1265, 3537, 5627, 2199, 2285, 22], [1376, 3623, 3290, 568, 4479, 1114, 2600, 7027, 1268, 8210, 1989, 5991, 3667, 2010, 4286, 4433, 2795, 3592, 1879, 3073, 3545, 527, 2885, 3369, 706, 1874, 3118, 2347, 2554, 2108, 6173, 3647, 2619, 1222, 2447, 1438, 2881, 1380, 0, 6114, 1299, 1668, 2775, 4269, 3125, 2686, 1173, 389, 1357, 1514, 1496, 2952, 3768, 1843, 2656, 2362, 1419, 3275, 1308, 3499, 2547, 2036, 4717, 1899, 4245, 875, 7181, 5568, 2397, 2097, 687, 2477, 362, 3655, 4499, 3404, 4809, 3737, 4738, 1575, 1590, 3010, 4407, 1130, 1983, 2725, 1611, 5407, 3037, 3128, 1422, 1682, 1795, 2441, 823, 4825, 4031, 1376, 1278, 6138, 1376, 1430, 2241, 6904, 1435, 1420, 1376], [4972, 9534, 4750, 6339, 1964, 5018, 5881, 8765, 6870, 4148, 5824, 1626, 8619, 4558, 2226, 9789, 3983, 2762, 4251, 4346, 3156, 6560, 5055, 5681, 5410, 4770, 8956, 4558, 6879, 4146, 2938, 8592, 8079, 5097, 8559, 5032, 4291, 4981, 6114, 0, 4970, 6533, 8143, 2113, 5019, 3481, 5542, 6494, 4790, 4637, 6389, 5825, 3698, 5774, 4182, 6199, 4976, 7003, 5056, 3456, 7374, 5594, 6197, 4490, 2012, 5797, 7271, 10783, 7984, 4113, 5443, 5795, 6156, 3386, 5987, 3974, 6273, 9009, 4131, 7560, 4678, 3832, 5855, 4994, 4851, 5366, 4684, 985, 3080, 8469, 4714, 7795, 5737, 5257, 5407, 6308, 2084, 4972, 5810, 6321, 5033, 6141, 7587, 5630, 5828, 5995, 4972], [138, 4575, 3223, 1378, 3533, 732, 1967, 6437, 1919, 7531, 1457, 4717, 4023, 744, 3022, 5037, 1509, 2708, 1020, 1868, 2842, 1822, 1876, 3646, 711, 668, 4008, 1136, 2461, 843, 5488, 4783, 3225, 1175, 3672, 303, 2601, 157, 1299, 4970, 0, 2605, 3328, 3023, 2099, 1759, 665, 1626, 335, 412, 2409, 2233, 2496, 1315, 1386, 1953, 210, 4027, 160, 2920, 2747, 2432, 3874, 601, 3026, 839, 7319, 6125, 3084, 860, 654, 1823, 1222, 2361, 4724, 2150, 5071, 4272, 3519, 2594, 303, 2516, 3515, 427, 843, 1842, 315, 4362, 1962, 4341, 410, 2912, 1253, 1527, 1050, 3996, 2914, 138, 989, 5159, 219, 1352, 3419, 5761, 2050, 2139, 138], [2729, 4411, 2466, 2185, 4646, 1975, 4250, 8694, 2769, 7737, 3641, 6805, 5076, 3336, 5133, 5600, 4041, 3781, 2537, 4468, 3489, 1387, 4429, 2114, 1908, 3270, 4062, 3739, 4193, 3179, 5802, 2233, 3931, 1635, 2748, 2855, 2443, 2742, 1668, 6533, 2605, 0, 4114, 5056, 4664, 3128, 2764, 1744, 2455, 2574, 196, 4593, 5034, 3490, 3955, 4028, 2794, 1625, 2694, 3288, 4104, 1063, 6345, 3140, 4958, 2514, 5822, 6727, 3670, 3115, 1994, 4122, 2023, 4820, 3176, 4721, 3431, 5010, 6103, 2638, 2807, 2807, 6018, 2226, 3431, 4319, 2849, 5666, 3610, 1951, 2468, 2206, 3438, 4017, 1566, 6458, 4540, 2729, 2928, 7719, 2773, 3097, 1056, 8364, 717, 556, 2729], [3278, 1709, 6064, 2242, 6855, 3676, 2538, 5449, 1524, 10833, 2359, 7535, 978, 3590, 5995, 1713, 4199, 6034, 4308, 4023, 6126, 2774, 3391, 6090, 3249, 3378, 1152, 3608, 1504, 4057, 8786, 5283, 193, 3939, 2336, 3175, 5625, 3263, 2775, 8143, 3328, 4114, 0, 6062, 3554, 5083, 2676, 2488, 3612, 3731, 4007, 2800, 4837, 2383, 3999, 2115, 3253, 5685, 3200, 6149, 908, 4773, 4123, 3687, 6135, 2516, 9891, 2824, 464, 4117, 3151, 2556, 2483, 4967, 7211, 4451, 7500, 969, 5335, 1509, 3575, 5689, 4024, 3508, 3294, 3055, 3553, 7640, 5268, 4569, 3698, 2181, 2415, 3023, 3548, 4169, 6168, 3278, 2371, 5645, 3197, 2019, 4061, 6882, 4149, 4088, 3278], [2997, 7513, 3980, 4397, 1793, 3251, 3770, 6991, 4859, 5708, 3725, 1756, 6510, 2506, 202, 7689, 1876, 1845, 2542, 2246, 2402, 4762, 2952, 4857, 3577, 2715, 6924, 2459, 4770, 2181, 3937, 7258, 6008, 3457, 6691, 3028, 3315, 3003, 4269, 2113, 3023, 5056, 6062, 0, 2933, 1973, 3527, 4628, 2913, 2756, 4882, 3724, 1682, 3683, 2076, 4088, 2987, 5932, 3080, 2743, 5273, 4306, 4296, 2479, 239, 3812, 7504, 8673, 5929, 2177, 3583, 3683, 4243, 1316, 5534, 1898, 5878, 6910, 2440, 5600, 2721, 2857, 3924, 3145, 2773, 3257, 2716, 1912, 1472, 6994, 2851, 5928, 3649, 3145, 3679, 4417, 893, 2997, 3769, 4755, 3044, 4082, 6067, 4500, 4344, 4500, 2997], [1964, 5211, 5101, 2847, 4339, 2819, 1018, 4531, 2878, 8484, 1362, 4098, 3758, 1472, 2798, 4998, 1276, 3809, 2753, 703, 4193, 3619, 241, 5664, 2761, 1447, 4615, 1063, 2076, 1952, 6550, 6767, 3565, 3259, 4984, 1820, 4403, 1948, 3125, 5019, 2099, 4664, 3554, 2933, 0, 3075, 1953, 3297, 2346, 2295, 4470, 831, 1370, 1443, 1152, 1443, 1894, 6124, 1985, 4407, 2661, 4516, 1830, 1723, 3090, 2269, 9177, 5882, 3585, 2061, 2671, 1007, 2858, 1635, 6689, 1047, 7045, 4244, 1819, 3714, 1990, 4157, 1448, 2519, 1258, 515, 1940, 4798, 2904, 6246, 2376, 4325, 1460, 703, 3141, 1958, 3415, 1964, 1924, 3063, 1906, 2008, 5365, 3795, 4146, 4228, 1964], [1823, 6250, 2213, 3005, 1807, 1573, 3431, 7601, 3638, 5780, 3073, 3698, 5771, 1773, 2084, 6794, 1847, 952, 814, 2477, 1151, 3099, 2940, 2996, 1996, 1935, 5704, 2071, 4150, 1200, 3744, 5302, 4976, 1618, 5112, 1953, 1493, 1840, 2686, 3481, 1759, 3128, 5083, 1973, 3075, 0, 2420, 3073, 1478, 1353, 2965, 3582, 2574, 2958, 1929, 3558, 1861, 3971, 1895, 1334, 4490, 2334, 4868, 1558, 1846, 2575, 6160, 7883, 4822, 1099, 2053, 3297, 2792, 2209, 3839, 2450, 4197, 6030, 3688, 4213, 1541, 1130, 4473, 1622, 2117, 3092, 1574, 2725, 501, 5078, 1392, 4354, 2901, 2825, 1935, 4998, 1424, 1823, 2740, 5823, 1912, 3103, 4166, 5993, 2412, 2575, 1823], [603, 3996, 3789, 968, 4180, 1227, 1515, 6012, 1334, 8194, 926, 5156, 3359, 1038, 3497, 4381, 1802, 3368, 1680, 1956, 3505, 1671, 1713, 4117, 951, 844, 3415, 1265, 1827, 1402, 6152, 4818, 2582, 1635, 3271, 511, 3206, 588, 1173, 5542, 665, 2764, 2676, 3527, 1953, 2420, 0, 1368, 981, 1076, 2577, 1840, 2708, 771, 1628, 1392, 579, 4308, 526, 3575, 2084, 2832, 3582, 1055, 3560, 339, 7859, 5464, 2457, 1450, 837, 1378, 922, 2669, 5224, 2324, 5562, 3614, 3608, 2093, 899, 3157, 3257, 960, 881, 1562, 880, 4980, 2595, 4296, 1063, 2539, 711, 1271, 1366, 3695, 3516, 603, 327, 4974, 523, 688, 3414, 5738, 2343, 2391, 603], [1685, 3245, 3601, 485, 4867, 1501, 2666, 7003, 1038, 8581, 2066, 6338, 3412, 2302, 4638, 4111, 3091, 3979, 2265, 3317, 3926, 374, 3058, 3608, 1087, 2147, 2752, 2606, 2461, 2455, 6547, 3537, 2321, 1594, 2071, 1720, 3231, 1686, 389, 6494, 1626, 1744, 2488, 4628, 3297, 3073, 1368, 0, 1721, 1878, 1597, 3029, 4045, 1932, 2939, 2375, 1718, 3367, 1610, 3873, 2367, 2286, 4798, 2217, 4611, 1036, 7416, 5249, 2085, 2451, 1055, 2555, 448, 3959, 4733, 3670, 5031, 3437, 4974, 1203, 1924, 3380, 4510, 1503, 2230, 2862, 1940, 5794, 3419, 2965, 1790, 1306, 1892, 2599, 1199, 4900, 4412, 1685, 1385, 6256, 1669, 1440, 2128, 7091, 1664, 1613, 1685], [454, 4795, 2896, 1559, 3273, 492, 2288, 6741, 2163, 7229, 1790, 4640, 4333, 906, 2933, 5323, 1588, 2427, 703, 2034, 2530, 1855, 2133, 3347, 671, 900, 4240, 1326, 2792, 773, 5184, 4668, 3501, 918, 3791, 622, 2269, 475, 1357, 4790, 335, 2455, 3612, 2913, 2346, 1478, 981, 1721, 0, 158, 2261, 2543, 2584, 1648, 1502, 2286, 521, 3803, 493, 2595, 3062, 2171, 4147, 689, 2891, 1099, 6996, 6421, 3346, 746, 671, 2145, 1367, 2397, 4413, 2267, 4763, 4565, 3650, 2780, 365, 2184, 3780, 246, 1096, 2131, 413, 4137, 1736, 4268, 87, 3025, 1586, 1818, 894, 4271, 2714, 454, 1306, 5391, 546, 1666, 3336, 5927, 1847, 1955, 454], [502, 4939, 2885, 1707, 3139, 601, 2306, 6730, 2298, 7120, 1835, 4485, 4434, 832, 2777, 5442, 1469, 2304, 613, 1943, 2431, 2010, 2090, 3376, 826, 861, 4380, 1254, 2864, 626, 5077, 4795, 3625, 999, 3947, 660, 2236, 522, 1514, 4637, 412, 2574, 3731, 2756, 2295, 1353, 1076, 1878, 158, 0, 2381, 2543, 2461, 1700, 1396, 2332, 558, 3887, 561, 2513, 3158, 2236, 4110, 595, 2735, 1226, 6986, 6533, 3476, 593, 828, 2163, 1520, 2261, 4426, 2155, 4778, 4679, 3539, 2930, 311, 2120, 3737, 396, 1064, 2113, 361, 3992, 1590, 4406, 108, 3182, 1639, 1803, 1023, 4235, 2564, 502, 1401, 5324, 597, 1763, 3473, 5827, 1948, 2063, 502], [2534, 4376, 2430, 2025, 4516, 1781, 4068, 8521, 2631, 7686, 3459, 6633, 4962, 3141, 4956, 5522, 3847, 3643, 2356, 4273, 3371, 1252, 4237, 2153, 1714, 3075, 4005, 3544, 4034, 2987, 5733, 2422, 3827, 1449, 2749, 2661, 2352, 2547, 1496, 6389, 2409, 196, 4007, 4882, 4470, 2965, 2577, 1597, 2261, 2381, 0, 4408, 4840, 3308, 3760, 3853, 2599, 1782, 2499, 3184, 3963, 1004, 6158, 2945, 4788, 2332, 5903, 6654, 3569, 2925, 1801, 3938, 1854, 4629, 3240, 4526, 3509, 4916, 5908, 2549, 2612, 2696, 5828, 2031, 3236, 4129, 2654, 5532, 3443, 2115, 2275, 2166, 3255, 3826, 1371, 6271, 4382, 2534, 2747, 7527, 2578, 2924, 1203, 8169, 562, 395, 2534], [2099, 4489, 5426, 2548, 5020, 2955, 369, 4206, 2383, 9174, 967, 4928, 2935, 1825, 3600, 4181, 1944, 4406, 3099, 1480, 4729, 3386, 773, 5877, 2773, 1706, 3902, 1520, 1298, 2389,