{'nodes': [(0, 7.70952380952381, 7.276190476190476, 0, 48000, 0, False), (1, 10.5, 12.0, 3725, 12216, 20, True), (2, 6.5, 5.0, 17241, 23067, 50, True), (3, 10.5, 2.5, 348, 4839, 40, True), (4, 1.0, 0, 2532, 7279, 30, True), (5, 4.0, 9.0, 25245, 29209, 40, True), (6, 10.0, 2.0, 29463, 34610, 30, True), (7, 12.5, 14.5, 4307, 8640, 20, True), (8, 10.5, 9.5, 34303, 42860, 40, True), (9, 13.5, 6.0, 9207, 11841, 20, False), (10, 13.5, 1.5, 39857, 44819, 30, True), (11, 14.0, 1.0, 34668, 39876, 40, True), (12, 0.5, 11.0, 36871, 42769, 20, True), (13, 14.0, 10.0, 11284, 14037, 40, True), (14, 10.5, 6.0, 676, 1211, 10, True), (15, 3.0, 14.5, 33748, 40852, 20, False), (16, 11.0, 4.0, 29813, 37710, 40, True), (17, 8.5, 5.0, 27406, 34076, 20, True), (18, 10.5, 6.0, 8531, 14677, 20, True), (19, 0.5, 4.0, 29742, 35268, 30, True), (20, 5.0, 4.5, 38604, 42778, 10, True), (21, 1.5, 4.5, 20501, 28957, 30, True), (22, 5.5, 3.5, 39953, 43959, 40, True), (23, 11.5, 10.0, 31768, 39548, 50, True), (24, 10.5, 2.0, 27525, 34779, 50, True), (25, 6.0, 12.0, 32072, 37190, 40, True), (26, 9.0, 5.0, 5557, 8903, 30, True), (27, 14.5, 2.0, 13271, 18622, 10, True), (28, 10.0, 8.5, 18414, 26186, 50, True), (29, 11.5, 12.0, 26266, 31832, 40, True), (30, 5.0, 6.0, 10651, 18390, 50, True), (31, 4.5, 6.5, 9843, 12623, 30, False), (32, 6.0, 10.5, 8878, 12306, 30, True), (33, 15.0, 7.0, 12578, 21179, 30, True), (34, 9.0, 9.0, 41985, 48000, 20, False), (35, 8.5, 9.0, 33562, 33562, 10, True), (36, 2.0, 13.5, 15085, 18860, 50, True), (37, 11.0, 2.0, 41825, 47910, 10, True), (38, 12.5, 12.5, 42704, 48000, 40, True), (39, 1.5, 13.0, 14038, 21838, 50, False), (40, 5.5, 8.0, 33196, 36520, 40, True), (41, 4.5, 1.0, 39376, 46822, 20, True), (42, 9.0, 11.5, 14033, 20625, 40, True), (43, 13.0, 6.5, 3180, 7968, 20, True), (44, 12.5, 11.5, 19680, 22966, 50, False), (45, 0.5, 6.0, 40641, 45609, 30, True), (46, 14.0, 0, 5061, 11241, 20, True), (47, 1.0, 9.5, 33075, 39628, 10, True), (48, 1.0, 14.5, 1781, 6613, 30, True), (49, 4.5, 9.5, 37816, 45781, 40, True), (50, 4.5, 6.5, 19764, 24094, 50, True), (51, 6.0, 2.0, 24366, 30938, 40, True), (52, 1.0, 8.0, 27280, 33247, 50, True), (53, 1.5, 1.5, 34882, 41018, 10, True), (54, 4.0, 8.5, 12896, 22453, 30, True), (55, 7.5, 0.5, 19403, 27012, 30, True), (56, 14.5, 8.5, 21626, 27044, 30, True), (57, 3.0, 14.0, 30855, 37771, 10, True), (58, 8.5, 11.0, 14756, 20688, 20, True), (59, 15.0, 11.0, 21857, 30228, 20, True), (60, 13.0, 6.0, 26181, 30817, 30, True), (61, 13.5, 0.5, 37226, 43687, 30, True), (62, 6.0, 12.5, 33187, 38043, 10, False), (63, 6.5, 14.0, 35899, 39749, 30, True), (64, 11.5, 4.5, 26805, 30783, 20, True), (65, 0.5, 4.0, 33536, 34213, 40, True), (66, 6.0, 10.0, 0, 3072, 10, True), (67, 10.0, 1.5, 7768, 15043, 20, True), (68, 12.0, 4.0, 9092, 15575, 20, True), (69, 8.0, 4.0, 35587, 45093, 20, True), (70, 8.5, 9.0, 1001, 6543, 10, True), (71, 2.5, 15.0, 19656, 28169, 50, True), (72, 3.5, 14.0, 9102, 14038, 50, False), (73, 9.5, 11.5, 13914, 16654, 10, True), (74, 14.0, 0.5, 15173, 24533, 30, True), (75, 15.0, 12.5, 41903, 45941, 30, True), (76, 14.0, 4.5, 16737, 24012, 50, True), (77, 3.5, 2.0, 11476, 13945, 40, True), (78, 10.0, 12.5, 8443, 13909, 10, True), (79, 2.0, 10.0, 15893, 20705, 20, True), (80, 5.5, 13.5, 32555, 39319, 40, True), (81, 3.0, 7.0, 8144, 13705, 10, True), (82, 5.0, 0.5, 31119, 34528, 50, True), (83, 8.0, 1.0, 21418, 29356, 10, True), (84, 12.5, 13.5, 31399, 38301, 40, True), (85, 10.5, 7.0, 31601, 38050, 40, True), (86, 11.0, 2.5, 29470, 32907, 20, False), (87, 7.0, 3.5, 42537, 48000, 20, True), (88, 12.5, 0, 967, 7490, 50, True), (89, 10.5, 4.0, 4574, 11208, 50, True), (90, 0, 10.0, 23549, 27704, 30, True), (91, 12.5, 10.5, 40586, 47290, 10, True), (92, 10.0, 9.5, 35126, 40591, 50, True), (93, 3.5, 13.5, 41744, 47025, 40, True), (94, 3.0, 12.0, 20485, 28118, 40, True), (95, 12.5, 8.5, 28905, 34290, 50, True), (96, 2.5, 7.5, 29849, 37310, 10, True), (97, 3.0, 4.0, 23023, 30616, 30, True), (98, 3.5, 3.0, 21516, 28366, 30, True), (99, 14.5, 10.0, 8222, 13580, 10, True), (100, 10.5, 3.0, 23274, 30423, 20, True), (101, 2.5, 15.0, 5244, 8988, 10, False), (102, 2.0, 12.0, 17865, 23727, 50, True), (103, 1.5, 4.0, 42157, 48000, 40, True), (104, 7.0, 3.0, 40522, 48000, 50, True), (105, 10.0, 7.5, 39214, 44858, 10, True), (106, 7.70952380952381, 7.276190476190476, 0, 48000, 0, False)], 'F': 20.0, 'ct': 0.083, 'cd': 0.021, 'truck_cap': 100, 'drone_cap': 20, 'truck_speed': 40, 'drone_speed': 40, 'a': 1, 'b': 2, 'max_flight_time': 30, 'ttt': [[0, 1647, 774, 1660, 2970, 1228, 1727, 2601, 1071, 1780, 2455, 2667, 2435, 2057, 922, 2588, 1394, 724, 922, 2377, 1165, 2042, 1314, 1401, 1792, 1508, 786, 2581, 780, 1818, 900, 992, 1096, 2190, 647, 570, 2535, 1866, 2127, 2535, 699, 2116, 1326, 1605, 1917, 2197, 2887, 2122, 2959, 1172, 992, 1665, 2026, 2545, 1173, 2035, 2071, 2464, 1143, 2457, 1634, 2675, 1650, 2051, 1411, 2377, 966, 1865, 1620, 988, 570, 2796, 2381, 1377, 2775, 2692, 2064, 2026, 1712, 1899, 1982, 1416, 2190, 1886, 2357, 842, 1741, 1154, 2614, 1292, 2454, 1733, 959, 2255, 2002, 1484, 1565, 1722, 1801, 2196, 1533, 2796, 2224, 2107, 1301, 691, 1], [1647, 0, 2420, 2851, 4593, 2149, 3005, 961, 751, 2013, 3277, 3464, 3016, 1210, 1801, 2373, 2406, 2185, 1801, 3843, 2791, 3516, 2959, 672, 3001, 1351, 2149, 3232, 1062, 301, 2443, 2443, 1424, 2019, 1007, 1083, 2590, 3005, 619, 2718, 1922, 3760, 475, 1813, 619, 3500, 3751, 2948, 2948, 1951, 2443, 3291, 3093, 4150, 2216, 3566, 1596, 2330, 672, 1384, 1951, 3566, 1359, 1343, 2271, 3843, 1478, 3155, 2443, 2515, 1083, 2564, 2185, 336, 3607, 1359, 2484, 3663, 213, 2621, 1567, 2705, 3825, 3385, 751, 1501, 2855, 2759, 3651, 2401, 3208, 751, 766, 2149, 2251, 1210, 2755, 3291, 3422, 1343, 2701, 2564, 2551, 3613, 2898, 1359, 1647], [774, 2420, 0, 1416, 2231, 1416, 1384, 3372, 1807, 2122, 2349, 2551, 2547, 2705, 1238, 3038, 1384, 601, 1238, 1826, 475, 1508, 542, 2122, 1501, 2106, 751, 2564, 1486, 2582, 542, 751, 1658, 2621, 1416, 1343, 2886, 1623, 2882, 2831, 950, 1343, 2090, 2002, 2655, 1826, 2705, 2133, 3294, 1478, 751, 913, 1880, 1832, 1291, 1384, 2621, 2898, 1898, 3122, 1974, 2497, 2256, 2701, 1508, 1826, 1508, 1486, 1678, 542, 1343, 3232, 2847, 2149, 2625, 3402, 2256, 1274, 2484, 2019, 2569, 1210, 1424, 1283, 3122, 1343, 1545, 475, 2344, 1238, 2461, 2443, 1711, 2705, 2349, 2085, 1416, 1093, 1083, 2831, 1343, 3232, 2497, 1531, 619, 1291, 774], [1660, 2851, 1416, 0, 2948, 2759, 213, 3651, 2101, 1384, 950, 1143, 3938, 2484, 1051, 4246, 475, 961, 1051, 3035, 1757, 2767, 1531, 2271, 151, 3155, 876, 1210, 1807, 2867, 1957, 2164, 2755, 1910, 2002, 2041, 4171, 213, 3060, 4150, 2231, 1856, 2738, 1416, 2767, 3179, 1291, 3541, 4593, 2767, 2164, 1359, 3294, 2718, 2655, 1083, 2164, 4120, 2621, 2886, 1291, 1083, 3291, 3654, 672, 3035, 2625, 336, 637, 876, 2041, 4453, 4040, 2718, 1210, 3291, 1210, 2106, 3005, 3402, 3626, 2625, 1757, 876, 3355, 1351, 151, 1093, 961, 451, 3872, 2475, 2106, 3913, 3632, 1898, 2831, 2296, 2106, 2551, 151, 4453, 3825, 2738, 1062, 1508, 1660], [2970, 4593, 2231, 2948, 0, 2847, 2767, 5553, 4032, 4161, 3778, 3913, 3304, 4921, 3372, 4392, 3232, 2705, 3372, 1210, 1807, 1359, 1711, 4351, 2913, 3901, 2831, 4095, 3715, 4785, 2164, 2216, 3490, 4697, 3613, 3516, 4062, 3060, 5097, 3904, 2755, 1093, 4204, 4095, 4880, 1807, 3901, 2851, 4351, 3038, 2216, 1617, 2401, 475, 2705, 1957, 4787, 4244, 3995, 5342, 4026, 3754, 4040, 4513, 3428, 1210, 3355, 2738, 3512, 2420, 3516, 4523, 4267, 4291, 3904, 5631, 4128, 961, 4622, 3016, 4270, 2185, 1210, 2122, 5321, 3541, 3093, 2085, 3451, 3093, 3016, 4673, 3927, 4120, 3651, 4291, 2296, 1343, 1173, 5041, 2990, 4523, 3613, 1210, 2013, 3516, 2970], [1228, 2149, 1416, 2759, 2847, 0, 2767, 3038, 1957, 2990, 3632, 3843, 1210, 3016, 2149, 1678, 2582, 1807, 2149, 1832, 1384, 1545, 1711, 2271, 2867, 1083, 1922, 3787, 1807, 2424, 950, 766, 751, 3355, 1501, 1351, 1478, 2971, 2759, 1416, 542, 2406, 1678, 2803, 2659, 1384, 4037, 913, 1880, 213, 766, 2185, 950, 2373, 151, 2759, 3155, 1531, 1478, 3355, 2847, 3825, 1210, 1678, 2625, 1832, 672, 2882, 2831, 1922, 1351, 1856, 1508, 1813, 3938, 3464, 3291, 2106, 2085, 672, 1424, 672, 2569, 2684, 2886, 2041, 2867, 1880, 3715, 2461, 1238, 2590, 1807, 1359, 950, 2555, 637, 1531, 1807, 3165, 2655, 1856, 1083, 1678, 2013, 1856, 1228], [1727, 3005, 1384, 213, 2767, 2767, 0, 3825, 2256, 1596, 1062, 1238, 3927, 2684, 1210, 4299, 672, 1007, 1210, 2913, 1678, 2659, 1424, 2443, 151, 3232, 950, 1351, 1951, 3035, 1922, 2133, 2819, 2122, 2122, 2149, 4204, 301, 3239, 4171, 2251, 1678, 2867, 1623, 2948, 3093, 1343, 3516, 4622, 2791, 2133, 1201, 3246, 2555, 2655, 876, 2373, 4169, 2738, 3090, 1501, 1143, 3372, 3751, 876, 2913, 2684, 151, 850, 850, 2149, 4503, 4095, 2855, 1283, 3490, 1416, 1951, 3151, 3395, 3706, 2582, 1567, 672, 3532, 1508, 336, 1007, 961, 619, 3843, 2659, 2251, 3964, 3663, 2090, 2791, 2185, 1974, 2755, 336, 4503, 3843, 2621, 950, 1651, 1727], [2601, 961, 3372, 3651, 5553, 3038, 3825, 0, 1617, 2569, 3913, 4076, 3751, 1424, 2621, 2851, 3183, 3093, 2621, 4785, 3751, 4461, 3913, 1384, 3799, 2090, 3038, 3799, 1951, 809, 3402, 3395, 2291, 2373, 1957, 2041, 3165, 3778, 601, 3332, 2867, 4709, 1384, 2406, 901, 4413, 4374, 3763, 3451, 2831, 3395, 4228, 3964, 5110, 3122, 4461, 1898, 2855, 1596, 1291, 2555, 4212, 2041, 1807, 3016, 4785, 2373, 3972, 3155, 3428, 2041, 3005, 2705, 1274, 4225, 961, 3035, 4622, 961, 3428, 2122, 3632, 4766, 4270, 301, 2330, 3629, 3691, 4351, 3208, 3987, 1201, 1678, 2718, 2948, 1801, 3663, 4249, 4382, 1478, 3503, 3005, 3239, 4563, 3825, 2231, 2601], [1071, 751, 1807, 2101, 4032, 1957, 2256, 1617, 0, 1384, 2564, 2759, 3035, 1062, 1051, 2705, 1658, 1478, 1051, 3425, 2231, 3090, 2344, 336, 2251, 1545, 1424, 2551, 336, 809, 1957, 2013, 1384, 1545, 475, 619, 2819, 2256, 1083, 2898, 1567, 3122, 751, 1173, 850, 3179, 3038, 2851, 3222, 1801, 2013, 2625, 2886, 3613, 1974, 2847, 1238, 2625, 751, 1424, 1291, 2847, 1623, 1807, 1531, 3425, 1359, 2406, 1711, 1813, 619, 2913, 2497, 672, 2898, 1623, 1832, 3079, 913, 2555, 1922, 2373, 3165, 2659, 1343, 751, 2106, 2085, 2913, 1651, 3155, 672, 151, 2420, 2373, 672, 2475, 2791, 2867, 1210, 1951, 2913, 2659, 3165, 2216, 619, 1071], [1780, 2013, 2122, 1384, 4161, 2990, 1596, 2569, 1384, 0, 1351, 1508, 4180, 1210, 901, 4054, 961, 1531, 901, 3947, 2590, 3629, 2515, 1343, 1501, 2882, 1384, 1238, 1291, 1898, 2551, 2705, 2625, 542, 1623, 1750, 4120, 1416, 1974, 4169, 2475, 3090, 2133, 213, 1678, 3901, 1807, 3895, 4536, 2898, 2705, 2551, 3799, 3846, 2948, 2443, 809, 3961, 2122, 1567, 151, 1651, 2978, 3190, 751, 3947, 2551, 1711, 751, 1757, 1750, 4265, 3843, 2041, 1658, 2002, 475, 3232, 2216, 3654, 3291, 3165, 3038, 2231, 2271, 950, 1291, 2090, 1826, 1083, 4225, 1384, 1486, 3751, 3629, 809, 3332, 3208, 3133, 1238, 1274, 4265, 3892, 3651, 2149, 1143, 1780], [2455, 3277, 2349, 950, 3778, 3632, 1062, 3913, 2564, 1351, 0, 213, 4831, 2555, 1623, 5014, 1062, 1832, 1623, 3972, 2705, 3712, 2475, 2621, 913, 3872, 1711, 336, 2349, 3208, 2886, 3090, 3516, 1711, 2625, 2705, 4987, 766, 3315, 4987, 3093, 2705, 3291, 1508, 3016, 4128, 475, 4453, 5411, 3613, 3090, 2256, 4228, 3601, 3541, 1826, 2122, 4898, 3222, 2886, 1359, 301, 3995, 4299, 1083, 3972, 3402, 1051, 876, 1813, 2705, 5225, 4803, 3232, 336, 3332, 913, 3005, 3464, 4291, 4328, 3557, 2569, 1658, 3613, 1880, 809, 2041, 542, 1173, 4787, 2718, 2621, 4687, 4456, 2122, 3760, 3239, 3035, 2569, 1007, 5225, 4673, 3678, 2002, 2085, 2455], [2667, 3464, 2551, 1143, 3913, 3843, 1238, 4076, 2759, 1508, 213, 0, 5041, 2701, 1832, 5225, 1274, 2041, 1832, 4150, 2898, 3895, 2659, 2803, 1093, 4081, 1922, 336, 2551, 3385, 3090, 3294, 3727, 1826, 2831, 2913, 5199, 950, 3480, 5199, 3304, 2851, 3490, 1678, 3183, 4320, 301, 4661, 5623, 3825, 3294, 2420, 4430, 3754, 3751, 1957, 2256, 5110, 3425, 3016, 1531, 213, 4204, 4503, 1291, 4150, 3613, 1210, 1083, 2013, 2913, 5436, 5014, 3428, 151, 3464, 1051, 3165, 3654, 4501, 4536, 3760, 2705, 1801, 3778, 2085, 1007, 2231, 542, 1384, 4994, 2886, 2819, 4898, 4668, 2296, 3964, 3422, 3208, 2705, 1210, 5436, 4885, 3857, 2185, 2291, 2667], [2435, 3016, 2547, 3938, 3304, 1210, 3927, 3751, 3035, 4180, 4831, 5041, 0, 4062, 3355, 1291, 3787, 3001, 3355, 2101, 2373, 1974, 2705, 3315, 4037, 1678, 3122, 4994, 2948, 3315, 2019, 1807, 1658, 4513, 2621, 2475, 876, 4150, 3629, 672, 1750, 3232, 2555, 3987, 3604, 1501, 5225, 475, 1062, 1283, 1807, 3165, 913, 2867, 1291, 3787, 4267, 1173, 2401, 4351, 4040, 5014, 1711, 2013, 3834, 2101, 1678, 4032, 4040, 3079, 2475, 1343, 1274, 2705, 5132, 4374, 4496, 2847, 2886, 542, 1678, 1416, 3428, 3751, 3678, 3232, 4054, 2978, 4885, 3663, 336, 3604, 2886, 1173, 809, 3678, 1210, 2231, 2564, 4212, 3843, 1343, 542, 2122, 3093, 3038, 2435], [2057, 1210, 2705, 2484, 4921, 3016, 2684, 1424, 1062, 1210, 2555, 2701, 4062, 0, 1596, 3566, 2013, 2231, 1596, 4433, 3165, 4098, 3211, 751, 2621, 2475, 2122, 2406, 1283, 961, 2956, 3038, 2406, 950, 1531, 1678, 3751, 2564, 876, 3857, 2621, 3927, 1567, 1093, 637, 4225, 3001, 3904, 4128, 2855, 3038, 3395, 3947, 4536, 3035, 3454, 475, 3512, 1678, 425, 1238, 2855, 2515, 2551, 1813, 4433, 2401, 2819, 1898, 2547, 1678, 3763, 3372, 1424, 2851, 809, 1651, 3961, 1416, 3601, 2759, 3422, 3927, 3246, 1143, 1384, 2424, 2867, 3035, 2085, 4201, 475, 1210, 3321, 3355, 637, 3532, 3760, 3787, 151, 2349, 3763, 3651, 4161, 2971, 1416, 2057], [922, 1801, 1238, 1051, 3372, 2149, 1210, 2621, 1051, 901, 1623, 1832, 3355, 1596, 0, 3402, 619, 672, 1, 3060, 1711, 2738, 1678, 1238, 1201, 2251, 542, 1698, 766, 1826, 1651, 1807, 1910, 1384, 1007, 1083, 3402, 1210, 2041, 3422, 1617, 2344, 1711, 766, 1757, 3001, 2085, 3038, 3825, 2085, 1807, 1807, 2913, 3020, 2090, 1880, 1416, 3291, 1617, 2019, 751, 1880, 2373, 2684, 542, 3060, 1807, 1359, 751, 961, 1083, 3613, 3190, 1678, 1957, 2373, 1143, 2420, 1957, 2819, 2705, 2271, 2334, 1678, 2330, 301, 1062, 1291, 1898, 601, 3372, 1478, 1062, 3079, 2882, 961, 2443, 2330, 2286, 1698, 901, 3613, 3122, 2767, 1384, 475, 922], [2588, 2373, 3038, 4246, 4392, 1678, 4299, 2851, 2705, 4054, 5014, 5225, 1291, 3566, 3402, 0, 3961, 3294, 3402, 3239, 3060, 3035, 3385, 2886, 4374, 1173, 3372, 5097, 2767, 2659, 2621, 2443, 1501, 4246, 2443, 2334, 425, 4453, 2913, 637, 2090, 4076, 2013, 3843, 2990, 2659, 5461, 1617, 601, 1567, 2443, 3857, 2041, 3927, 1826, 4413, 3892, 151, 1957, 3751, 3938, 5251, 1083, 1062, 3938, 3239, 1623, 4430, 4150, 3490, 2334, 213, 213, 2149, 5342, 3651, 4461, 3754, 2185, 1384, 809, 2251, 4244, 4320, 2867, 3183, 4328, 3512, 5201, 3872, 1623, 3093, 2582, 336, 751, 3372, 2106, 3151, 3454, 3706, 4120, 213, 809, 3183, 3654, 2971, 2588], [1394, 2406, 1384, 475, 3232, 2582, 672, 3183, 1658, 961, 1062, 1274, 3787, 2013, 619, 3961, 0, 809, 619, 3151, 1807, 2855, 1658, 1807, 619, 2831, 672, 1210, 1384, 2406, 1898, 2090, 2461, 1501, 1617, 1678, 3927, 601, 2590, 3927, 2041, 2149, 2330, 961, 2296, 3208, 1501, 3425, 4351, 2555, 2090, 1617, 3232, 2948, 2497, 1486, 1711, 3843, 2231, 2420, 850, 1291, 2959, 3291, 213, 3151, 2344, 809, 301, 901, 1678, 4171, 3751, 2296, 1384, 2819, 913, 2330, 2569, 3246, 3294, 2564, 2085, 1274, 2886, 913, 451, 1210, 1283, 151, 3760, 2002, 1678, 3632, 3395, 1424, 2759, 2401, 2271, 2085, 336, 4171, 3613, 2851, 1238, 1093, 1394], [724, 2185, 601, 961, 2705, 1807, 1007, 3093, 1478, 1531, 1832, 2041, 3001, 2231, 672, 3294, 809, 0, 672, 2420, 1062, 2106, 1007, 1750, 1083, 2231, 151, 2013, 1143, 2286, 1093, 1283, 1813, 2041, 1210, 1201, 3211, 1173, 2551, 3190, 1274, 1698, 1957, 1424, 2291, 2420, 2231, 2625, 3632, 1807, 1283, 1173, 2424, 2349, 1711, 1384, 2085, 3165, 1801, 2655, 1384, 2019, 2373, 2767, 913, 2420, 1678, 1143, 1093, 336, 1201, 3500, 3090, 1974, 2133, 2978, 1658, 1750, 2296, 2461, 2705, 1757, 1711, 1210, 2819, 850, 1062, 637, 1922, 672, 2959, 2041, 1424, 2959, 2672, 1596, 1951, 1678, 1617, 2344, 850, 3500, 2867, 2122, 751, 876, 724], [922, 1801, 1238, 1051, 3372, 2149, 1210, 2621, 1051, 901, 1623, 1832, 3355, 1596, 1, 3402, 619, 672, 0, 3060, 1711, 2738, 1678, 1238, 1201, 2251, 542, 1698, 766, 1826, 1651, 1807, 1910, 1384, 1007, 1083, 3402, 1210, 2041, 3422, 1617, 2344, 1711, 766, 1757, 3001, 2085, 3038, 3825, 2085, 1807, 1807, 2913, 3020, 2090, 1880, 1416, 3291, 1617, 2019, 751, 1880, 2373, 2684, 542, 3060, 1807, 1359, 751, 961, 1083, 3613, 3190, 1678, 1957, 2373, 1143, 2420, 1957, 2819, 2705, 2271, 2334, 1678, 2330, 301, 1062, 1291, 1898, 601, 3372, 1478, 1062, 3079, 2882, 961, 2443, 2330, 2286, 1698, 901, 3613, 3122, 2767, 1384, 475, 922], [2377, 3843, 1826, 3035, 1210, 1832, 2913, 4785, 3425, 3947, 3972, 4150, 2101, 4433, 3060, 3239, 3151, 2420, 3060, 0, 1359, 336, 1508, 3760, 3060, 2913, 2569, 4244, 3155, 4081, 1478, 1416, 2555, 4443, 2959, 2831, 2886, 3208, 4413, 2718, 1922, 1501, 3402, 3825, 4246, 601, 4225, 1658, 3155, 2041, 1416, 1757, 1210, 809, 1711, 2349, 4413, 3093, 3190, 4831, 3799, 4040, 3038, 3500, 3304, 1, 2443, 2948, 3451, 2251, 2831, 3355, 3133, 3516, 4185, 5043, 4054, 1083, 3825, 1856, 3222, 1173, 1711, 2424, 4593, 3133, 3183, 1957, 3796, 3001, 1807, 4095, 3294, 2990, 2515, 3846, 1210, 751, 950, 4570, 3016, 3355, 2443, 301, 1974, 3038, 2377], [1165, 2791, 475, 1757, 1807, 1384, 1678, 3751, 2231, 2590, 2705, 2898, 2373, 3165, 1711, 3060, 1807, 1062, 1711, 1359, 0, 1051, 336, 2555, 1813, 2271, 1210, 2948, 1922, 2978, 451, 619, 1826, 3093, 1807, 1711, 2847, 1951, 3291, 2759, 1062, 1062, 2420, 2475, 3079, 1424, 3020, 1922, 3232, 1508, 619, 809, 1596, 1384, 1238, 1416, 3093, 2913, 2216, 3579, 2443, 2819, 2420, 2886, 1951, 1359, 1678, 1750, 2106, 913, 1711, 3239, 2886, 2497, 2956, 3843, 2701, 876, 2831, 1880, 2705, 961, 1201, 1384, 3516, 1813, 1898, 672, 2625, 1658, 2231, 2882, 2122, 2738, 2330, 2551, 1173, 619, 637, 3294, 1711, 3239, 2424, 1062, 751, 1750, 1165], [2042, 3516, 1508, 2767, 1359, 1545, 2659, 4461, 3090, 3629, 3712, 3895, 1974, 4098, 2738, 3035, 2855, 2106, 2738, 336, 1051, 0, 1238, 3425, 2803, 2625, 2256, 3972, 2819, 3751, 1143, 1083, 2251, 4120, 2625, 2497, 2705, 2948, 4081, 2551, 1596, 1384, 3079, 3503, 3913, 542, 3987, 1508, 3005, 1750, 1083, 1545, 1062, 901, 1416, 2164, 4081, 2886, 2867, 4496, 3480, 3796, 2755, 3222, 3001, 336, 2133, 2705, 3155, 1957, 2497, 3165, 2913, 3190, 3938, 4709, 3751, 961, 3503, 1658, 2956, 876, 1596, 2216, 4265, 2803, 2913, 1678, 3566, 2705, 1711, 3760, 2959, 2767, 2296, 3512, 950, 475, 751, 4236, 2738, 3165, 2256, 151, 1711, 2705, 2042], [1314, 2959, 542, 1531, 1711, 1711, 1424, 3913, 2344, 2515, 2475, 2659, 2705, 3211, 1678, 3385, 1658, 1007, 1678, 1508, 336, 1238, 0, 2655, 1567, 2555, 1143, 2738, 2019, 3122, 766, 950, 2106, 3038, 1957, 1880, 3179, 1711, 3422, 3093, 1351, 809, 2621, 2424, 3190, 1678, 2759, 2251, 3566, 1826, 950, 475, 1910, 1343, 1567, 1083, 3090, 3239, 2424, 3632, 2373, 2564, 2705, 3165, 1826, 1508, 1957, 1478, 1957, 766, 1880, 3566, 3208, 2684, 2705, 3927, 2569, 751, 3020, 2216, 3001, 1291, 913, 1062, 3663, 1832, 1678, 451, 2349, 1508, 2555, 2971, 2251, 3060, 2659, 2582, 1501, 766, 619, 3332, 1508, 3566, 2759, 1210, 475, 1807, 1314], [1401, 672, 2122, 2271, 4351, 2271, 2443, 1384, 336, 1343, 2621, 2803, 3315, 751, 1238, 2886, 1807, 1750, 1238, 3760, 2555, 3425, 2655, 0, 2420, 1757, 1678, 2564, 637, 601, 2291, 2349, 1658, 1384, 809, 950, 3038, 2406, 809, 3133, 1898, 3422, 876, 1143, 542, 3512, 3093, 3155, 3428, 2106, 2349, 2913, 3208, 3938, 2296, 3093, 1007, 2819, 950, 1093, 1283, 2913, 1813, 1922, 1651, 3760, 1651, 2590, 1807, 2085, 950, 3090, 2684, 751, 2948, 1291, 1813, 3395, 876, 2851, 2085, 2705, 3454, 2898, 1093, 950, 2256, 2373, 3016, 1826, 3451, 336, 475, 2621, 2621, 542, 2803, 3122, 3190, 901, 2122, 3090, 2913, 3500, 2497, 876, 1401], [1792, 3001, 1501, 151, 2913, 2867, 151, 3799, 2251, 1501, 913, 1093, 4037, 2621, 1201, 4374, 619, 1083, 1201, 3060, 1813, 2803, 1567, 2420, 0, 3291, 1007, 1201, 1957, 3016, 2041, 2251, 2886, 2019, 2149, 2185, 4291, 151, 3208, 4265, 2344, 1826, 2886, 1545, 2913, 3232, 1210, 3632, 4711, 2882, 2251, 1351, 3372, 2705, 2759, 1007, 2291, 4246, 2767, 3020, 1416, 1007, 3428, 3796, 809, 3060, 2755, 213, 751, 961, 2185, 4580, 4169, 2867, 1143, 3428, 1291, 2101, 3155, 3503, 3763, 2705, 1711, 809, 3503, 1501, 213, 1143, 850, 601, 3961, 2621, 2256, 4040, 3751, 2041, 2913, 2330, 2122, 2684, 301, 4580, 3938, 2767, 1093, 1658, 1792], [1508, 1351, 2106, 3155, 3901, 1083, 3232, 2090, 1545, 2882, 3872, 4081, 1678, 2475, 2251, 1173, 2831, 2231, 2251, 2913, 2271, 2625, 2555, 1757, 3291, 0, 2286, 3938, 1596, 1651, 1826, 1711, 451, 3090, 1274, 1173, 1283, 3355, 1957, 1384, 1210, 3332, 913, 2672, 1957, 2443, 4328, 1678, 1678, 876, 1711, 3001, 1922, 3428, 1210, 3480, 2759, 1083, 809, 2718, 2767, 4120, 151, 619, 2791, 2913, 601, 3372, 3001, 2475, 1173, 1384, 961, 1062, 4204, 2705, 3291, 3093, 1210, 1343, 475, 1750, 3464, 3355, 2002, 2019, 3222, 2569, 4095, 2755, 1898, 2002, 1416, 876, 901, 2216, 1711, 2564, 2803, 2621, 3020, 1384, 1201, 2755, 2718, 1807, 1508], [786, 2149, 751, 876, 2831, 1922, 950, 3038, 1424, 1384, 1711, 1922, 3122, 2122, 542, 3372, 672, 151, 542, 2569, 1210, 2256, 1143, 1678, 1007, 2286, 0, 1880, 1093, 2231, 1238, 1424, 1880, 1898, 1201, 1210, 3304, 1083, 2484, 3291, 1384, 1807, 1951, 1283, 2216, 2569, 2122, 2755, 3727, 1910, 1424, 1274, 2564, 2484, 1832, 1424, 1957, 3246, 1807, 2547, 1238, 1910, 2424, 2803, 766, 2569, 1750, 1093, 950, 425, 1210, 3579, 3165, 1957, 2019, 2882, 1508, 1880, 2271, 2582, 2759, 1898, 1807, 1238, 2759, 751, 961, 751, 1832, 542, 3090, 1957, 1384, 3038, 2767, 1486, 2090, 1826, 1757, 2231, 751, 3579, 2971, 2271, 850, 809, 786], [2581, 3232, 2564, 1210, 4095, 3787, 1351, 3799, 2551, 1238, 336, 336, 4994, 2406, 1698, 5097, 1210, 2013, 1698, 4244, 2948, 3972, 2738, 2564, 1201, 3938, 1880, 0, 2373, 3133, 3093, 3291, 3607, 1508, 2672, 2767, 5097, 1051, 3208, 5110, 3246, 3016, 3294, 1424, 2913, 4369, 619, 4634, 5521, 3751, 3291, 2551, 4433, 3904, 3706, 2149, 1951, 4987, 3246, 2705, 1283, 542, 4054, 4328, 1173, 4244, 3503, 1359, 961, 2041, 2767, 5309, 4885, 3222, 475, 3155, 766, 3301, 3428, 4453, 4382, 3763, 2886, 1974, 3503, 1922, 1062, 2296, 850, 1343, 4969, 2621, 2625, 4775, 4573, 2041, 3961, 3503, 3315, 2401, 1238, 5309, 4803, 3947, 2271, 2133, 2581], [780, 1062, 1486, 1807, 3715, 1807, 1951, 1951, 336, 1291, 2349, 2551, 2948, 1283, 766, 2767, 1384, 1143, 766, 3155, 1922, 2819, 2019, 637, 1957, 1596, 1093, 2373, 0, 1143, 1678, 1757, 1343, 1567, 336, 475, 2831, 1974, 1416, 2886, 1359, 2791, 950, 1083, 1173, 2948, 2819, 2718, 3246, 1678, 1757, 2291, 2705, 3304, 1801, 2515, 1351, 2672, 876, 1678, 1173, 2621, 1698, 1957, 1283, 3155, 1283, 2101, 1478, 1478, 475, 2978, 2555, 913, 2684, 1922, 1698, 2759, 1201, 2443, 2019, 2149, 2831, 2330, 1678, 475, 1826, 1750, 2659, 1359, 3035, 961, 301, 2461, 2349, 751, 2271, 2497, 2555, 1424, 1658, 2978, 2621, 2886, 1880, 301, 780], [1818, 301, 2582, 2867, 4785, 2424, 3035, 809, 809, 1898, 3208, 3385, 3315, 961, 1826, 2659, 2406, 2286, 1826, 4081, 2978, 3751, 3122, 601, 3016, 1651, 2231, 3133, 1143, 0, 2655, 2672, 1711, 1832, 1173, 1274, 2886, 3005, 336, 3016, 2164, 3913, 766, 1711, 336, 3760, 3678, 3239, 3239, 2231, 2672, 3425, 3372, 4351, 2484, 3654, 1384, 2621, 950, 1093, 1856, 3503, 1658, 1617, 2251, 4081, 1757, 3183, 2406, 2621, 1274, 2847, 2475, 619, 3532, 1062, 2373, 3843, 475, 2913, 1856, 2959, 3964, 3464, 542, 1531, 2855, 2886, 3613, 2420, 3503, 542, 876, 2443, 2551, 1093, 3020, 3503, 3613, 1083, 2718, 2847, 2851, 3843, 3020, 1424, 1818], [900, 2443, 542, 1957, 2164, 950, 1922, 3402, 1957, 2551, 2886, 3090, 2019, 2956, 1651, 2621, 1898, 1093, 1651, 1478, 451, 1143, 766, 2291, 2041, 1826, 1238, 3093, 1678, 2655, 0, 213, 1384, 3016, 1501, 1384, 2424, 2164, 2978, 2349, 619, 1508, 2041, 2406, 2791, 1351, 3246, 1596, 2819, 1062, 213, 1238, 1343, 1711, 809, 1813, 2948, 2475, 1832, 3355, 2401, 3038, 1974, 2443, 2002, 1478, 1238, 2019, 2185, 1083, 1384, 2803, 2443, 2133, 3165, 3579, 2738, 1283, 2461, 1501, 2256, 672, 1651, 1750, 3183, 1678, 2085, 961, 2882, 1757, 1922, 2625, 1832, 2296, 1898, 2373, 876, 850, 1007, 3093, 1880, 2803, 2013, 1210, 1083, 1567, 900], [992, 2443, 751, 2164, 2216, 766, 2133, 3395, 2013, 2705, 3090, 3294, 1807, 3038, 1807, 2443, 2090, 1283, 1807, 1416, 619, 1083, 950, 2349, 2251, 1711, 1424, 3291, 1757, 2672, 213, 0, 1283, 3155, 1545, 1416, 2231, 2373, 3001, 2149, 542, 1651, 2019, 2551, 2831, 1210, 3454, 1384, 2621, 901, 1, 1424, 1143, 1750, 619, 2013, 3060, 2296, 1807, 3428, 2555, 3246, 1856, 2330, 2185, 1416, 1143, 2231, 2373, 1291, 1416, 2621, 2271, 2122, 3372, 3629, 2913, 1384, 2443, 1291, 2122, 475, 1807, 1957, 3190, 1807, 2291, 1173, 3093, 1951, 1711, 2684, 1880, 2122, 1711, 2475, 672, 876, 1093, 3179, 2085, 2621, 1813, 1173, 1291, 1678, 992], [1096, 1424, 1658, 2755, 3490, 751, 2819, 2291, 1384, 2625, 3516, 3727, 1658, 2406, 1910, 1501, 2461, 1813, 1910, 2555, 1826, 2251, 2106, 1658, 2886, 451, 1880, 3607, 1343, 1711, 1384, 1283, 0, 2898, 1007, 876, 1501, 2959, 2041, 1545, 766, 2886, 950, 2420, 1974, 2133, 3961, 1531, 1922, 542, 1283, 2551, 1678, 3020, 850, 3035, 2621, 1384, 766, 2705, 2497, 3751, 601, 1062, 2443, 2555, 151, 2956, 2655, 2041, 876, 1711, 1291, 1093, 3843, 2767, 3001, 2659, 1343, 1210, 913, 1384, 3016, 2913, 2149, 1711, 2831, 2122, 3706, 2373, 1807, 1951, 1238, 1173, 1007, 2041, 1384, 2149, 2373, 2555, 2625, 1711, 1283, 2373, 2271, 1501, 1096], [2190, 2019, 2621, 1910, 4697, 3355, 2122, 2373, 1545, 542, 1711, 1826, 4513, 950, 1384, 4246, 1501, 2041, 1384, 4443, 3093, 4120, 3038, 1384, 2019, 3090, 1898, 1508, 1567, 1832, 3016, 3155, 2898, 0, 1898, 2041, 4361, 1922, 1813, 4433, 2867, 3629, 2251, 619, 1545, 4361, 2122, 4267, 4766, 3239, 3155, 3090, 4212, 4374, 3332, 2978, 475, 4169, 2291, 1201, 672, 2002, 3165, 3304, 1291, 4443, 2847, 2231, 1274, 2286, 2041, 4453, 4040, 2133, 1974, 1651, 809, 3763, 2231, 4003, 3454, 3601, 3579, 2767, 2090, 1351, 1807, 2621, 2231, 1623, 4590, 1291, 1678, 3964, 3901, 876, 3754, 3712, 3654, 913, 1807, 4453, 4180, 4150, 2684, 1508, 2190], [647, 1007, 1416, 2002, 3613, 1501, 2122, 1957, 475, 1623, 2625, 2831, 2621, 1531, 1007, 2443, 1617, 1210, 1007, 2959, 1807, 2625, 1957, 809, 2149, 1274, 1201, 2672, 336, 1173, 1501, 1545, 1007, 1898, 0, 151, 2497, 2185, 1486, 2551, 1093, 2755, 751, 1416, 1291, 2705, 3090, 2406, 2913, 1359, 1545, 2286, 2420, 3183, 1508, 2590, 1658, 2344, 619, 1898, 1501, 2886, 1384, 1678, 1545, 2959, 950, 2271, 1750, 1531, 151, 2655, 2231, 766, 2959, 2085, 2019, 2672, 1093, 2122, 1711, 1898, 2819, 2420, 1711, 751, 2041, 1757, 2898, 1567, 2718, 1143, 336, 2133, 2013, 1062, 2002, 2344, 2443, 1678, 1856, 2655, 2286, 2705, 1898, 542, 647], [570, 1083, 1343, 2041, 3516, 1351, 2149, 2041, 619, 1750, 2705, 2913, 2475, 1678, 1083, 2334, 1678, 1201, 1083, 2831, 1711, 2497, 1880, 950, 2185, 1173, 1210, 2767, 475, 1274, 1384, 1416, 876, 2041, 151, 0, 2373, 2231, 1596, 2420, 950, 2684, 766, 1545, 1416, 2564, 3165, 2256, 2791, 1210, 1416, 2231, 2271, 3079, 1359, 2569, 1807, 2231, 601, 2041, 1623, 2959, 1291, 1617, 1623, 2831, 809, 2296, 1832, 1508, 1, 2547, 2122, 809, 3038, 2216, 2133, 2582, 1143, 1974, 1623, 1757, 2759, 2406, 1807, 850, 2090, 1711, 2956, 1617, 2569, 1283, 475, 2019, 1880, 1210, 1856, 2231, 2344, 1826, 1898, 2547, 2149, 2582, 1856, 637, 570], [2535, 2590, 2886, 4171, 4062, 1478, 4204, 3165, 2819, 4120, 4987, 5199, 876, 3751, 3402, 425, 3927, 3211, 3402, 2886, 2847, 2705, 3179, 3038, 4291, 1283, 3304, 5097, 2831, 2886, 2424, 2231, 1501, 4361, 2497, 2373, 0, 4382, 3165, 213, 1957, 3825, 2185, 3913, 3208, 2296, 5420, 1238, 425, 1416, 2231, 3654, 1678, 3604, 1617, 4236, 4040, 336, 2090, 3972, 3995, 5208, 1238, 1359, 3927, 2886, 1596, 4328, 4139, 3372, 2373, 475, 475, 2330, 5309, 3913, 4501, 3480, 2420, 1051, 1051, 1974, 4003, 4161, 3151, 3211, 4265, 3355, 5132, 3825, 1210, 3277, 2684, 451, 542, 3490, 1807, 2867, 3183, 3895, 4054, 475, 451, 2855, 3490, 3001, 2535], [1866, 3005, 1623, 213, 3060, 2971, 301, 3778, 2256, 1416, 766, 950, 4150, 2564, 1210, 4453, 601, 1173, 1210, 3208, 1951, 2948, 1711, 2406, 151, 3355, 1083, 1051, 1974, 3005, 2164, 2373, 2959, 1922, 2185, 2231, 4382, 0, 3183, 4361, 2443, 1974, 2913, 1478, 2886, 3372, 1083, 3751, 4803, 2978, 2373, 1501, 3500, 2855, 2867, 1143, 2216, 4328, 2803, 2956, 1343, 876, 3490, 3846, 766, 3208, 2831, 336, 672, 1083, 2231, 4661, 4246, 2886, 1007, 3372, 1173, 2251, 3165, 3613, 3825, 2831, 1856, 950, 3480, 1508, 151, 1283, 751, 619, 4081, 2590, 2271, 4120, 3843, 2002, 3038, 2475, 2271, 2621, 336, 4661, 4037, 2913, 1238, 1678, 1866], [2127, 619, 2882, 3060, 5097, 2759, 3239, 601, 1083, 1974, 3315, 3480, 3629, 876, 2041, 2913, 2590, 2551, 2041, 4413, 3291, 4081, 3422, 809, 3208, 1957, 2484, 3208, 1416, 336, 2978, 3001, 2041, 1813, 1486, 1596, 3165, 3183, 0, 3304, 2497, 4204, 1093, 1807, 301, 4095, 3778, 3566, 3503, 2564, 3001, 3706, 3706, 4668, 2819, 3901, 1343, 2886, 1283, 876, 1957, 3613, 1951, 1856, 2420, 4413, 2090, 3385, 2555, 2886, 1596, 3093, 2738, 950, 3629, 751, 2443, 4150, 751, 3239, 2122, 3294, 4246, 3706, 301, 1757, 3035, 3165, 3751, 2621, 3825, 601, 1173, 2718, 2855, 1201, 3355, 3825, 3927, 961, 2913, 3093, 3155, 4171, 3294, 1678, 2127], [2535, 2718, 2831, 4150, 3904, 1416, 4171, 3332, 2898, 4169, 4987, 5199, 672, 3857, 3422, 637, 3927, 3190, 3422, 2718, 2759, 2551, 3093, 3133, 4265, 1384, 3291, 5110, 2886, 3016, 2349, 2149, 1545, 4433, 2551, 2420, 213, 4361, 3304, 0, 1922, 3712, 2296, 3964, 3332, 2122, 5411, 1062, 475, 1384, 2149, 3566, 1508, 3451, 1545, 4161, 4128, 542, 2185, 4095, 4040, 5199, 1359, 1531, 3938, 2718, 1623, 4291, 4150, 3332, 2420, 672, 672, 2443, 5304, 4054, 4536, 3355, 2555, 913, 1210, 1856, 3895, 4095, 3304, 3246, 4249, 3294, 5110, 3819, 1007, 3385, 2759, 619, 542, 3566, 1678, 2738, 3060, 4003, 4037, 672, 336, 2701, 3425, 3038, 2535], [699, 1922, 950, 2231, 2755, 542, 2251, 2867, 1567, 2475, 3093, 3304, 1750, 2621, 1617, 2090, 2041, 1274, 1617, 1922, 1062, 1596, 1351, 1898, 2344, 1210, 1384, 3246, 1359, 2164, 619, 542, 766, 2867, 1093, 950, 1957, 2443, 2497, 1922, 0, 2122, 1486, 2296, 2349, 1617, 3503, 1424, 2373, 542, 542, 1807, 1351, 2291, 475, 2330, 2705, 1951, 1274, 2990, 2330, 3291, 1359, 1826, 2085, 1922, 619, 2373, 2291, 1416, 950, 2286, 1898, 1596, 3402, 3155, 2759, 1898, 1910, 1210, 1651, 809, 2256, 2231, 2672, 1531, 2334, 1424, 3190, 1922, 1757, 2231, 1424, 1757, 1416, 2106, 913, 1416, 1617, 2767, 2122, 2286, 1596, 1698, 1567, 1359, 699], [2116, 3760, 1343, 1856, 1093, 2406, 1678, 4709, 3122, 3090, 2705, 2851, 3232, 3927, 2344, 4076, 2149, 1698, 2344, 1501, 1062, 1384, 809, 3422, 1826, 3332, 1807, 3016, 2791, 3913, 1508, 1651, 2886, 3629, 2755, 2684, 3825, 1974, 4204, 3712, 2122, 0, 3428, 3038, 3961, 1922, 2867, 2759, 4185, 2551, 1651, 542, 2349, 913, 2256, 913, 3751, 3927, 3232, 4351, 2959, 2705, 3480, 3947, 2349, 1501, 2738, 1658, 2424, 1384, 2684, 4244, 3913, 3490, 2855, 4673, 3038, 425, 3825, 2803, 3763, 1856, 213, 1051, 4453, 2547, 2002, 1062, 2420, 2013, 3020, 3727, 3038, 3763, 3332, 3291, 2041, 1007, 672, 4037, 1898, 4244, 3385, 1274, 961, 2555, 2116], [1326, 475, 2090, 2738, 4204, 1678, 2867, 1384, 751, 2133, 3291, 3490, 2555, 1567, 1711, 2013, 2330, 1957, 1711, 3402, 2420, 3079, 2621, 876, 2886, 913, 1951, 3294, 950, 766, 2041, 2019, 950, 2251, 751, 766, 2185, 2913, 1093, 2296, 1486, 3428, 0, 1922, 1051, 3038, 3763, 2475, 2564, 1478, 2019, 2990, 2621, 3751, 1750, 3332, 1880, 1951, 213, 1807, 2041, 3566, 950, 1062, 2231, 3402, 1007, 3016, 2424, 2271, 766, 2216, 1813, 151, 3626, 1826, 2582, 3294, 425, 2149, 1210, 2251, 3512, 3165, 1210, 1424, 2767, 2475, 3607, 2296, 2738, 1093, 672, 1757, 1807, 1384, 2291, 2882, 3038, 1711, 2590, 2216, 2106, 3183, 2621, 1238, 1326], [1605, 1813, 2002, 1416, 4095, 2803, 1623, 2406, 1173, 213, 1508, 1678, 3987, 1093, 766, 3843, 961, 1424, 766, 3825, 2475, 3503, 2424, 1143, 1545, 2672, 1283, 1424, 1083, 1711, 2406, 2551, 2420, 619, 1416, 1545, 3913, 1478, 1807, 3964, 2296, 3038, 1922, 0, 1508, 3754, 1974, 3712, 4328, 2705, 2551, 2497, 3629, 3763, 2767, 2443, 751, 3751, 1910, 1478, 151, 1807, 2767, 2978, 751, 3825, 2349, 1750, 809, 1678, 1545, 4054, 3632, 1832, 1826, 1898, 672, 3155, 2013, 3464, 3079, 3005, 3001, 2231, 2106, 766, 1343, 2013, 1957, 1062, 4040, 1210, 1274, 3541, 3425, 619, 3165, 3093, 3038, 1143, 1291, 4054, 3691, 3532, 2085, 950, 1605], [1917, 619, 2655, 2767, 4880, 2659, 2948, 901, 850, 1678, 3016, 3183, 3604, 637, 1757, 2990, 2296, 2291, 1757, 4246, 3079, 3913, 3190, 542, 2913, 1957, 2216, 2913, 1173, 336, 2791, 2831, 1974, 1545, 1291, 1416, 3208, 2886, 301, 3332, 2349, 3961, 1051, 1508, 0, 3961, 3480, 3503, 3566, 2475, 2831, 3454, 3607, 4461, 2705, 3626, 1083, 2948, 1210, 766, 1658, 3315, 1974, 1951, 2122, 4246, 2002, 3093, 2256, 2625, 1416, 3179, 2803, 901, 3332, 809, 2149, 3927, 809, 3183, 2185, 3155, 3995, 3428, 601, 1478, 2738, 2913, 3451, 2330, 3778, 301, 961, 2767, 2855, 901, 3232, 3632, 3715, 751, 2621, 3179, 3155, 3995, 3038, 1416, 1917], [2197, 3500, 1826, 3179, 1807, 1384, 3093, 4413, 3179, 3901, 4128, 4320, 1501, 4225, 3001, 2659, 3208, 2420, 3001, 601, 1424, 542, 1678, 3512, 3232, 2443, 2569, 4369, 2948, 3760, 1351, 1210, 2133, 4361, 2705, 2564, 2296, 3372, 4095, 2122, 1617, 1922, 3038, 3754, 3961, 0, 4433, 1062, 2555, 1596, 1210, 2041, 619, 1384, 1291, 2672, 4267, 2515, 2831, 4602, 3751, 4236, 2555, 3001, 3332, 601, 2041, 3155, 3503, 2330, 2564, 2767, 2564, 3165, 4374, 4768, 4076, 1501, 3454, 1283, 2705, 809, 2133, 2705, 4246, 3016, 3321, 2090, 4026, 3060, 1210, 3846, 3038, 2424, 1951, 3678, 751, 961, 1274, 4369, 3133, 2767, 1856, 672, 2149, 2886, 2197], [2887, 3751, 2705, 1291, 3901, 4037, 1343, 4374, 3038, 1807, 475, 301, 5225, 3001, 2085, 5461, 1501, 2231, 2085, 4225, 3020, 3987, 2759, 3093, 1210, 4328, 2122, 619, 2819, 3678, 3246, 3454, 3961, 2122, 3090, 3165, 5420, 1083, 3778, 5411, 3503, 2867, 3763, 1974, 3480, 4433, 0, 4831, 5843, 4032, 3454, 2475, 4580, 3778, 3938, 1957, 2555, 5342, 3691, 3315, 1826, 213, 4453, 4766, 1545, 4225, 3843, 1283, 1343, 2164, 3165, 5671, 5251, 3706, 151, 3763, 1351, 3208, 3938, 4687, 4787, 3913, 2705, 1826, 4076, 2349, 1173, 2349, 451, 1596, 5162, 3183, 3093, 5132, 4885, 2590, 4120, 3512, 3277, 3005, 1384, 5671, 5092, 3938, 2286, 2551, 2887], [2122, 2948, 2133, 3541, 2851, 913, 3516, 3763, 2851, 3895, 4453, 4661, 475, 3904, 3038, 1617, 3425, 2625, 3038, 1658, 1922, 1508, 2251, 3155, 3632, 1678, 2755, 4634, 2718, 3239, 1596, 1384, 1531, 4267, 2406, 2256, 1238, 3751, 3566, 1062, 1424, 2759, 2475, 3712, 3503, 1062, 4831, 0, 1501, 1051, 1384, 2705, 451, 2406, 950, 3332, 4062, 1478, 2296, 4225, 3751, 4622, 1750, 2133, 3490, 1658, 1508, 3613, 3691, 2672, 2256, 1711, 1545, 2621, 4744, 4296, 4180, 2373, 2847, 336, 1807, 961, 2956, 3304, 3654, 2948, 3663, 2547, 4476, 3294, 336, 3464, 2701, 1416, 961, 3464, 751, 1757, 2090, 4054, 3454, 1711, 809, 1658, 2655, 2767, 2122], [2959, 2948, 3294, 4593, 4351, 1880, 4622, 3451, 3222, 4536, 5411, 5623, 1062, 4128, 3825, 601, 4351, 3632, 3825, 3155, 3232, 3005, 3566, 3428, 4711, 1678, 3727, 5521, 3246, 3239, 2819, 2621, 1922, 4766, 2913, 2791, 425, 4803, 3503, 475, 2373, 4185, 2564, 4328, 3566, 2555, 5843, 1501, 0, 1832, 2621, 4040, 1951, 3904, 2013, 4632, 4433, 619, 2484, 4330, 4413, 5631, 1617, 1658, 4351, 3155, 2019, 4744, 4563, 3787, 2791, 475, 766, 2705, 5732, 4244, 4921, 3825, 2767, 1384, 1384, 2330, 4369, 4563, 3464, 3632, 4687, 3760, 5553, 4249, 1384, 3654, 3090, 809, 961, 3892, 2149, 3208, 3532, 4270, 4476, 475, 809, 3155, 3892, 3422, 2959], [1172, 1951, 1478, 2767, 3038, 213, 2791, 2831, 1801, 2898, 3613, 3825, 1283, 2855, 2085, 1567, 2555, 1807, 2085, 2041, 1508, 1750, 1826, 2106, 2882, 876, 1910, 3751, 1678, 2231, 1062, 901, 542, 3239, 1359, 1210, 1416, 2978, 2564, 1384, 542, 2551, 1478, 2705, 2475, 1596, 4032, 1051, 1832, 0, 901, 2296, 1143, 2564, 336, 2847, 3016, 1424, 1283, 3183, 2759, 3819, 1007, 1478, 2582, 2041, 475, 2913, 2791, 1957, 1210, 1757, 1384, 1617, 3927, 3277, 3222, 2271, 1880, 766, 1238, 876, 2705, 2759, 2684, 1951, 2867, 1951, 3727, 2443, 1359, 2420, 1651, 1238, 876, 2420, 850, 1711, 1974, 3005, 2655, 1757, 1062, 1880, 2090, 1757, 1172], [992, 2443, 751, 2164, 2216, 766, 2133, 3395, 2013, 2705, 3090, 3294, 1807, 3038, 1807, 2443, 2090, 1283, 1807, 1416, 619, 1083, 950, 2349, 2251, 1711, 1424, 3291, 1757, 2672, 213, 1, 1283, 3155, 1545, 1416, 2231, 2373, 3001, 2149, 542, 1651, 2019, 2551, 2831, 1210, 3454, 1384, 2621, 901, 0, 1424, 1143, 1750, 619, 2013, 3060, 2296, 1807, 3428, 2555, 3246, 1856, 2330, 2185, 1416, 1143, 2231, 2373, 1291, 1416, 2621, 2271, 2122, 3372, 3629, 2913, 1384, 2443, 1291, 2122, 475, 1807, 1957, 3190, 1807, 2291, 1173, 3093, 1951, 1711, 2684, 1880, 2122, 1711, 2475, 672, 876, 1093, 3179, 2085, 2621, 1813, 1173, 1291, 1678, 992], [1665, 3291, 913, 1359, 1617, 2185, 1201, 4228, 2625, 2551, 2256, 2420, 3165, 3395, 1807, 3857, 1617, 1173, 1807, 1757, 809, 1545, 475, 2913, 1351, 3001, 1274, 2551, 2291, 3425, 1238, 1424, 2551, 3090, 2286, 2231, 3654, 1501, 3706, 3566, 1807, 542, 2990, 2497, 3454, 2041, 2475, 2705, 4040, 2296, 1424, 0, 2344, 1359, 2041, 637, 3211, 3712, 2803, 3819, 2420, 2296, 3151, 3604, 1813, 1757, 2401, 1210, 1898, 850, 2231, 4040, 3678, 3038, 2443, 4150, 2515, 751, 3372, 2684, 3454, 1750, 542, 672, 3964, 2019, 1508, 542, 2041, 1478, 3001, 3211, 2551, 3532, 3133, 2759, 1957, 1083, 809, 3503, 1384, 4040, 3232, 1478, 425, 2041, 1665], [2026, 3093, 1880, 3294, 2401, 950, 3246, 3964, 2886, 3799, 4228, 4430, 913, 3947, 2913, 2041, 3232, 2424, 2913, 1210, 1596, 1062, 1910, 3208, 3372, 1922, 2564, 4433, 2705, 3372, 1343, 1143, 1678, 4212, 2420, 2271, 1678, 3500, 3706, 1508, 1351, 2349, 2621, 3629, 3607, 619, 4580, 451, 1951, 1143, 1143, 2344, 0, 1957, 913, 2978, 4054, 1898, 2424, 4296, 3651, 4374, 2019, 2443, 3321, 1210, 1617, 3332, 3512, 2420, 2271, 2149, 1951, 2759, 4503, 4413, 4040, 1951, 3020, 672, 2133, 672, 2551, 2971, 3825, 2867, 3425, 2251, 4204, 3093, 672, 3532, 2738, 1813, 1343, 3454, 475, 1343, 1678, 4095, 3222, 2149, 1238, 1210, 2344, 2705, 2026], [2545, 4150, 1832, 2718, 475, 2373, 2555, 5110, 3613, 3846, 3601, 3754, 2867, 4536, 3020, 3927, 2948, 2349, 3020, 809, 1384, 901, 1343, 3938, 2705, 3428, 2484, 3904, 3304, 4351, 1711, 1750, 3020, 4374, 3183, 3079, 3604, 2855, 4668, 3451, 2291, 913, 3751, 3763, 4461, 1384, 3778, 2406, 3904, 2564, 1750, 1359, 1957, 0, 2231, 1826, 4430, 3778, 3541, 4953, 3706, 3613, 3566, 4040, 3133, 809, 2886, 2551, 3239, 2090, 3079, 4062, 3799, 3843, 3763, 5225, 3857, 619, 4171, 2555, 3796, 1711, 1093, 1957, 4885, 3165, 2867, 1757, 3332, 2803, 2590, 4265, 3503, 3651, 3183, 3913, 1826, 876, 751, 4661, 2738, 4062, 3155, 751, 1711, 3122, 2545], [1173, 2216, 1291, 2655, 2705, 151, 2655, 3122, 1974, 2948, 3541, 3751, 1291, 3035, 2090, 1826, 2497, 1711, 2090, 1711, 1238, 1416, 1567, 2296, 2759, 1210, 1832, 3706, 1801, 2484, 809, 619, 850, 3332, 1508, 1359, 1617, 2867, 2819, 1545, 475, 2256, 1750, 2767, 2705, 1291, 3938, 950, 2013, 336, 619, 2041, 913, 2231, 0, 2621, 3151, 1678, 1545, 3385, 2803, 3727, 1343, 1813, 2551, 1711, 751, 2767, 2755, 1807, 1359, 2002, 1658, 1880, 3843, 3512, 3232, 1957, 2164, 751, 1567, 542, 2420, 2551, 2959, 2002, 2767, 1750, 3607, 2373, 1283, 2621, 1826, 1508, 1093, 2551, 542, 1384, 1658, 3183, 2555, 2002, 1210, 1545, 1880, 1826, 1173], [2035, 3566, 1384, 1083, 1957, 2759, 876, 4461, 2847, 2443, 1826, 1957, 3787, 3454, 1880, 4413, 1486, 1384, 1880, 2349, 1416, 2164, 1083, 3093, 1007, 3480, 1424, 2149, 2515, 3654, 1813, 2013, 3035, 2978, 2590, 2569, 4236, 1143, 3901, 4161, 2330, 913, 3332, 2443, 3626, 2672, 1957, 3332, 4632, 2847, 2013, 637, 2978, 1826, 2621, 0, 3190, 4270, 3165, 3872, 2334, 1801, 3629, 4062, 1698, 2349, 2886, 809, 1711, 1062, 2569, 4602, 4225, 3355, 1951, 4246, 2291, 1283, 3678, 3294, 3947, 2373, 751, 213, 4180, 2149, 1210, 913, 1508, 1384, 3632, 3355, 2803, 4081, 3706, 2831, 2582, 1711, 1416, 3541, 1173, 4602, 3825, 2085, 766, 2231, 2035], [2071, 1596, 2621, 2164, 4787, 3155, 2373, 1898, 1238, 809, 2122, 2256, 4267, 475, 1416, 3892, 1711, 2085, 1416, 4413, 3093, 4081, 3090, 1007, 2291, 2759, 1957, 1951, 1351, 1384, 2948, 3060, 2621, 475, 1658, 1807, 4040, 2216, 1343, 4128, 2705, 3751, 1880, 751, 1083, 4267, 2555, 4062, 4433