{'nodes': [(0, 7.133333333333334, 7.876190476190477, 0, 48000, 0, False), (1, 7.0, 6.5, 17262, 22024, 30, True), (2, 0.5, 12.0, 18290, 25297, 40, True), (3, 3.0, 9.5, 24205, 30619, 10, True), (4, 3.0, 1.5, 35188, 40638, 10, True), (5, 14.0, 2.0, 23327, 32698, 30, True), (6, 0, 1.5, 14645, 16505, 20, True), (7, 8.5, 6.5, 32675, 37873, 40, True), (8, 8.0, 14.0, 34898, 42298, 40, True), (9, 0, 6.5, 22619, 26914, 20, True), (10, 1.5, 12.5, 27620, 34920, 10, True), (11, 15.0, 13.0, 24003, 31333, 50, True), (12, 5.5, 2.5, 4440, 12388, 50, True), (13, 6.0, 0, 20190, 24854, 50, True), (14, 0.5, 4.0, 39989, 47820, 30, True), (15, 2.5, 2.5, 1865, 7801, 20, True), (16, 5.0, 10.0, 0, 4195, 20, True), (17, 0, 10.5, 29499, 36072, 10, True), (18, 1.5, 7.0, 15580, 16968, 10, True), (19, 10.5, 12.0, 3182, 8142, 10, True), (20, 13.0, 3.0, 5896, 12775, 20, False), (21, 14.5, 6.5, 41358, 48000, 20, True), (22, 12.5, 4.5, 27610, 31924, 20, True), (23, 4.0, 3.0, 30772, 38471, 40, True), (24, 1.0, 7.5, 37162, 41235, 50, False), (25, 6.0, 5.5, 0, 5801, 40, True), (26, 8.0, 15.0, 35109, 42473, 30, True), (27, 6.0, 12.5, 14272, 20843, 50, True), (28, 14.0, 5.0, 11132, 17879, 50, True), (29, 5.0, 0.5, 13256, 19586, 20, True), (30, 3.5, 10.0, 43595, 45934, 40, True), (31, 13.0, 0, 10187, 19485, 30, True), (32, 6.0, 5.0, 28231, 34269, 20, True), (33, 10.0, 11.5, 13889, 21496, 20, True), (34, 9.0, 6.0, 1535, 7764, 30, True), (35, 6.5, 14.5, 11741, 18706, 20, True), (36, 8.5, 15.0, 21150, 29376, 40, True), (37, 6.5, 13.5, 38135, 44477, 10, True), (38, 2.0, 6.0, 26071, 31559, 50, True), (39, 1.5, 13.0, 8466, 13622, 30, False), (40, 2.0, 9.0, 27891, 34438, 10, True), (41, 14.0, 4.0, 11209, 15646, 40, True), (42, 15.0, 13.5, 27252, 32267, 10, True), (43, 14.0, 12.5, 25137, 30417, 50, True), (44, 3.0, 6.0, 39028, 48000, 10, True), (45, 13.5, 14.0, 37247, 42793, 50, False), (46, 12.5, 0, 11584, 15936, 40, True), (47, 2.0, 14.5, 10336, 17550, 20, True), (48, 2.0, 7.0, 25072, 31407, 10, True), (49, 8.0, 2.0, 42488, 45711, 50, True), (50, 1.0, 2.0, 24524, 30509, 40, True), (51, 13.0, 2.5, 32965, 38919, 30, True), (52, 13.5, 14.5, 9131, 19069, 10, True), (53, 4.0, 0, 21115, 28257, 20, True), (54, 14.0, 2.5, 11389, 17315, 50, True), (55, 3.5, 11.0, 26823, 32622, 30, True), (56, 1.0, 2.5, 20881, 26202, 30, True), (57, 4.5, 4.0, 32994, 39843, 10, True), (58, 13.5, 9.0, 39365, 45202, 50, True), (59, 9.5, 5.5, 6256, 6662, 20, True), (60, 4.0, 13.5, 5067, 10680, 40, True), (61, 0, 3.5, 0, 6796, 20, True), (62, 1.5, 8.5, 10941, 18496, 40, True), (63, 13.0, 6.5, 4809, 11929, 10, True), (64, 7.5, 3.5, 3781, 6542, 40, True), (65, 11.0, 8.5, 16102, 24059, 50, True), (66, 5.0, 7.5, 0, 4855, 50, True), (67, 1.5, 14.0, 38050, 45221, 50, True), (68, 9.0, 13.5, 28703, 34167, 10, True), (69, 7.5, 10.5, 2272, 9472, 30, True), (70, 12.5, 2.5, 0, 5125, 50, False), (71, 4.5, 7.5, 13478, 20724, 50, True), (72, 7.0, 14.0, 3144, 8987, 30, True), (73, 2.5, 10.0, 9865, 16722, 20, True), (74, 8.0, 15.0, 32343, 36673, 20, True), (75, 7.0, 10.0, 29409, 34501, 40, True), (76, 9.5, 0.5, 1106, 5235, 30, True), (77, 9.5, 5.5, 34621, 44079, 20, True), (78, 0, 0.5, 22519, 31158, 20, True), (79, 11.5, 14.5, 32645, 35696, 50, True), (80, 5.5, 3.0, 38700, 43936, 10, True), (81, 5.0, 12.0, 18132, 23745, 40, True), (82, 15.0, 3.5, 12904, 19044, 10, True), (83, 13.0, 2.5, 11898, 17593, 20, True), (84, 9.0, 13.0, 31761, 36603, 10, True), (85, 3.0, 4.0, 0, 6366, 50, True), (86, 0, 9.5, 36407, 43537, 20, False), (87, 6.5, 11.0, 18771, 28641, 40, True), (88, 2.5, 14.5, 11861, 13554, 10, True), (89, 3.5, 13.0, 23903, 28397, 40, False), (90, 4.5, 8.5, 30282, 34529, 50, False), (91, 14.5, 8.0, 18537, 24916, 30, False), (92, 5.0, 7.0, 40680, 46766, 20, True), (93, 14.0, 12.0, 820, 4594, 50, True), (94, 12.5, 12.0, 6563, 16522, 30, True), (95, 15.0, 10.0, 4775, 9837, 20, False), (96, 2.5, 14.5, 39423, 46625, 10, True), (97, 3.5, 8.0, 846, 6024, 10, True), (98, 12.0, 10.0, 2089, 8011, 20, True), (99, 7.5, 1.5, 32431, 42443, 20, True), (100, 9.0, 14.5, 7737, 13984, 30, True), (101, 12.5, 11.0, 9739, 15700, 10, True), (102, 12.5, 12.0, 34330, 40030, 20, True), (103, 8.5, 1.5, 20793, 27942, 50, True), (104, 1.0, 3.0, 2493, 7246, 50, True), (105, 13.5, 10.5, 23361, 30744, 30, True), (106, 7.133333333333334, 7.876190476190477, 0, 48000, 0, False)], 'F': 20.0, 'ct': 0.083, 'cd': 0.021, 'truck_cap': 100, 'drone_cap': 20, 'truck_speed': 40, 'drone_speed': 40, 'a': 1, 'b': 2, 'max_flight_time': 30, 'ttt': [[0, 416, 2344, 1333, 2281, 2712, 2871, 583, 1856, 2180, 2187, 2817, 1687, 2388, 2306, 2130, 904, 2281, 1711, 1598, 2290, 2249, 1903, 1740, 1844, 791, 2154, 1429, 2234, 2305, 1264, 2947, 928, 1387, 795, 1997, 2177, 1699, 1641, 2285, 1577, 2367, 2902, 2484, 1363, 2651, 2860, 2515, 1563, 1783, 2549, 2388, 2757, 2544, 2617, 1438, 2448, 1407, 1941, 1007, 1932, 2512, 1701, 1809, 1318, 1176, 651, 2497, 1779, 796, 2280, 799, 1839, 1530, 2154, 639, 2325, 1007, 3079, 2381, 1544, 1394, 2702, 2388, 1637, 1701, 2196, 957, 2426, 1885, 813, 2211, 693, 2404, 2031, 2445, 2426, 1092, 1594, 1917, 2066, 1864, 2031, 1957, 2352, 2067, 1], [416, 0, 2555, 1501, 1922, 2497, 2582, 451, 2271, 2101, 2443, 3093, 1283, 1974, 2090, 1807, 1210, 2420, 1658, 1957, 2085, 2251, 1757, 1384, 1826, 425, 2569, 1826, 2149, 1898, 1486, 2655, 542, 1750, 619, 2406, 2590, 2106, 1508, 2555, 1678, 2231, 3190, 2767, 1210, 2978, 2555, 2831, 1508, 1384, 2251, 2164, 3093, 2149, 2420, 1711, 2164, 1062, 2090, 809, 2286, 2286, 1757, 1801, 913, 1343, 672, 2791, 2185, 1210, 2041, 809, 2251, 1711, 2569, 1051, 1951, 809, 2767, 2755, 1143, 1757, 2564, 2164, 2041, 1416, 2286, 1359, 2755, 2216, 961, 2296, 619, 2672, 2334, 2621, 2755, 1143, 1832, 1508, 2475, 2133, 2334, 1567, 2085, 2291, 416], [2344, 2555, 0, 1062, 3239, 5041, 3155, 2913, 2330, 1658, 336, 4361, 3222, 3961, 2401, 2913, 1478, 475, 1531, 3001, 4622, 4513, 4246, 2898, 1359, 2555, 2424, 1658, 4563, 3706, 1083, 5199, 2672, 2855, 3122, 1951, 2564, 1856, 1856, 425, 1007, 4709, 4374, 4054, 1951, 3947, 5092, 876, 1567, 3751, 3005, 4711, 3972, 3751, 4953, 950, 2855, 2684, 4003, 3332, 1143, 2555, 1093, 4098, 3304, 3321, 1910, 672, 2590, 2149, 4593, 1807, 2041, 850, 2424, 2041, 4382, 3332, 3454, 3385, 3090, 1351, 5043, 4711, 2569, 2515, 766, 1826, 961, 950, 1596, 4369, 2019, 4051, 3601, 4392, 961, 1501, 3503, 3787, 2659, 3613, 3601, 3961, 2705, 3927, 2344], [1333, 1501, 1062, 0, 2401, 3995, 2564, 1880, 2019, 1274, 1007, 3751, 2231, 2990, 1813, 2106, 619, 950, 876, 2373, 3579, 3566, 3222, 1974, 850, 1501, 2231, 1274, 3566, 2767, 213, 4139, 1623, 2185, 2085, 1832, 2334, 1596, 1093, 1143, 336, 3691, 3796, 3422, 1051, 3428, 4032, 1531, 809, 2705, 2330, 3663, 3490, 2867, 3913, 475, 2185, 1711, 3155, 2291, 1238, 2013, 542, 3133, 2251, 2420, 850, 1424, 2164, 1384, 3541, 751, 1807, 213, 2231, 1210, 3332, 2291, 2847, 2959, 2090, 961, 4026, 3663, 2085, 1651, 901, 1143, 1508, 1062, 542, 3480, 961, 3385, 2948, 3604, 1508, 475, 2705, 2755, 2344, 2886, 2948, 2913, 2041, 3165, 1333], [2281, 1922, 3239, 2401, 0, 3304, 901, 2231, 4040, 1750, 3332, 4987, 809, 1007, 1062, 336, 2621, 2847, 1711, 3872, 3035, 3763, 2990, 542, 1898, 1501, 4320, 3422, 3464, 672, 2555, 3035, 1384, 3663, 2251, 4040, 4374, 3751, 1384, 3480, 2271, 3385, 5092, 4668, 1351, 4898, 2886, 3913, 1678, 1508, 619, 3016, 5014, 542, 3315, 2855, 672, 876, 3872, 2291, 3613, 1083, 2149, 3355, 1478, 3190, 1898, 3778, 4026, 3020, 2867, 1856, 3938, 2555, 4320, 2819, 1974, 2291, 950, 4661, 876, 3208, 3651, 3016, 3892, 751, 2564, 3038, 3904, 3454, 2149, 3964, 1757, 4563, 4249, 4413, 3904, 1957, 3715, 1351, 4296, 4032, 4249, 1651, 751, 4150, 2281], [2712, 2497, 5041, 3995, 3304, 0, 4204, 2133, 4026, 4413, 4898, 3315, 2555, 2475, 4095, 3454, 3613, 4915, 4040, 3179, 425, 1359, 876, 3016, 4236, 2621, 4296, 3961, 901, 2738, 3961, 672, 2564, 3093, 1922, 4374, 4236, 4120, 3796, 4996, 4169, 601, 3464, 3151, 3512, 3604, 751, 5199, 3901, 1801, 3901, 336, 3754, 3060, 151, 4150, 3904, 2913, 2106, 1711, 4573, 4225, 4228, 1384, 2002, 2149, 3165, 5199, 3763, 3211, 475, 3294, 4169, 4204, 4296, 3190, 1424, 1711, 4225, 3825, 2569, 4037, 542, 336, 3626, 3355, 4766, 3516, 5097, 4563, 3454, 1807, 3090, 3001, 3035, 2420, 5097, 3629, 2475, 1957, 4040, 2738, 3035, 1658, 3913, 2555, 2712], [2871, 2582, 3155, 2564, 901, 4204, 0, 2959, 4453, 1501, 3332, 5671, 1678, 1856, 766, 809, 2959, 2701, 1711, 4456, 3927, 4602, 3857, 1283, 1826, 2164, 4709, 3760, 4330, 1531, 2759, 3927, 2085, 4244, 3020, 4361, 4787, 4095, 1478, 3480, 2330, 4267, 5764, 5342, 1623, 5521, 3778, 3947, 1757, 2406, 336, 3913, 5623, 1283, 4212, 3038, 425, 1545, 4634, 3093, 3796, 601, 2149, 4180, 2330, 3913, 2344, 3778, 4501, 3516, 3763, 2251, 4299, 2659, 4709, 3304, 2867, 3093, 301, 5208, 1711, 3490, 4541, 3913, 4382, 1173, 2401, 3454, 3972, 3607, 2497, 4768, 2231, 5251, 4898, 5173, 3972, 2216, 4413, 2251, 4744, 4711, 4898, 2551, 542, 4868, 2871], [583, 451, 2913, 1880, 2231, 2133, 2959, 0, 2256, 2551, 2767, 2759, 1501, 2090, 2515, 2164, 1486, 2819, 2106, 1757, 1711, 1801, 1343, 1711, 2271, 809, 2555, 1951, 1711, 2085, 1832, 2373, 876, 1567, 213, 2475, 2551, 2185, 1957, 2867, 2090, 1813, 2867, 2443, 1658, 2705, 2291, 3093, 1957, 1359, 2625, 1807, 2831, 2373, 2041, 2019, 2551, 1416, 1678, 425, 2497, 2705, 2185, 1351, 950, 961, 1093, 3079, 2106, 1238, 1698, 1238, 2296, 2085, 2555, 1143, 1826, 425, 3122, 2564, 1384, 1957, 2149, 1807, 1957, 1813, 2705, 1478, 3001, 2461, 1343, 1856, 1062, 2334, 2041, 2216, 3001, 1567, 1486, 1531, 2406, 1807, 2041, 1501, 2484, 1922, 583], [1856, 2271, 2330, 2019, 4040, 4026, 4453, 2256, 0, 3291, 2002, 2122, 3532, 4244, 3751, 3825, 1501, 2621, 2867, 961, 3626, 2978, 3155, 3512, 2867, 2621, 301, 751, 3246, 4150, 1807, 4461, 2767, 961, 2420, 475, 336, 475, 3001, 1974, 2344, 3500, 2106, 1856, 2831, 1651, 4413, 1807, 2767, 3601, 4169, 3763, 1658, 4369, 3892, 1623, 4040, 3179, 2231, 2590, 1210, 3961, 2555, 2705, 3155, 1880, 2149, 1951, 336, 1062, 3706, 2216, 301, 2041, 301, 1238, 4076, 2590, 4709, 1062, 3385, 1083, 3787, 3763, 425, 3355, 2755, 1007, 1658, 1384, 1957, 2655, 2286, 1898, 1478, 2420, 1658, 2251, 1698, 3754, 336, 1623, 1478, 3754, 3913, 1957, 1856], [2180, 2101, 1658, 1274, 1750, 4413, 1501, 2551, 3291, 0, 1856, 4905, 2041, 2655, 766, 1416, 1832, 1201, 475, 3557, 4040, 4351, 3799, 1596, 425, 1826, 3503, 2547, 4225, 2344, 1486, 4361, 1856, 3355, 2705, 3093, 3607, 2867, 619, 2002, 961, 4267, 4967, 4570, 913, 4634, 4228, 2475, 619, 2755, 1384, 4081, 4709, 2291, 4369, 1711, 1238, 1545, 4120, 2867, 2420, 901, 751, 3901, 2424, 3355, 1531, 2296, 3422, 2551, 3938, 1384, 3079, 1291, 3503, 2349, 3372, 2867, 1801, 4204, 1957, 2231, 4590, 4081, 3332, 1173, 901, 2373, 2515, 2216, 1478, 4374, 1508, 4513, 4098, 4622, 2515, 1143, 3751, 2705, 3613, 3987, 4098, 2959, 1093, 4225, 2180], [2187, 2443, 336, 1007, 3332, 4898, 3332, 2767, 2002, 1856, 0, 4054, 3232, 3987, 2569, 3016, 1291, 751, 1651, 2705, 4476, 4296, 4081, 2948, 1508, 2497, 2090, 1351, 4374, 3751, 961, 5097, 2625, 2569, 2978, 1617, 2231, 1531, 1957, 151, 1062, 4536, 4062, 3751, 2002, 3629, 4996, 619, 1658, 3706, 3155, 4573, 3651, 3825, 4803, 751, 3005, 2705, 3751, 3190, 809, 2738, 1201, 3892, 3246, 3093, 1832, 451, 2271, 1898, 4461, 1750, 1711, 809, 2090, 1813, 4328, 3190, 3629, 3060, 3093, 1062, 4868, 4573, 2256, 2590, 1007, 1567, 672, 619, 1501, 4128, 1957, 3754, 3304, 4120, 672, 1478, 3239, 3760, 2330, 3332, 3304, 3913, 2855, 3651, 2187], [2817, 3093, 4361, 3751, 4987, 3315, 5671, 2759, 2122, 4905, 4054, 0, 4249, 4744, 5121, 4898, 3133, 4563, 4433, 1384, 3060, 1957, 2659, 4461, 4513, 3516, 2185, 2705, 2420, 4803, 3566, 3947, 3613, 1567, 2767, 2590, 2041, 2555, 4430, 4051, 4081, 2718, 151, 336, 4169, 542, 3972, 3927, 4296, 3913, 5342, 3208, 637, 5110, 3165, 3503, 5251, 4150, 1283, 2791, 3304, 5328, 4270, 2041, 3632, 1807, 3425, 4062, 1807, 2373, 3239, 3557, 2420, 3857, 2185, 2564, 4098, 2791, 5859, 1143, 4139, 3016, 2851, 3208, 1801, 4501, 4622, 2621, 3778, 3451, 3428, 1508, 3500, 425, 809, 901, 3778, 3763, 1274, 4120, 1856, 961, 809, 3964, 5162, 876, 2817], [1687, 1283, 3222, 2231, 809, 2555, 1678, 1501, 3532, 2041, 3232, 4249, 0, 766, 1567, 901, 2256, 2913, 1807, 3222, 2256, 2956, 2185, 475, 2019, 913, 3825, 3005, 2659, 619, 2330, 2373, 766, 3020, 1486, 3613, 3857, 3315, 1486, 3372, 2216, 2590, 4361, 3938, 1291, 4204, 2231, 3751, 1711, 766, 1359, 2251, 4328, 876, 2551, 2621, 1351, 542, 3093, 1501, 3332, 1678, 2164, 2551, 672, 2443, 1508, 3654, 3464, 2475, 2101, 1531, 3480, 2424, 3825, 2296, 1343, 1501, 1757, 4026, 151, 2855, 2867, 2251, 3321, 876, 2672, 2569, 3712, 3208, 1826, 3165, 1359, 3825, 3541, 3632, 3712, 1757, 2978, 672, 3751, 3304, 3541, 950, 1359, 3395, 1687], [2388, 1974, 3961, 2990, 1007, 2475, 1856, 2090, 4244, 2655, 3987, 4744, 766, 0, 2041, 1291, 3016, 3629, 2497, 3846, 2286, 3211, 2373, 1083, 2705, 1651, 4541, 3751, 2831, 336, 3093, 2101, 1501, 3654, 2013, 4354, 4563, 4054, 2164, 4128, 2956, 2684, 4868, 4453, 2013, 4766, 1951, 4513, 2420, 850, 1617, 2231, 4898, 601, 2515, 3385, 1678, 1283, 3516, 1957, 4095, 2085, 2886, 2867, 1143, 2959, 2271, 4413, 4150, 3183, 2090, 2296, 4212, 3179, 4541, 3016, 1062, 1957, 1807, 4653, 913, 3613, 2898, 2231, 4003, 1501, 3372, 3304, 4476, 3972, 2590, 3503, 2122, 4328, 4095, 4037, 4476, 2515, 3500, 637, 4443, 3834, 4095, 876, 1750, 3872, 2388], [2306, 2090, 2401, 1813, 1062, 4095, 766, 2515, 3751, 766, 2569, 5121, 1567, 2041, 0, 751, 2251, 1957, 950, 3843, 3763, 4267, 3604, 1093, 1062, 1711, 3995, 3038, 4062, 1711, 2013, 3938, 1678, 3632, 2621, 3629, 4081, 3372, 751, 2718, 1567, 4051, 5201, 4787, 961, 4921, 3796, 3183, 1007, 2330, 619, 3778, 5014, 1596, 4076, 2286, 475, 1201, 4180, 2738, 3038, 213, 1384, 3825, 2106, 3428, 1711, 3016, 3825, 2867, 3629, 1596, 3579, 1898, 3995, 2655, 2898, 2738, 1062, 4563, 1531, 2755, 4354, 3778, 3715, 751, 1658, 2767, 3208, 2847, 1807, 4369, 1623, 4709, 4328, 4709, 3208, 1501, 3892, 2231, 4054, 4169, 4328, 2515, 336, 4361, 2306], [2130, 1807, 2913, 2106, 336, 3454, 809, 2164, 3825, 1416, 3016, 4898, 901, 1291, 751, 0, 2373, 2515, 1384, 3727, 3155, 3796, 3060, 475, 1567, 1384, 4098, 3179, 3532, 961, 2271, 3239, 1291, 3516, 2216, 3796, 4161, 3512, 1062, 3165, 1957, 3480, 4996, 4573, 1062, 4775, 3093, 3604, 1359, 1658, 475, 3151, 4885, 876, 3451, 2569, 451, 751, 3834, 2286, 3332, 809, 1826, 3372, 1531, 3122, 1678, 3464, 3834, 2831, 3001, 1617, 3706, 2251, 4098, 2625, 2185, 2286, 961, 4501, 913, 2948, 3763, 3151, 3706, 475, 2231, 2819, 3601, 3165, 1898, 3961, 1545, 4476, 4139, 4374, 3601, 1678, 3632, 1531, 4095, 3938, 4139, 1826, 475, 4081, 2130], [904, 1210, 1478, 619, 2621, 3613, 2959, 1486, 1501, 1832, 1291, 3133, 2256, 3016, 2251, 2373, 0, 1508, 1384, 1757, 3190, 3038, 2791, 2122, 1416, 1384, 1750, 809, 3090, 2851, 451, 3843, 1531, 1567, 1698, 1424, 1832, 1143, 1501, 1384, 950, 3246, 3179, 2803, 1343, 2819, 3751, 1623, 1274, 2564, 2684, 3291, 2886, 3016, 3516, 542, 2551, 1807, 2569, 1910, 1093, 2461, 1143, 2621, 2090, 1856, 751, 1596, 1596, 766, 3183, 766, 1343, 751, 1750, 601, 3155, 1910, 3222, 2373, 2106, 601, 3579, 3291, 1501, 1898, 1508, 542, 1545, 1007, 475, 2913, 901, 2767, 2330, 3001, 1545, 751, 2101, 2659, 1807, 2271, 2330, 2759, 2420, 2555, 904], [2281, 2420, 475, 950, 2847, 4915, 2701, 2819, 2621, 1201, 751, 4563, 2913, 3629, 1957, 2515, 1508, 0, 1143, 3183, 4503, 4513, 4161, 2551, 950, 2344, 2755, 1898, 4513, 3355, 1062, 5014, 2443, 3016, 3020, 2291, 2886, 2149, 1478, 876, 751, 4632, 4590, 4244, 1623, 4185, 4898, 1343, 1210, 3503, 2569, 4580, 4225, 3372, 4838, 1062, 2420, 2373, 4076, 3222, 1501, 2101, 751, 4081, 3079, 3355, 1750, 1143, 2847, 2251, 4453, 1623, 2349, 766, 2755, 2106, 4139, 3222, 3001, 3654, 2791, 1567, 4967, 4580, 2803, 2149, 301, 1957, 1416, 1291, 1478, 4415, 1832, 4225, 3778, 4503, 1416, 1291, 3604, 3516, 2956, 3754, 3778, 3715, 2271, 4051, 2281], [1711, 1658, 1531, 876, 1711, 4040, 1711, 2106, 2867, 475, 1651, 4433, 1807, 2497, 950, 1384, 1384, 1143, 0, 3090, 3654, 3904, 3385, 1416, 213, 1424, 3093, 2133, 3799, 2216, 1083, 4040, 1478, 2886, 2271, 2705, 3190, 2461, 336, 1801, 619, 3857, 4496, 4098, 542, 4169, 3913, 2256, 151, 2461, 1508, 3706, 4246, 2231, 3987, 1343, 1359, 1274, 3651, 2443, 2090, 1143, 451, 3454, 2085, 2886, 1062, 2101, 2978, 2085, 3566, 913, 2672, 950, 3093, 1880, 3093, 2443, 2002, 3751, 1698, 1832, 4185, 3706, 2882, 1007, 876, 1922, 2271, 1898, 1007, 3913, 1051, 4040, 3626, 4150, 2271, 672, 3277, 2443, 3183, 3512, 3626, 2672, 1210, 3751, 1711], [1598, 1957, 3001, 2373, 3872, 3179, 4456, 1757, 961, 3557, 2705, 1384, 3222, 3846, 3843, 3727, 1757, 3183, 3090, 0, 2803, 2041, 2330, 3332, 3155, 2373, 1173, 1359, 2349, 3825, 2185, 3678, 2497, 213, 1856, 1416, 1083, 1283, 3122, 2718, 2705, 2621, 1424, 1062, 2882, 1083, 3651, 2659, 2959, 3093, 4139, 2948, 1173, 4095, 3038, 2122, 4032, 3001, 1274, 1974, 2002, 4054, 2898, 1813, 2705, 1062, 2133, 2767, 637, 1007, 2913, 2251, 1210, 2475, 1173, 1210, 3464, 1974, 4673, 809, 3090, 1651, 2886, 2948, 542, 3291, 3239, 1238, 2515, 2122, 2085, 1698, 2231, 1051, 601, 1478, 2515, 2420, 751, 3277, 876, 672, 601, 3208, 3927, 1007, 1598], [2290, 2085, 4622, 3579, 3035, 425, 3927, 1711, 3626, 4040, 4476, 3060, 2256, 2286, 3763, 3155, 3190, 4503, 3654, 2803, 0, 1143, 475, 2701, 3846, 2231, 3901, 3541, 672, 2515, 3541, 901, 2185, 2705, 1501, 3964, 3846, 3706, 3422, 4573, 3760, 425, 3208, 2867, 3133, 3304, 913, 4775, 3512, 1531, 3613, 151, 3454, 2847, 336, 3727, 3604, 2569, 1807, 1291, 4150, 3904, 3825, 1051, 1658, 1757, 2755, 4775, 3372, 2791, 213, 2886, 3760, 3787, 3901, 2767, 1291, 1291, 3972, 3480, 2251, 3613, 619, 151, 3232, 3016, 4361, 3093, 4673, 4139, 3038, 1567, 2684, 2718, 2705, 2185, 4673, 3222, 2122, 1711, 3654, 2406, 2705, 1424, 3601, 2256, 2290], [2249, 2251, 4513, 3566, 3763, 1359, 4602, 1801, 2978, 4351, 4296, 1957, 2956, 3211, 4267, 3796, 3038, 4513, 3904, 2041, 1143, 0, 850, 3321, 4062, 2569, 3211, 3122, 475, 3372, 3464, 2002, 2590, 2019, 1658, 3395, 3122, 3190, 3754, 4361, 3825, 766, 2106, 1807, 3454, 2271, 2041, 4453, 3754, 2373, 4270, 1283, 2420, 3706, 1210, 3566, 4225, 3093, 809, 1531, 3787, 4443, 3947, 451, 2286, 1210, 2867, 4503, 2672, 2420, 1343, 3016, 3183, 3751, 3211, 2484, 2344, 1531, 4709, 2564, 2898, 3294, 913, 1283, 2555, 3532, 4443, 2755, 4328, 3834, 3060, 451, 2855, 1658, 1757, 1062, 4328, 3332, 1291, 2582, 2913, 1478, 1757, 2344, 4185, 1238, 2249], [1903, 1757, 4246, 3222, 2990, 876, 3857, 1343, 3155, 3799, 4081, 2659, 2185, 2373, 3604, 3060, 2791, 4161, 3385, 2330, 475, 850, 0, 2590, 3566, 1974, 3428, 3093, 475, 2551, 3165, 1359, 1957, 2231, 1143, 3500, 3372, 3246, 3183, 4171, 3428, 475, 2803, 2443, 2886, 2867, 1351, 4351, 3239, 1545, 3532, 619, 3016, 2886, 751, 3332, 3503, 2406, 1384, 950, 3715, 3763, 3512, 619, 1531, 1283, 2424, 4361, 2898, 2344, 601, 2564, 3294, 3425, 3428, 2334, 1501, 950, 3938, 3016, 2149, 3183, 809, 619, 2759, 2855, 4040, 2655, 4244, 3715, 2684, 1210, 2373, 2296, 2251, 1813, 4244, 2898, 1658, 1750, 3179, 1951, 2251, 1501, 3480, 1826, 1903], [1740, 1384, 2898, 1974, 542, 3016, 1283, 1711, 3512, 1596, 2948, 4461, 475, 1083, 1093, 475, 2122, 2551, 1416, 3332, 2701, 3321, 2590, 0, 1623, 961, 3796, 2913, 3060, 809, 2106, 2847, 850, 3122, 1750, 3532, 3846, 3239, 1083, 3093, 1898, 3016, 4563, 4139, 950, 4361, 2705, 3503, 1343, 1238, 950, 2705, 4476, 901, 3005, 2406, 913, 336, 3372, 1813, 3151, 1210, 1813, 2898, 1062, 2672, 1384, 3385, 3490, 2484, 2555, 1359, 3422, 2149, 3796, 2286, 1813, 1813, 1416, 4120, 451, 2718, 3304, 2705, 3355, 425, 2291, 2515, 3480, 3005, 1658, 3490, 1238, 4037, 3715, 3913, 3480, 1508, 3190, 1143, 3763, 3503, 3715, 1424, 901, 3632, 1740], [1844, 1826, 1359, 850, 1898, 4236, 1826, 2271, 2867, 425, 1508, 4513, 2019, 2705, 1062, 1567, 1416, 950, 213, 3155, 3846, 4062, 3566, 1623, 0, 1617, 3079, 2122, 3972, 2420, 1062, 4246, 1678, 2956, 2443, 2672, 3183, 2443, 542, 1658, 542, 4040, 4570, 4180, 751, 4228, 4120, 2122, 336, 2672, 1651, 3901, 4299, 2424, 4180, 1291, 1501, 1486, 3778, 2621, 2013, 1238, 336, 3613, 2291, 3016, 1201, 1957, 3001, 2149, 3763, 1051, 2655, 876, 3079, 1951, 3304, 2621, 2122, 3787, 1910, 1807, 4369, 3901, 2913, 1210, 672, 1957, 2149, 1813, 1093, 4054, 1210, 4128, 3706, 4267, 2149, 766, 3385, 2655, 3190, 3607, 3706, 2882, 1351, 3857, 1844], [791, 425, 2555, 1501, 1501, 2621, 2164, 809, 2621, 1826, 2497, 3516, 913, 1651, 1711, 1384, 1384, 2344, 1424, 2373, 2231, 2569, 1974, 961, 1617, 0, 2913, 2101, 2406, 1531, 1545, 2672, 151, 2164, 913, 2705, 2948, 2406, 1210, 2625, 1596, 2443, 3613, 3190, 913, 3402, 2555, 2956, 1283, 1210, 1832, 2286, 3516, 1757, 2564, 1813, 1750, 637, 2484, 1051, 2475, 1898, 1623, 2122, 751, 1750, 672, 2886, 2564, 1567, 2149, 751, 2569, 1711, 2913, 1384, 1832, 1051, 2344, 3165, 766, 1974, 2767, 2286, 2424, 1007, 2164, 1658, 2898, 2373, 1007, 2659, 542, 3093, 2759, 3020, 2898, 1062, 2251, 1283, 2847, 2555, 2759, 1416, 1678, 2705, 791], [2154, 2569, 2424, 2231, 4320, 4296, 4709, 2555, 301, 3503, 2090, 2185, 3825, 4541, 3995, 4098, 1750, 2755, 3093, 1173, 3901, 3211, 3428, 3796, 3079, 2913, 0, 961, 3500, 4443, 2019, 4744, 3060, 1210, 2718, 475, 151, 637, 3246, 2041, 2547, 3760, 2149, 1951, 3090, 1678, 4699, 1807, 3001, 3901, 4430, 4040, 1658, 4658, 4161, 1807, 4299, 3464, 2443, 2886, 1283, 4204, 2759, 2959, 3454, 2149, 2424, 1974, 542, 1359, 3987, 2484, 425, 2231, 1, 1531, 4374, 2886, 4969, 1062, 3678, 1274, 4040, 4040, 672, 3626, 2913, 1283, 1658, 1478, 2216, 2867, 2564, 2013, 1623, 2582, 1658, 2497, 1922, 4054, 336, 1807, 1623, 4054, 4169, 2133, 2154], [1429, 1826, 1658, 1274, 3422, 3961, 3760, 1951, 751, 2547, 1351, 2705, 3005, 3751, 3038, 3179, 809, 1898, 2133, 1359, 3541, 3122, 3093, 2913, 2122, 2101, 961, 0, 3291, 3613, 1062, 4299, 2251, 1238, 2149, 619, 1062, 336, 2291, 1359, 1596, 3503, 2718, 2401, 2149, 2296, 4228, 1343, 2041, 3208, 3490, 3663, 2330, 3799, 3843, 876, 3355, 2590, 2484, 2349, 672, 3246, 1807, 2767, 2738, 1922, 1531, 1424, 950, 751, 3579, 1567, 542, 1291, 961, 809, 3751, 2349, 4026, 1757, 2855, 336, 3819, 3663, 913, 2705, 2013, 475, 1210, 766, 1283, 2886, 1678, 2406, 1957, 2803, 1210, 1545, 1951, 3332, 1083, 2002, 1957, 3385, 3222, 2330, 1429], [2234, 2149, 4563, 3566, 3464, 901, 4330, 1711, 3246, 4225, 4374, 2420, 2659, 2831, 4062, 3532, 3090, 4513, 3799, 2349, 672, 475, 475, 3060, 3972, 2406, 3500, 3291, 0, 3020, 3490, 1531, 2401, 2291, 1531, 3632, 3425, 3402, 3613, 4453, 3796, 301, 2569, 2251, 3315, 2705, 1567, 4593, 3651, 2013, 4003, 809, 2855, 3355, 751, 3629, 3972, 2867, 1210, 1359, 3938, 4225, 3895, 542, 2002, 1384, 2803, 4622, 2959, 2555, 876, 2948, 3422, 3763, 3500, 2582, 1910, 1359, 4413, 2948, 2621, 3422, 542, 809, 2831, 3315, 4413, 2882, 4476, 3961, 3038, 913, 2767, 2101, 2149, 1531, 4476, 3277, 1617, 2216, 3222, 1856, 2149, 1957, 3947, 1658, 2234], [2305, 1898, 3706, 2767, 672, 2738, 1531, 2085, 4150, 2344, 3751, 4803, 619, 336, 1711, 961, 2851, 3355, 2216, 3825, 2515, 3372, 2551, 809, 2420, 1531, 4443, 3613, 3020, 0, 2886, 2406, 1384, 3626, 2041, 4225, 4476, 3927, 1880, 3895, 2705, 2898, 4921, 4501, 1757, 4787, 2256, 4296, 2149, 1007, 1283, 2475, 4915, 336, 2767, 3183, 1343, 1062, 3607, 2019, 3913, 1750, 2621, 3001, 1173, 3001, 2101, 4185, 4081, 3093, 2330, 2106, 4095, 2948, 4443, 2913, 1351, 2019, 1501, 4632, 766, 3451, 3133, 2475, 3938, 1210, 3090, 3183, 4267, 3778, 2406, 3632, 1951, 4382, 4120, 4139, 4267, 2296, 3541, 809, 4369, 3872, 4120, 1093, 1416, 3938, 2305], [1264, 1486, 1083, 213, 2555, 3961, 2759, 1832, 1807, 1486, 961, 3566, 2330, 3093, 2013, 2271, 451, 1062, 1083, 2185, 3541, 3464, 3165, 2106, 1062, 1545, 2019, 1062, 3490, 2886, 0, 4139, 1678, 2002, 2041, 1623, 2122, 1384, 1283, 1083, 542, 3629, 3607, 3239, 1210, 3232, 4037, 1424, 1007, 2755, 2515, 3632, 3291, 3005, 3872, 301, 2373, 1826, 3016, 2251, 1062, 2216, 751, 3038, 2291, 2296, 876, 1343, 1957, 1210, 3516, 809, 1596, 301, 2019, 1051, 3372, 2251, 3038, 2755, 2185, 751, 3964, 3632, 1880, 1807, 1062, 950, 1384, 901, 542, 3355, 1007, 3208, 2767, 3451, 1384, 601, 2551, 2819, 2133, 2718, 2767, 2959, 2231, 3005, 1264], [2947, 2655, 5199, 4139, 3035, 672, 3927, 2373, 4461, 4361, 5097, 3947, 2373, 2101, 3938, 3239, 3843, 5014, 4040, 3678, 901, 2002, 1359, 2847, 4246, 2672, 4744, 4299, 1531, 2406, 4139, 0, 2582, 3566, 2164, 4768, 4699, 4496, 3760, 5208, 4265, 1238, 4095, 3763, 3500, 4204, 151, 5461, 3913, 1617, 3651, 751, 4354, 2701, 809, 4361, 3678, 2819, 2705, 1957, 4868, 4040, 4291, 1951, 1957, 2621, 3291, 5436, 4225, 3557, 766, 3402, 4570, 4351, 4744, 3500, 1062, 1957, 3904, 4374, 2424, 4328, 1210, 751, 4081, 3232, 4831, 3834, 5372, 4831, 3607, 2443, 3190, 3613, 3604, 3060, 5372, 3727, 3016, 1711, 4513, 3304, 3604, 1424, 3712, 3155, 2947], [928, 542, 2672, 1623, 1384, 2564, 2085, 876, 2767, 1856, 2625, 3613, 766, 1501, 1678, 1291, 1531, 2443, 1478, 2497, 2185, 2590, 1957, 850, 1678, 151, 3060, 2251, 2401, 1384, 1678, 2582, 0, 2291, 950, 2855, 3093, 2555, 1238, 2755, 1698, 2420, 3715, 3291, 950, 3516, 2461, 3093, 1343, 1083, 1750, 2231, 3632, 1617, 2515, 1951, 1678, 542, 2551, 1062, 2621, 1856, 1711, 2149, 637, 1832, 809, 3020, 2705, 1711, 2090, 876, 2718, 1832, 3060, 1531, 1711, 1062, 2251, 3294, 619, 2122, 2738, 2231, 2564, 950, 2251, 1807, 3038, 2515, 1143, 2705, 672, 3190, 2867, 3090, 3038, 1173, 2344, 1143, 2990, 2655, 2867, 1291, 1617, 2791, 928], [1387, 1750, 2855, 2185, 3663, 3093, 4244, 1567, 961, 3355, 2569, 1567, 3020, 3654, 3632, 3516, 1567, 3016, 2886, 213, 2705, 2019, 2231, 3122, 2956, 2164, 1210, 1238, 2291, 3626, 2002, 3566, 2291, 0, 1678, 1384, 1143, 1210, 2913, 2590, 2515, 2551, 1617, 1238, 2672, 1291, 3532, 2564, 2755, 2913, 3927, 2847, 1384, 3892, 2956, 1957, 3819, 2791, 1291, 1807, 1898, 3843, 2705, 1750, 2515, 950, 1922, 2659, 672, 809, 2803, 2041, 1173, 2296, 1210, 1007, 3304, 1807, 4461, 1007, 2886, 1508, 2831, 2847, 542, 3079, 3060, 1062, 2424, 2002, 1880, 1711, 2019, 1210, 766, 1567, 2424, 2216, 751, 3093, 950, 766, 766, 3035, 3715, 1093, 1387], [795, 619, 3122, 2085, 2251, 1922, 3020, 213, 2420, 2705, 2978, 2767, 1486, 2013, 2621, 2216, 1698, 3020, 2271, 1856, 1501, 1658, 1143, 1750, 2443, 913, 2718, 2149, 1531, 2041, 2041, 2164, 950, 1678, 0, 2659, 2705, 2373, 2101, 3079, 2286, 1617, 2882, 2461, 1801, 2755, 2085, 3304, 2122, 1238, 2684, 1596, 2886, 2344, 1832, 2231, 2621, 1478, 1623, 213, 2705, 2803, 2373, 1210, 876, 961, 1283, 3291, 2251, 1424, 1486, 1424, 2475, 2291, 2718, 1343, 1658, 213, 3165, 2659, 1384, 2164, 1951, 1596, 2101, 1898, 2898, 1678, 3211, 2672, 1545, 1757, 1238, 2344, 2085, 2164, 3211, 1757, 1501, 1424, 2551, 1832, 2085, 1359, 2564, 1910, 795], [1997, 2406, 1951, 1832, 4040, 4374, 4361, 2475, 475, 3093, 1617, 2590, 3613, 4354, 3629, 3796, 1424, 2291, 2705, 1416, 3964, 3395, 3500, 3532, 2672, 2705, 475, 619, 3632, 4225, 1623, 4768, 2855, 1384, 2659, 0, 619, 301, 2886, 1567, 2133, 3872, 2569, 2330, 2759, 2106, 4709, 1351, 2625, 3778, 4098, 4095, 2101, 4415, 4246, 1384, 3961, 3208, 2672, 2847, 809, 3834, 2344, 3093, 3315, 2251, 2149, 1508, 809, 1238, 4026, 2185, 213, 1807, 475, 1359, 4296, 2847, 4632, 1501, 3464, 876, 4171, 4095, 876, 3321, 2461, 1051, 1201, 1007, 1898, 3093, 2296, 2373, 1951, 2886, 1201, 2149, 2133, 3913, 751, 2085, 1951, 3947, 3825, 2420, 1997], [2177, 2590, 2564, 2334, 4374, 4236, 4787, 2551, 336, 3607, 2231, 2041, 3857, 4563, 4081, 4161, 1832, 2886, 3190, 1083, 3846, 3122, 3372, 3846, 3183, 2948, 151, 1062, 3425, 4476, 2122, 4699, 3093, 1143, 2705, 619, 0, 751, 3332, 2185, 2655, 3691, 2002, 1813, 3165, 1531, 4658, 1957, 3093, 3904, 4503, 3987, 1508, 4699, 4098, 1922, 4374, 3512, 2344, 2867, 1424, 4291, 2867, 2886, 3464, 2090, 2484, 2122, 475, 1384, 3938, 2551, 542, 2344, 151, 1567, 4361, 2867, 5043, 913, 3712, 1384, 3964, 3987, 619, 3691, 3038, 1343, 1807, 1617, 2291, 2767, 2621, 1880, 1501, 2461, 1807, 2582, 1832, 4062, 213, 1698, 1501, 4051, 4246, 2019, 2177], [1699, 2106, 1856, 1596, 3751, 4120, 4095, 2185, 475, 2867, 1531, 2555, 3315, 4054, 3372, 3512, 1143, 2149, 2461, 1283, 3706, 3190, 3246, 3239, 2443, 2406, 637, 336, 3402, 3927, 1384, 4496, 2555, 1210, 2373, 301, 751, 0, 2625, 1508, 1910, 3632, 2551, 2271, 2484, 2106, 4433, 1384, 2373, 3480, 3825, 3834, 2122, 4120, 3995, 1173, 3691, 2913, 2497, 2564, 751, 3579, 2122, 2867, 3016, 2019, 1856, 1508, 751, 950, 3760, 1898, 213, 1596, 637, 1062, 4003, 2564, 4361, 1531, 3165, 637, 3938, 3834, 766, 3038, 2291, 751, 1238, 913, 1617, 2913, 2002, 2296, 1856, 2759, 1238, 1880, 1957, 3613, 809, 1951, 1856, 3651, 3557, 2286, 1699], [1641, 1508, 1856, 1093, 1384, 3796, 1478, 1957, 3001, 619, 1957, 4430, 1486, 2164, 751, 1062, 1501, 1478, 336, 3122, 3422, 3754, 3183, 1083, 542, 1210, 3246, 2291, 3613, 1880, 1283, 3760, 1238, 2913, 2101, 2886, 3332, 2625, 0, 2106, 901, 3651, 4503, 4095, 301, 4204, 3629, 2551, 301, 2164, 1238, 3464, 4291, 1898, 3751, 1567, 1093, 961, 3566, 2256, 2330, 961, 766, 3304, 1813, 2803, 1007, 2406, 3079, 2133, 3321, 876, 2831, 1210, 3246, 1922, 2791, 2256, 1757, 3825, 1384, 2013, 3972, 3464, 2971, 672, 1210, 2019, 2555, 2149, 1062, 3799, 950, 4026, 3629, 4081, 2555, 751, 3232, 2133, 3304, 3490, 3629, 2373, 950, 3706, 1641], [2285, 2555, 425, 1143, 3480, 4996, 3480, 2867, 1974, 2002, 151, 4051, 3372, 4128, 2718, 3165, 1384, 876, 1801, 2718, 4573, 4361, 4171, 3093, 1658, 2625, 2041, 1359, 4453, 3895, 1083, 5208, 2755, 2590, 3079, 1567, 2185, 1508, 2106, 0, 1210, 4622, 4054, 3754, 2149, 3613, 5110, 475, 1807, 3834, 3304, 4673, 3629, 3972, 4898, 850, 3155, 2847, 3796, 3291, 766, 2886, 1351, 3964, 3372, 3155, 1957, 301, 2256, 1951, 4563, 1880, 1678, 950, 2041, 1880, 4453, 3291, 3778, 3035, 3232, 1093, 4953, 4673, 2251, 2738, 1143, 1617, 542, 601, 1623, 4180, 2085, 3763, 3315, 4150, 542, 1617, 3277, 3892, 2296, 3355, 3315, 4040, 3005, 3678, 2285], [1577, 1678, 1007, 336, 2271, 4169, 2330, 2090, 2344, 961, 1062, 4081, 2216, 2956, 1567, 1957, 950, 751, 619, 2705, 3760, 3825, 3428, 1898, 542, 1596, 2547, 1596, 3796, 2705, 542, 4265, 1698, 2515, 2286, 2133, 2655, 1910, 901, 1210, 0, 3901, 4128, 3751, 950, 3763, 4150, 1651, 601, 2767, 2122, 3834, 3825, 2767, 4095, 751, 1974, 1678, 3451, 2484, 1478, 1757, 213, 3385, 2334, 2705, 1007, 1508, 2497, 1711, 3706, 876, 2122, 336, 2547, 1531, 3402, 2484, 2621, 3294, 2085, 1274, 4236, 3834, 2420, 1531, 619, 1478, 1658, 1283, 766, 3763, 1083, 3712, 3277, 3913, 1658, 542, 3016, 2791, 2672, 3208, 3277, 2978, 1826, 3480, 1577], [2367, 2231, 4709, 3691, 3385, 601, 4267, 1813, 3500, 4267, 4536, 2718, 2590, 2684, 4051, 3480, 3246, 4632, 3857, 2621, 425, 766, 475, 3016, 4040, 2443, 3760, 3503, 301, 2898, 3629, 1238, 2420, 2551, 1617, 3872, 3691, 3632, 3651, 4622, 3901, 0, 2867, 2551, 3355, 3005, 1283, 4785, 3712, 1898, 3947, 542, 3155, 3232, 451, 3787, 3927, 2851, 1508, 1424, 4139, 4204, 3987, 809, 1957, 1623, 2898, 4803, 3222, 2759, 637, 3038, 3663, 3892, 3760, 2767, 1711, 1424, 4330, 3239, 2569, 3613, 336, 542, 3090, 3301, 4513, 3079, 4673, 4150, 3155, 1210, 2847, 2401, 2443, 1826, 4673, 3372, 1898, 2090, 3490, 2149, 2443, 1813, 3913, 1957, 2367], [2902, 3190, 4374, 3796, 5092, 3464, 5764, 2867, 2106, 4967, 4062, 151, 4361, 4868, 5201, 4996, 3179, 4590, 4496, 1424, 3208, 2106, 2803, 4563, 4570, 3613, 2149, 2718, 2569, 4921, 3607, 4095, 3715, 1617, 2882, 2569, 2002, 2551, 4503, 4054, 4128, 2867, 0, 425, 4246, 475, 4120, 3913, 4361, 4040, 5436, 3355, 542, 5225, 3315, 3532, 5342, 4249, 1424, 2913, 3301, 5409, 4320, 2185, 3751, 1922, 3500, 4054, 1801, 2424, 3385, 3629, 2406, 3895, 2149, 2621, 4236, 2913, 5956, 1093, 4249, 3035, 3001, 3355, 1807, 4593, 4658, 2659, 3763, 3454, 3490, 1658, 3579, 542, 876, 1051, 3763, 3825, 1384, 4246, 1826, 1062, 876, 4095, 5251, 1007, 2902], [2484, 2767, 4054, 3422, 4668, 3151, 5342, 2443, 1856, 4570, 3751, 336, 3938, 4453, 4787, 4573, 2803, 4244, 4098, 1062, 2867, 1807, 2443, 4139, 4180, 3190, 1951, 2401, 2251, 4501, 3239, 3763, 3291, 1238, 2461, 2330, 1813, 2271, 4095, 3754, 3751, 2551, 425, 0, 3834, 475, 3778, 3651, 3961, 3629, 5014, 3016, 619, 4803, 3001, 3183, 4921, 3825, 1062, 2497, 3016, 4994, 3938, 1826, 3332, 1501, 3090, 3778, 1531, 2041, 3035, 3222, 2149, 3532, 1951, 2231, 3846, 2497, 5533, 961, 3825, 2705, 2718, 3016, 1508, 4171, 4296, 2296, 3503, 3155, 3093, 1359, 3165, 151, 475, 809, 3503, 3428, 961, 3834, 1617, 637, 475, 3691, 4831, 619, 2484], [1363, 1210, 1951, 1051, 1351, 3512, 1623, 1658, 2831, 913, 2002, 4169, 1291, 2013, 961, 1062, 1343, 1623, 542, 2882, 3133, 3454, 2886, 950, 751, 913, 3090, 2149, 3315, 1757, 1210, 3500, 950, 2672, 1801, 2759, 3165, 2484, 301, 2149, 950, 3355, 4246, 3834, 0, 3961, 3372, 2569, 425, 1922, 1343, 3179, 4054, 1826, 3464, 1508, 1210, 751, 3277, 1957, 2271, 1173, 876, 3005, 1545, 2515, 751, 2443, 2882, 1910, 3038, 637, 2684, 1210, 3090, 1698, 2555, 1957, 1880, 3607, 1173, 1898, 3678, 3179, 2767, 601, 1384, 1832, 2555, 2106, 876, 3503, 672, 3760, 3372, 3796, 2555, 619, 2956, 1910, 3122, 3222, 3372, 2133, 1083, 3428, 1363], [2651, 2978, 3947, 3428, 4898, 3604, 5521, 2705, 1651, 4634, 3629, 542, 4204, 4766, 4921, 4775, 2819, 4185, 4169, 1083, 3304, 2271, 2867, 4361, 4228, 3402, 1678, 2296, 2705, 4787, 3232, 4204, 3516, 1291, 2755, 2106, 1531, 2106, 4204, 3613, 3763, 3005, 475, 475, 3961, 0, 4212, 3454, 4040, 3961, 5199, 3454, 151, 5077, 3454, 3133, 5097, 4037, 1501, 2819, 2855, 5132, 3961, 2256, 3629, 1813, 3211, 3601, 1359, 2085, 3464, 3332, 1951, 3512, 1678, 2291, 4225, 2819, 5729, 619, 4081, 2621, 3183, 3454, 1384, 4351, 4270, 2286, 3304, 3016, 3165, 1826, 3304, 619, 672, 1283, 3304, 3500, 1283, 4161, 1359, 950, 672, 4040, 4996, 1051, 2651], [2860, 2555, 5092, 4032, 2886, 751, 3778, 2291, 4413, 4228, 4996, 3972, 2231, 1951, 3796, 3093, 3751, 4898, 3913, 3651, 913, 2041, 1351, 2705, 4120, 2555, 4699, 4228, 1567, 2256, 4037, 151, 2461, 3532, 2085, 4709, 4658, 4433, 3629, 5110, 4150, 1283, 4120, 3778, 3372, 4212, 0, 5372, 3787, 1478, 3503, 766, 4361, 2551, 876, 4265, 3532, 2684, 2718, 1880, 4787, 3895, 4171, 1957, 1832, 2590, 3183, 5342, 4185, 3490, 751, 3291, 4513, 4244, 4699, 3425, 913, 1880, 3754, 4361, 2286, 4246, 1291, 766, 4040, 3093, 4711, 3760, 5285, 4744, 3503, 2475, 3079, 3629, 3601, 3093, 5285, 3613, 3005, 1567, 4476, 3301, 3601, 1283, 3566, 3165, 2860], [2515, 2831, 876, 1531, 3913, 5199, 3947, 3093, 1807, 2475, 619, 3927, 3751, 4513, 3183, 3604, 1623, 1343, 2256, 2659, 4775, 4453, 4351, 3503, 2122, 2956, 1807, 1343, 4593, 4296, 1424, 5461, 3093, 2564, 3304, 1351, 1957, 1384, 2551, 475, 1651, 4785, 3913, 3651, 2569, 3454, 5372, 0, 2251, 4161, 3763, 4885, 3451, 4392, 5092, 1143, 3613, 3239, 3825, 3516, 672, 3355, 1807, 4081, 3691, 3246, 2286, 213, 2122, 2041, 4785, 2231, 1508, 1359, 1807, 2019, 4766, 3516, 4244, 2851, 3607, 1173, 5110, 4885, 2149, 3165, 1617, 1711, 151, 637, 1951, 4228, 2424, 3678, 3239, 4128, 151, 2002, 3291, 4236, 2101, 3321, 3239, 4361, 3464, 3654, 2515], [1563, 1508, 1567, 809, 1678, 3901, 1757, 1957, 2767, 619, 1658, 4296, 1711, 2420, 1007, 1359, 1274, 1210, 151, 2959, 3512, 3754, 3239, 1343, 336, 1283, 3001, 2041, 3651, 2149, 1007, 3913, 1343, 2755, 2122, 2625, 3093, 2373, 301, 1807, 601, 3712, 4361, 3961, 425, 4040, 3787, 2251, 0, 2344, 1531, 3566, 4120, 2185, 3846, 1283, 1384, 1173, 3503, 2296, 2041, 1210, 475, 3304, 1957, 2738, 913, 2106, 2867, 1957, 3428, 766, 2582, 913, 3001, 1750, 2978, 2296, 2041, 3632, 1596, 1750, 4040, 3566, 2767, 950, 961, 1807, 2256, 1856, 876, 3763, 901, 3901, 3490, 4003, 2256, 542, 3133, 2334, 3079, 3372, 3490, 2555, 1238, 3607, 1563], [1783, 1384, 3751, 2705, 1508, 1801, 2406, 1359, 3601, 2755, 3706, 3913, 766, 850, 2330, 1658, 2564, 3503, 2461, 3093, 1531, 2373, 1545, 1238, 2672, 1210, 3901, 3208, 2013, 1007, 2755, 1617, 1083, 2913, 1238, 3778, 3904, 3480, 2164, 3834, 2767, 1898, 4040, 3629, 1922, 3961, 1478, 4161, 2344, 0, 2101, 1508, 4098, 1343, 1807, 3020, 2106, 1210, 2672, 1143, 3654, 2443, 2759, 2019, 475, 2149, 1880, 4095, 3464, 2555, 1359, 1957, 3613, 2913, 3901, 2420, 637, 1143, 2443, 3895, 809, 3133, 2149, 1508, 3315, 1617, 3291, 2738, 4098, 3566, 2216, 2655, 1750, 3500, 3291, 3190, 4098, 2251, 2684, 213, 3763, 3020, 3291, 213, 2122, 3038, 1783], [2549, 2251, 3005, 2330, 619, 3901, 336, 2625, 4169, 1384, 3155, 5342, 1359, 1617, 619, 475, 2684, 2569, 1508, 4139, 3613, 4270, 3532, 950, 1651, 1832, 4430, 3490, 4003, 1283, 2515, 3651, 1750, 3927, 2684, 4098, 4503, 3825, 1238, 3304, 2122, 3947, 5436, 5014, 1343, 5199, 3503, 3763, 1531, 2101, 0, 3604, 5304, 1083, 3904, 2803, 151, 1210, 4299, 2759, 3566, 542, 1957, 3846, 2002, 3579, 2041, 3604, 4204, 3211, 3454, 1957, 4026, 2443, 4430, 3001, 2590, 2759, 542, 4898, 1384, 3232, 4225, 3604, 4081, 850, 2271, 3165, 3778, 3385, 2216, 4433, 1922, 4921, 4573, 4838, 3778, 1951, 4081, 1957, 4453, 4382, 4573, 2256, 301, 4536, 2549], [2388, 2164, 4711, 3663, 3016, 336, 3913, 1807, 3763, 4081, 4573, 3208, 2251, 2231, 3778, 3151, 3291, 4580, 3706, 2948, 151, 1283, 619, 2705, 3901, 2286, 4040, 3663, 809, 2475, 3632, 751, 2231, 2847, 1596, 4095, 3987, 3834, 3464, 4673, 3834, 542, 3355, 3016, 3179, 3454, 766, 4885, 3566, 1508, 3604, 0, 3604, 2803, 301, 3825, 3601, 2590, 1957, 1384, 4265, 3913, 3892, 1201, 1678, 1898, 2831, 4880, 3512, 2913, 151, 2959, 3892, 3872, 4040, 2882, 1210, 1384, 3947, 3629, 2256, 3727, 672, 1, 3372, 3035, 4430, 3211, 4785, 4249, 3122, 1711, 2755, 2867, 2855, 2330, 4785, 3294, 2271, 1678, 3796, 2555, 2855, 1384, 3604, 2406, 2388], [2757, 3093, 3972, 3490, 5014, 3754, 5623, 2831, 1658, 4709, 3651, 637, 4328, 4898, 5014, 4885, 2886, 4225, 4246, 1173, 3454, 2420, 3016, 4476, 4299, 3516, 1658, 2330, 2855, 4915, 3291, 4354, 3632, 1384, 2886, 2101, 1508, 2122, 4291, 3629, 3825, 3155, 542, 619, 4054, 151, 4361, 3451, 4120, 4098, 5304, 3604, 0, 5201, 3604, 3179, 5199, 4150, 1651, 2956, 2867, 5225, 4026, 2406, 3760, 1951, 3304, 3604, 1384, 2164, 3613, 3422, 1957, 3566, 1658, 2373, 4369, 2956, 5836, 601, 4204, 2659, 3332, 3604, 1424, 4456, 4320, 2349, 3301, 3035, 3246, 1974, 3402, 766, 809, 1424, 3301, 3579, 1424, 4296, 1351, 1093, 809, 4180, 5097, 1201, 2757], [2544, 2149, 3751, 2867, 542, 3060, 1283, 2373, 4369, 2291, 3825, 5110, 876, 601, 1596, 876, 3016, 3372, 2231, 4095, 2847, 3706, 2886, 901, 2424, 1757, 4658, 3799, 3355, 336, 3005, 2701, 1617, 3892, 2344, 4415, 4699, 4120, 1898, 3972, 2767, 3232, 5225, 4803, 1826, 5077, 2551, 4392, 2185, 1343, 1083, 2803, 5201, 0, 3093, 3304, 1173, 1210, 3927, 2334, 4051, 1596, 2659, 3332, 1486, 3304, 2271, 4267, 4320, 3321, 2659, 2256, 4296, 3035, 4658, 3133, 1658, 2334, 1210, 4898, 1007, 3613, 3464, 2803, 4180, 1238, 3093, 3385, 4374, 3904, 2555, 3961, 2122, 4687, 4413, 4461, 4374, 2406, 3843, 1143, 4602, 4171, 4413, 1424, 1274, 4249, 2544], [2617, 2420, 4953, 3913, 3315, 151, 4212, 2041, 3892, 4369, 4803, 3165, 2551, 2515, 4076, 3451, 3516, 4838, 3987, 3038, 336, 1210, 751, 3005, 4180, 2564, 4161, 3843, 751, 2767, 3872, 809, 2515, 2956, 1832, 4246, 4098, 3995, 3751, 4898, 4095, 451, 3315, 3001, 3464, 3454, 876, 5092, 3846, 1807, 3904, 301, 3604, 3093, 0, 4054, 3901, 2886, 1957, 1623, 4461, 4212, 4161, 1238, 1974, 2013, 3090, 5097, 3626, 3093, 451, 3222, 4040, 4120, 4161, 3079, 1478, 1623, 4244, 3678, 2555, 3927, 425, 301, 3490, 3332, 4697, 3402, 4987, 4456, 3372, 1658, 3020, 2851, 2886, 2271, 4987, 3557, 2330, 1974, 3901, 2590, 2886, 1678, 3904, 2406, 2617], [1438, 1711, 950, 475, 2855, 4150, 3038, 2019, 1623, 1711, 751, 3503, 2621, 3385, 2286, 2569, 542, 1062, 1343, 2122, 3727, 3566, 3332, 2406, 1291, 1813, 1807, 876, 3629, 3183, 301, 4361, 1951, 1957, 2231, 1384, 1922, 1173, 1567, 850, 751, 3787, 3532, 3183, 1508, 3133, 4265, 1143, 1283, 3020, 2803, 3825, 3179, 3304, 4054, 0, 2659, 2122, 3060, 2443, 766, 2484, 961, 3155, 2551, 2373, 1143, 1083, 1813, 1210, 3715, 1093, 1384, 425, 1807, 1093, 3629, 2443, 3321, 2621, 2475, 542, 4120, 3825, 1757, 2106, 1143, 901, 1093, 601, 809, 3422, 1283, 3165, 2718, 3464, 1093, 901, 2569, 3093, 1957, 2701, 2718, 3222, 2515, 3005, 1438], [2448, 2164, 2855, 2185, 672, 3904, 425, 2551, 4040, 1238, 3005, 5251, 1351, 1678, 475, 451, 2551, 2420, 1359, 4032, 3604, 4225, 3503, 913, 1501, 1750, 4299, 3355, 3972, 1343, 2373, 3678, 1678, 3819, 2621, 3961, 4374, 3691, 1093, 3155, 1974, 3927, 5342, 4921, 1210, 5097