{'nodes': [(0, 0, 0, 0, 48000, 0, False), (1, -3.2447045366947904, 12.900765246934068, 20882, 23089, 30, True), (2, 0.6748663794327946, 1.3306394251355165, 20218, 25066, 20, True), (3, 0.3745515397156076, 3.248133444263439, 30500, 34091, 30, True), (4, 0.8994970474000046, -4.1926340140936045, 1518, 5491, 40, True), (5, 7.746107803289826, -3.438345562230759, 39520, 44596, 50, True), (6, 5.0313169354070775, 14.525220910639542, 19672, 30573, 40, True), (7, 26.167097973287845, -9.026936360764337, 12076, 16901, 20, False), (8, -3.8292899360879473, -6.552034184134284, 27564, 36329, 40, True), (9, -0.1567145331394645, -0.5022506882355126, 42516, 48000, 10, True), (10, 1.246415393727361, -1.12151045330336, 21295, 25904, 40, True), (11, -0.5683328409427215, -3.113549506963812, 0, 4128, 10, True), (12, -11.009238028277645, -20.609874414723848, 12489, 15744, 40, True), (13, 0.9575869024247516, 2.6265698865213993, 9667, 15381, 50, True), (14, 4.409162160114841, 3.2670209201386995, 32245, 40507, 50, True), (15, 10.005143000210913, -6.008534501346411, 17545, 26274, 40, True), (16, -2.3458539463644796, 10.612527203987652, 7397, 15165, 40, True), (17, 7.178424884226941, 7.652502092766706, 589, 9003, 10, True), (18, -4.788113656207261, 0.5047897215580187, 2600, 6632, 10, True), (19, -9.632541478523704, 1.682316271617808, 30458, 36246, 10, True), (20, 0.6661558999675573, -14.390532161068966, 29455, 37444, 40, True), (21, -0.17865546594174533, -1.2678924981284356, 14862, 20684, 20, True), (22, -0.0016354621878196705, 0.15823115902941118, 42660, 45418, 40, True), (23, -17.53030709987798, -9.575529552628844, 4412, 12724, 40, True), (24, 0.7343569625335397, -2.3926388131660765, 36840, 48000, 10, False), (25, 4.7318517076802316, -1.4351657334940018, 21841, 27427, 20, True), (26, -6.13846923164386, 0.7249983014242276, 23553, 29107, 20, True), (27, 3.0605172913086314, 3.4944587453862574, 40276, 47313, 40, True), (28, 14.375413881376804, -6.931116747102015, 2834, 7691, 10, True), (29, -0.5620148563728113, -0.21560328677664362, 7276, 13803, 40, True), (30, -7.719258702693213, 2.957922658152294, 0, 5904, 10, True), (31, 8.352359339108578, 19.729805817778583, 25850, 33013, 10, True), (32, 5.310538245922851, -7.169108497080497, 9108, 17301, 10, True), (33, -3.355819528258748, 9.73506607518809, 1071, 6485, 40, True), (34, -0.5736322519940461, 2.137320017923661, 15903, 23967, 40, True), (35, -1.0473811074526822, -0.5323852827175086, 5420, 12446, 30, True), (36, -4.4423574520014855, 6.875433097595269, 3307, 13689, 50, True), (37, -0.7679169870365399, 15.50175442104887, 36477, 43232, 10, False), (38, 13.41383361102082, 9.896286156664331, 2269, 9497, 30, True), (39, -1.524373766821732, 18.65849692604071, 5049, 8527, 20, True), (40, 1.576674191985781, 8.18812047927868, 16752, 22668, 50, True), (41, 8.96819832085274, -5.337741076981691, 28395, 32107, 20, True), (42, 9.919312284361181, 4.805528857386457, 10222, 16347, 40, True), (43, -8.27631539771123, -9.897543447117119, 4329, 10446, 50, True), (44, -0.7154384974945454, -3.220823372557259, 37587, 45608, 30, False), (45, -0.5488317662996731, -0.43273504237580196, 27732, 30552, 40, True), (46, 0.32085608011327676, 2.085878011922731, 2028, 10199, 20, True), (47, -6.505786060730882, -7.001735300769534, 40844, 43460, 10, True), (48, -7.337481577671354, 5.009992822010567, 4856, 12107, 30, True), (49, 12.63693568217412, 4.137645525016704, 20497, 26546, 50, True), (50, -0.7997750649243187, -4.537805471403182, 7301, 15348, 40, True), (51, 19.853517018470026, 6.802221243069081, 25376, 27545, 20, True), (52, -20.237415248967977, -7.7563370129123435, 3435, 11423, 30, True), (53, 5.988791138954797, -7.765163705547142, 10487, 18596, 10, True), (54, -3.9611621561153867, -3.931927677302912, 24997, 31963, 20, True), (55, -0.43721967862483824, -5.3021840051848015, 27030, 36076, 10, True), (56, 0.43851905985482287, 0.6031801845838812, 0, 7415, 30, True), (57, 3.284651974576916, -4.416851238698706, 27245, 35306, 10, True), (58, 0.3535421193238329, -2.5273064728875894, 16101, 23757, 10, True), (59, 0.9415861732055454, -2.49423379421641, 2955, 10119, 40, True), (60, -3.7076921676632435, -7.727597058419248, 41573, 47517, 40, True), (61, 0.8247398001231843, 0.8777407579903993, 3966, 8290, 20, True), (62, -8.620060420521506, 9.79838679636162, 23861, 33575, 10, True), (63, -2.814711611757065, 9.621579234189602, 41751, 45199, 40, True), (64, -0.16759818823383216, -2.189819367337476, 3235, 7781, 50, True), (65, 1.0302395700288272, -3.911098593450951, 7617, 14567, 40, True), (66, -10.67021079190974, 6.557280081767628, 39553, 47095, 10, False), (67, -0.4491596167487166, 0.1345867360084567, 29874, 32755, 30, True), (68, -22.541310930211846, 1.8004617543191934, 23549, 27062, 20, True), (69, -20.626635656207853, -8.709947363481266, 13934, 19449, 50, True), (70, 9.071430634652538, -9.574845016045517, 19772, 28638, 10, True), (71, 5.466134911937358, -12.652309047466547, 21993, 30115, 30, False), (72, -17.45105477888032, 4.2567247949190525, 28082, 32212, 20, False), (73, -3.947218007529122, 3.5788394249736286, 40765, 46762, 10, True), (74, -3.054151462910221, 0.04369939810266633, 17079, 18937, 30, True), (75, 0.12033037665852887, -14.148469647061628, 9262, 13802, 20, True), (76, -2.9014707717889725, 3.5089956739045602, 499, 6128, 10, True), (77, 0.8733149872003371, -15.918385315959098, 30236, 33344, 40, True), (78, -0.0895130563737433, -0.5597106698738463, 43181, 48000, 40, True), (79, -0.35365239266533827, -14.994609388339253, 2479, 8784, 20, True), (80, -6.526665041681966, -1.1818742298897327, 21548, 26056, 50, True), (81, 11.658295456415226, 4.995309810554884, 15154, 22393, 10, False), (82, 11.292354468616155, -12.119161457204584, 13838, 21899, 10, True), (83, 0.20413371245290615, 2.9114087234423245, 20048, 23261, 50, True), (84, 9.382226096945242, 7.738079685221115, 17914, 26016, 20, True), (85, -1.3136367881836886, -11.370855689002203, 23707, 29126, 30, False), (86, 4.741972689566501, 7.98282985104023, 38173, 43352, 30, True), (87, 3.548112018265017, -7.363909417404609, 18197, 20518, 40, True), (88, -2.2114490971450604, -2.3878736256688757, 24187, 31727, 50, True), (89, -1.6785235327891743, -1.7290755001636242, 24242, 29535, 30, True), (90, 20.884526873674105, -13.428555149489991, 32454, 35277, 20, True), (91, 5.135289994044272, 2.2837061315899874, 11746, 18981, 20, True), (92, -0.012492646711186975, -0.4349086517809995, 22893, 30334, 40, True), (93, -2.08871361491081, -0.3833790036158867, 20809, 29326, 30, True), (94, -7.037373324646451, 5.95371815265339, 40712, 48000, 50, True), (95, -2.358128135116876, -1.5337148699054328, 37103, 45328, 40, True), (96, -3.0948498117879986, 21.92191132335489, 26208, 31853, 20, True), (97, -3.655121740739519, 0.9660604113717962, 18158, 22397, 50, True), (98, 5.49541850108491, 3.857000029831425, 38968, 48000, 50, False), (99, -0.8502520812533161, -13.570686461091947, 4308, 9329, 10, True), (100, 1.1202134419155645, 3.3128138211603684, 0, 3821, 40, True), (101, -9.356435585757385, -0.266703278675656, 12427, 18602, 40, True), (102, -0.5471960227017095, -5.587739394008444, 22655, 26887, 30, True), (103, 3.9641664781559838, -8.79722274869724, 18738, 23513, 50, True), (104, -0.031529868849522184, 0.3414832870421865, 20732, 26459, 50, True), (105, -1.2185980456101464, 1.374087736138962, 33031, 37120, 40, True), (106, 0, 0, 0, 48000, 0, False)], 'F': 20.0, 'ct': 0.083, 'cd': 0.021, 'truck_cap': 100, 'drone_cap': 20, 'truck_speed': 40, 'drone_speed': 40, 'a': 1, 'b': 2, 'max_flight_time': 30, 'ttt': [[0, 3992, 449, 982, 1287, 2543, 4613, 8305, 2278, 159, 504, 950, 7011, 840, 1647, 3502, 3262, 3149, 1445, 2935, 4323, 385, 48, 5994, 752, 1484, 1855, 1395, 4789, 182, 2481, 6428, 2678, 3090, 665, 353, 2457, 4657, 5002, 5617, 2503, 3132, 3308, 3872, 991, 211, 634, 2868, 2666, 3990, 1383, 6297, 6503, 2943, 1675, 1597, 225, 1652, 767, 801, 2572, 362, 3916, 3008, 660, 1214, 3758, 142, 6785, 6718, 3958, 4136, 5390, 1599, 917, 4246, 1367, 4784, 171, 4501, 1991, 3806, 4970, 877, 3649, 3435, 2787, 2453, 977, 724, 7450, 1687, 132, 638, 2766, 845, 6643, 1135, 2015, 4080, 1050, 2809, 1685, 2896, 104, 552, 1], [3992, 0, 3666, 3094, 5278, 5909, 2531, 11007, 5839, 4127, 4418, 4872, 10321, 3331, 3692, 6928, 739, 3502, 3749, 3874, 8272, 4350, 3946, 7991, 4742, 4923, 3755, 3398, 7960, 4017, 3272, 4039, 6546, 951, 3328, 4085, 1844, 1078, 5079, 1804, 2024, 6586, 4637, 7005, 4897, 4082, 3417, 6051, 2668, 5443, 5284, 7168, 8025, 6791, 5055, 5526, 3852, 5553, 4754, 4787, 6191, 3809, 1863, 993, 4621, 5205, 2931, 3922, 6679, 8321, 7690, 8100, 4990, 2806, 3859, 8178, 2820, 8735, 4149, 8414, 4339, 5062, 8682, 3171, 4093, 7305, 2815, 6413, 4598, 4415, 10715, 4059, 4118, 4001, 2375, 4340, 2708, 3584, 3774, 7975, 3161, 4356, 5606, 6860, 3890, 3512, 3992], [449, 3666, 0, 583, 1659, 2560, 4170, 8256, 2725, 605, 756, 1385, 7458, 399, 1263, 3562, 2929, 2722, 1659, 3095, 4717, 822, 407, 6368, 1118, 1474, 2053, 967, 4801, 595, 2566, 5982, 2906, 2797, 447, 762, 2265, 4274, 4606, 5241, 2076, 3194, 2964, 4309, 1429, 645, 251, 3301, 2646, 3687, 1816, 5984, 6841, 3161, 2105, 2019, 230, 1895, 1162, 1151, 3020, 144, 3773, 2700, 1087, 1577, 3748, 493, 6967, 7066, 4130, 4435, 5509, 1543, 1184, 4648, 1257, 5176, 613, 4908, 2289, 3475, 5142, 496, 3244, 3858, 2340, 2748, 1413, 1159, 7509, 1369, 569, 977, 2699, 1253, 6281, 1305, 1634, 4495, 610, 3048, 2109, 3196, 366, 569, 449], [982, 3094, 583, 0, 2239, 2987, 3661, 8570, 3200, 1137, 1338, 1930, 7931, 257, 1211, 4008, 2356, 2433, 1755, 3040, 5293, 1366, 935, 6608, 1697, 1920, 2096, 810, 5194, 1077, 2431, 5494, 3459, 2246, 439, 1213, 1810, 3693, 4392, 4659, 1526, 3645, 2902, 4722, 1969, 1139, 350, 3704, 2374, 3689, 2363, 5941, 7011, 3710, 2517, 2578, 795, 2461, 1734, 1732, 3514, 725, 3339, 2139, 1640, 2158, 3460, 967, 6889, 7251, 4649, 5010, 5357, 1301, 1409, 5221, 987, 5753, 1152, 5478, 2461, 3426, 5656, 114, 3020, 4416, 1933, 3324, 1861, 1616, 7931, 1458, 1112, 1317, 2368, 1653, 5699, 1390, 1548, 5060, 226, 3105, 2666, 3772, 881, 739, 982], [1287, 5278, 1659, 2239, 0, 2067, 5752, 7719, 1586, 1153, 928, 548, 6085, 2047, 2474, 2786, 4548, 4023, 2214, 3619, 3061, 936, 1334, 5761, 543, 1417, 2577, 2397, 4126, 1272, 3361, 7518, 1597, 4370, 1951, 1245, 3688, 5930, 5654, 6895, 3721, 2446, 3823, 3242, 566, 1210, 1893, 2377, 3706, 4319, 521, 6575, 6432, 1866, 1461, 522, 1446, 720, 527, 511, 1743, 1522, 5078, 4292, 682, 94, 4739, 1361, 7259, 6600, 2937, 2885, 6062, 2749, 1739, 2997, 2578, 3519, 1131, 3263, 2405, 4245, 3922, 2142, 4393, 2254, 3831, 1241, 1080, 1071, 6606, 2323, 1161, 1453, 3866, 1262, 7926, 2065, 2782, 2863, 2254, 3296, 604, 1660, 1390, 1788, 1287], [2543, 5909, 2560, 2987, 2067, 0, 5451, 5776, 3597, 2530, 2071, 2497, 7630, 2732, 2248, 1028, 5191, 3333, 3943, 5436, 3913, 2466, 2564, 7804, 2128, 1087, 4350, 2511, 2249, 2674, 5022, 6954, 1338, 5169, 3006, 2779, 4791, 6231, 4348, 7190, 3950, 679, 2559, 5184, 2540, 2648, 2777, 4408, 5188, 2706, 2586, 4758, 8495, 1402, 3516, 2519, 2506, 1371, 2236, 2062, 3670, 2448, 6316, 5040, 2404, 2021, 6287, 2683, 9222, 8658, 1884, 2849, 7905, 4092, 3405, 3945, 3815, 4275, 2505, 4235, 4336, 2790, 2814, 2959, 3390, 3614, 3544, 1725, 3005, 2875, 4953, 1888, 2497, 3091, 5255, 3086, 8275, 3668, 2291, 3987, 2839, 5219, 2571, 1969, 2595, 3053, 2543], [4613, 2531, 4170, 3661, 5752, 5451, 0, 9495, 6860, 4770, 4830, 5553, 11588, 3774, 3384, 6339, 2506, 2161, 5136, 5849, 8774, 4990, 4568, 9905, 5238, 4790, 5327, 3363, 7022, 4731, 5166, 1853, 6510, 2899, 4080, 4872, 3654, 1765, 2874, 2326, 2166, 6076, 3265, 8345, 5597, 4790, 3991, 7328, 4683, 3863, 5981, 5015, 10108, 6694, 6160, 6171, 4399, 5708, 5306, 5252, 7173, 4285, 4335, 2777, 5252, 5661, 5283, 4621, 9111, 10386, 7332, 8155, 7416, 4248, 4977, 8728, 4074, 9219, 4780, 9003, 5851, 3483, 8212, 3774, 2420, 8000, 1966, 6583, 5521, 5276, 9642, 3674, 4737, 4957, 4442, 5304, 3298, 4832, 3204, 8612, 3563, 6192, 6263, 7005, 4519, 4369, 4613], [8305, 11007, 8256, 8570, 7719, 5776, 9495, 0, 9030, 8302, 7844, 8215, 11683, 8333, 7498, 4933, 10388, 7583, 9718, 11211, 7819, 8240, 8321, 13111, 7886, 6823, 10125, 7885, 3594, 8444, 10784, 10149, 6283, 10495, 8694, 8554, 10349, 10930, 6847, 11748, 9006, 5278, 6403, 10337, 8252, 8420, 8441, 9822, 10899, 5664, 8202, 5114, 13928, 6066, 9168, 8060, 8243, 7004, 7987, 7818, 8972, 8164, 11867, 10340, 8163, 7697, 12000, 8446, 14970, 14039, 5132, 6306, 13680, 9795, 9180, 7965, 9498, 7866, 8277, 8156, 10088, 6054, 4559, 8574, 7118, 8275, 8208, 6805, 8744, 8637, 2064, 7165, 8267, 8865, 10929, 8849, 12779, 9437, 7308, 8220, 8377, 10977, 8081, 6662, 8348, 8789, 8305], [2278, 5839, 2725, 3200, 1586, 3597, 6860, 9030, 0, 2124, 2231, 1423, 4737, 3107, 3846, 4155, 5170, 5392, 2137, 3023, 2712, 1928, 2319, 4210, 1853, 2993, 2291, 3656, 5464, 2140, 3083, 8691, 2749, 4889, 2785, 1990, 4033, 6681, 7150, 7596, 4711, 3857, 5351, 1670, 1369, 2084, 2876, 815, 3626, 5891, 1092, 8158, 4937, 2969, 788, 1086, 2500, 2229, 1742, 1880, 356, 2631, 5112, 4863, 1710, 1660, 4437, 2249, 6148, 5082, 3976, 3337, 5218, 3040, 1993, 2570, 3032, 3145, 2120, 2740, 1804, 5797, 4835, 3087, 5839, 1632, 5063, 2228, 1341, 1585, 7697, 3777, 2164, 1924, 3874, 1570, 8546, 2257, 4193, 2288, 3312, 2512, 1027, 2434, 2362, 2505, 2278], [159, 4127, 605, 1137, 1153, 2530, 4770, 8302, 2124, 0, 461, 794, 6856, 997, 1777, 3468, 3399, 3291, 1423, 2918, 4175, 231, 205, 5881, 628, 1494, 1833, 1540, 4768, 150, 2496, 6586, 2588, 3219, 803, 268, 2561, 4806, 5130, 5764, 2659, 3099, 3418, 3726, 834, 120, 791, 2727, 2717, 4084, 1227, 6392, 6406, 2855, 1538, 1443, 378, 1565, 628, 683, 2416, 509, 4000, 3141, 507, 1084, 3800, 211, 6752, 6617, 3883, 4017, 5382, 1672, 886, 4096, 1459, 4636, 28, 4349, 1923, 3910, 4894, 1031, 3783, 3280, 2940, 2340, 838, 587, 7409, 1795, 49, 582, 2832, 730, 6786, 1139, 2142, 3927, 1208, 2762, 1531, 2780, 257, 648, 159], [504, 4418, 756, 1338, 928, 2071, 4830, 7844, 2231, 461, 0, 809, 6908, 1129, 1624, 3010, 3682, 3178, 1876, 3371, 3986, 431, 537, 6179, 412, 1051, 2285, 1489, 4308, 608, 2956, 6610, 2187, 3539, 1121, 711, 2945, 5024, 4925, 5993, 2796, 2640, 3152, 3886, 863, 578, 1002, 2920, 3166, 3765, 1196, 6068, 6747, 2450, 1776, 1353, 572, 1163, 501, 423, 2478, 614, 4416, 3447, 533, 840, 4254, 634, 7191, 6947, 3457, 3685, 5838, 2102, 1338, 3924, 1866, 4441, 436, 4191, 2333, 3624, 4470, 1251, 3610, 3170, 2927, 1997, 1106, 897, 6954, 1552, 431, 1026, 3269, 1089, 7036, 1599, 1965, 3788, 1332, 3192, 1445, 2444, 584, 1053, 504], [950, 4872, 1385, 1930, 548, 2497, 5553, 8215, 1423, 794, 809, 0, 6113, 1783, 2429, 3290, 4153, 3980, 1669, 3077, 3404, 567, 997, 5446, 448, 1669, 2030, 2263, 4628, 870, 2815, 7358, 2144, 3945, 1576, 789, 3215, 5586, 5731, 6539, 3452, 2939, 3943, 3081, 56, 805, 1583, 2130, 3173, 4521, 434, 6812, 6064, 2413, 1048, 659, 1156, 1221, 329, 491, 1675, 1269, 4566, 3881, 303, 537, 4196, 976, 6756, 6248, 3482, 3387, 5527, 2250, 1207, 3318, 2107, 3867, 781, 3566, 1880, 4402, 4469, 1823, 4418, 2488, 3691, 1776, 540, 533, 7142, 2357, 822, 938, 3343, 717, 7550, 1536, 2773, 3139, 1994, 2772, 743, 2182, 1050, 1361, 950], [7011, 10321, 7458, 7931, 6085, 7630, 11588, 11683, 4737, 6856, 6908, 6113, 0, 7842, 8528, 7678, 9722, 10084, 6605, 6701, 3970, 6651, 7052, 3846, 6503, 7443, 6566, 8374, 8652, 6875, 7140, 13425, 6344, 9390, 7509, 6725, 8479, 11262, 11724, 12120, 9429, 7545, 9878, 3318, 6063, 6819, 7611, 4301, 7765, 10270, 5713, 12385, 4748, 6393, 5433, 5582, 7232, 6481, 6408, 6512, 4443, 7360, 9152, 9398, 6413, 6177, 8152, 6984, 7562, 4591, 6875, 5490, 7707, 7561, 6641, 3862, 7635, 3834, 6850, 3614, 5983, 10260, 7160, 7818, 10477, 4019, 9794, 5906, 6071, 6319, 9809, 8405, 6894, 6633, 8059, 6285, 12980, 6839, 8855, 3709, 8048, 6124, 5493, 5723, 7097, 7221, 7011], [840, 3331, 399, 257, 2047, 2732, 3774, 8333, 3107, 997, 1129, 1783, 7842, 0, 1054, 3753, 2594, 2400, 1838, 3191, 5107, 1218, 795, 6646, 1508, 1664, 2205, 683, 4943, 968, 2606, 5591, 3217, 2495, 483, 1123, 2062, 3898, 4328, 4868, 1680, 3390, 2768, 4669, 1826, 1024, 252, 3656, 2590, 3534, 2214, 5807, 7081, 3465, 2460, 2416, 628, 2226, 1558, 1537, 3408, 527, 3591, 2385, 1485, 1962, 3683, 859, 7055, 7315, 4397, 4780, 5545, 1500, 1432, 5040, 1189, 5565, 1007, 5302, 2520, 3289, 5403, 243, 2957, 4255, 1968, 3097, 1781, 1528, 7678, 1259, 964, 1286, 2599, 1597, 5916, 1472, 1412, 4890, 213, 3215, 2506, 3545, 748, 754, 840], [1647, 3692, 1263, 1211, 2474, 2248, 3384, 7498, 3846, 1777, 1624, 2429, 8528, 1054, 0, 3251, 2995, 1557, 2882, 4240, 5416, 1936, 1620, 7628, 2025, 1415, 3256, 411, 4279, 1822, 3641, 5080, 3143, 3033, 1534, 1996, 2869, 3986, 3356, 4950, 1704, 2922, 1717, 5486, 2481, 1857, 1278, 4497, 3564, 2483, 2816, 4754, 8101, 3344, 3313, 2954, 1435, 2331, 2123, 2018, 4101, 1293, 4373, 2887, 2138, 2381, 4631, 1735, 8098, 8327, 4100, 4787, 6566, 2510, 2440, 5382, 2195, 5854, 1773, 5663, 3543, 2237, 5058, 1267, 2007, 4716, 1419, 3201, 2613, 2364, 7038, 368, 1731, 2237, 3528, 2490, 6033, 2517, 372, 5293, 988, 4265, 3045, 3623, 1596, 1782, 1647], [3502, 6928, 3562, 4008, 2786, 1028, 6339, 4933, 4155, 3468, 3010, 3290, 7678, 3753, 3251, 0, 6213, 4186, 4850, 6328, 3766, 3371, 3527, 8331, 2986, 2095, 5248, 3532, 1341, 3616, 5960, 7738, 1452, 6196, 4006, 3701, 5808, 7218, 4881, 8170, 4954, 371, 3245, 5608, 3324, 3582, 3787, 4963, 6165, 3146, 3272, 4849, 9089, 1316, 4237, 3141, 3490, 2073, 3079, 2917, 4147, 3444, 7330, 6066, 3261, 2766, 7259, 3639, 10042, 9226, 1107, 2415, 8795, 5080, 4319, 3843, 4812, 4044, 3442, 4115, 5168, 3339, 1874, 3977, 4129, 3758, 4486, 1980, 3824, 3734, 3952, 2886, 3440, 4002, 6248, 3945, 9256, 4602, 3255, 3970, 3864, 6060, 3169, 1997, 3564, 4031, 3502], [3262, 739, 2929, 2356, 4548, 5191, 2506, 10388, 5170, 3399, 3682, 4153, 9722, 2594, 2995, 6213, 0, 2993, 3121, 3459, 7556, 3624, 3215, 7579, 4010, 4193, 3178, 2683, 7272, 3293, 2807, 4218, 5809, 402, 2599, 3367, 1286, 1542, 4734, 2427, 1384, 5868, 4072, 6406, 4180, 3358, 2681, 5431, 2252, 4898, 4570, 6758, 7694, 6055, 4391, 4810, 3118, 4816, 4025, 4055, 5518, 3072, 1899, 330, 3897, 4474, 2779, 3195, 6611, 7981, 6959, 7363, 4917, 2165, 3179, 7466, 2139, 8019, 3420, 7706, 3755, 4528, 7954, 2435, 3624, 6603, 2269, 5676, 3901, 3709, 10030, 3360, 3388, 3301, 1985, 3645, 3401, 2921, 3106, 7270, 2425, 3884, 4891, 6124, 3160, 2793, 3262], [3149, 3502, 2722, 2433, 4023, 3333, 2161, 7583, 5392, 3291, 3178, 3980, 10084, 2400, 1557, 4186, 2993, 0, 4183, 5353, 6896, 3470, 3115, 9038, 3581, 2824, 4504, 1757, 4880, 3312, 4687, 3641, 4483, 3222, 2855, 3482, 3495, 3352, 1989, 4210, 1689, 3935, 1187, 7016, 4032, 3356, 2651, 6016, 4427, 1949, 4372, 3812, 9436, 4640, 4822, 4509, 2927, 3806, 3678, 3574, 5654, 2787, 4784, 3057, 3685, 3930, 5366, 3214, 9088, 9680, 5200, 6114, 7460, 3555, 3826, 6876, 3270, 7321, 3291, 7161, 4893, 1564, 6060, 2531, 663, 6251, 739, 4636, 4125, 3872, 7544, 1724, 3248, 3681, 4296, 3973, 5276, 3820, 1247, 6808, 2237, 5501, 4600, 5029, 3081, 3146, 3149], [1445, 3749, 1659, 1755, 2214, 3943, 5136, 9718, 2137, 1423, 1876, 1669, 6605, 1838, 2882, 4850, 3121, 4183, 0, 1497, 4760, 1483, 1441, 4875, 1872, 2916, 411, 2521, 6168, 1287, 1148, 6987, 3806, 2803, 1357, 1166, 1915, 4659, 6146, 5534, 2994, 4485, 4598, 3292, 1657, 1304, 1605, 2311, 1554, 5341, 1930, 7631, 5257, 4076, 1355, 2178, 1569, 2837, 1792, 1941, 2492, 1689, 3017, 2799, 1606, 2192, 2533, 1307, 5341, 5498, 5142, 5005, 3963, 957, 539, 4637, 1065, 5212, 1446, 4837, 728, 5116, 6134, 1664, 4774, 3713, 3635, 3440, 1163, 1150, 8764, 3025, 1461, 854, 1769, 953, 6446, 368, 3246, 4386, 1963, 1391, 2228, 3833, 1429, 1103, 1445], [2935, 3874, 3095, 3040, 3619, 5436, 5849, 11211, 3023, 2918, 3371, 3077, 6701, 3191, 4240, 6328, 3459, 5353, 1497, 0, 5728, 2972, 2926, 4127, 3343, 4411, 1088, 3848, 7653, 2781, 691, 7645, 5211, 3064, 2722, 2661, 2204, 4926, 7341, 5645, 3889, 5965, 5941, 3499, 3054, 2799, 2989, 2770, 1214, 6722, 3242, 8979, 4260, 5478, 2395, 3465, 3040, 4286, 3252, 3412, 3337, 3147, 2455, 3140, 3069, 3613, 1496, 2795, 3874, 4540, 6550, 6247, 2470, 1799, 2035, 5579, 2093, 6150, 2942, 5726, 1268, 6465, 7521, 2975, 5988, 4645, 4709, 4797, 2540, 2597, 10217, 4435, 2956, 2347, 1500, 2387, 6382, 1807, 4586, 5281, 3264, 592, 3492, 5151, 2909, 2527, 2935], [4323, 8272, 4717, 5293, 3061, 3913, 8774, 7819, 2712, 4175, 3986, 3404, 3970, 5107, 5416, 3766, 7556, 6896, 4760, 5728, 0, 3946, 4370, 5648, 3600, 4075, 4974, 5414, 4683, 4269, 5782, 10494, 2577, 7339, 4973, 4190, 6562, 8979, 8230, 9937, 6780, 3686, 6394, 3003, 3377, 4204, 4945, 3090, 6297, 6619, 2989, 8577, 6580, 2551, 3432, 2748, 4500, 3095, 3561, 3571, 2392, 4582, 7774, 7280, 3670, 3147, 7147, 4371, 8490, 6612, 2907, 1533, 7801, 5567, 4473, 180, 5476, 464, 4156, 357, 4513, 6687, 3261, 5193, 7136, 1084, 6823, 2279, 3704, 3864, 6073, 5180, 4193, 4284, 6527, 3963, 10953, 4787, 5664, 518, 5314, 5197, 2667, 1949, 4426, 4764, 4323], [385, 4350, 822, 1366, 936, 2466, 4990, 8240, 1928, 231, 431, 567, 6651, 1218, 1936, 3371, 3624, 3470, 1483, 2972, 3946, 0, 432, 5772, 436, 1475, 1886, 1729, 4686, 337, 2594, 6800, 2419, 3437, 1029, 342, 2759, 5035, 5278, 5993, 2886, 3004, 3536, 3551, 609, 275, 1018, 2563, 2857, 4174, 1000, 6480, 6326, 2689, 1389, 1214, 592, 1405, 411, 499, 2209, 712, 4176, 3362, 278, 873, 3928, 429, 6773, 6529, 3731, 3813, 5441, 1843, 949, 3866, 1651, 4407, 215, 4119, 1906, 4019, 4738, 1260, 3941, 3051, 3144, 2144, 697, 472, 7297, 1918, 256, 632, 2989, 660, 7013, 1241, 2295, 3697, 1429, 2771, 1302, 2579, 486, 853, 385], [48, 3946, 407, 935, 1334, 2564, 4568, 8321, 2319, 205, 537, 997, 7052, 795, 1620, 3527, 3215, 3115, 1441, 2926, 4370, 432, 0, 6016, 797, 1499, 1850, 1360, 4810, 203, 2464, 6385, 2716, 3045, 619, 377, 2417, 4610, 4974, 5570, 2456, 3157, 3288, 3908, 1037, 243, 587, 2903, 2640, 3976, 1430, 6282, 6520, 2981, 1709, 1644, 189, 1691, 814, 846, 2615, 330, 3880, 2963, 707, 1260, 3733, 135, 6781, 6736, 3993, 4180, 5378, 1568, 917, 4293, 1330, 4831, 218, 4548, 1999, 3788, 5006, 829, 3620, 3482, 2746, 2496, 1012, 758, 7476, 1669, 179, 648, 2736, 871, 6596, 1124, 1989, 4128, 1005, 2810, 1733, 2939, 57, 517, 48], [5994, 7991, 6368, 6608, 5761, 7804, 9905, 13111, 4210, 5881, 6179, 5446, 3846, 6646, 7628, 8331, 7579, 9038, 4875, 4127, 5648, 5772, 6016, 0, 5889, 7112, 4608, 7318, 9606, 5815, 4776, 11731, 6891, 7187, 6184, 5641, 6308, 9050, 10969, 9738, 7828, 8052, 9298, 2779, 5394, 5787, 6398, 3397, 5339, 9942, 5243, 12245, 979, 7078, 4410, 5287, 6196, 6434, 5768, 5936, 4185, 6338, 6398, 7258, 5661, 5823, 5260, 5895, 3730, 966, 7982, 6961, 4151, 5674, 5215, 5471, 5889, 5841, 5891, 5404, 4153, 9788, 8681, 6508, 9601, 4896, 8509, 6359, 5077, 5307, 11583, 7675, 5929, 5392, 5624, 5152, 10395, 5229, 7998, 5147, 6802, 3717, 5235, 6454, 6035, 5895, 5994], [752, 4742, 1118, 1697, 543, 2128, 5238, 7886, 1853, 628, 412, 448, 6503, 1508, 2025, 2986, 4010, 3581, 1872, 3343, 3600, 436, 797, 5889, 0, 1234, 2265, 1900, 4314, 761, 3002, 7020, 1985, 3841, 1416, 774, 3186, 5388, 5298, 6353, 3185, 2624, 3502, 3519, 502, 704, 1350, 2576, 3287, 4074, 792, 6366, 6495, 2255, 1483, 942, 904, 978, 122, 70, 2084, 982, 4611, 3759, 278, 465, 4350, 838, 7096, 6684, 3302, 3390, 5810, 2277, 1352, 3533, 2081, 4059, 604, 3796, 2209, 3957, 4308, 1600, 3997, 2764, 3338, 1715, 885, 752, 6893, 1927, 630, 1041, 3422, 964, 7385, 1659, 2358, 3388, 1717, 3095, 1034, 2153, 853, 1274, 752], [1484, 4923, 1474, 1920, 1417, 1087, 4790, 6823, 2993, 1494, 1051, 1669, 7443, 1664, 1415, 2095, 4193, 2824, 2916, 4411, 4075, 1475, 1499, 7112, 1234, 0, 3326, 1563, 3331, 1631, 3962, 6443, 1730, 4138, 1920, 1756, 3715, 5343, 4284, 6315, 3039, 1729, 2436, 4657, 1721, 1613, 1694, 3763, 4106, 2903, 1904, 5167, 7728, 1937, 2714, 1938, 1427, 995, 1355, 1182, 3159, 1363, 5236, 4017, 1488, 1337, 5207, 1625, 8240, 7915, 2768, 3373, 6871, 3008, 2379, 4058, 2729, 4498, 1471, 4346, 3379, 2836, 3762, 1884, 3086, 3490, 2826, 1815, 2104, 1926, 6037, 1123, 1456, 2071, 4170, 2128, 7391, 2618, 1605, 4008, 1791, 4242, 2016, 2222, 1526, 1975, 1484], [1855, 3755, 2053, 2096, 2577, 4350, 5327, 10125, 2291, 1833, 2285, 2030, 6566, 2205, 3256, 5248, 3178, 4504, 411, 1088, 4974, 1886, 1850, 4608, 2265, 3326, 0, 2883, 6570, 1698, 822, 7171, 4173, 2830, 1723, 1574, 1915, 4718, 6480, 5556, 3221, 4884, 4971, 3252, 2013, 1713, 1981, 2322, 1336, 5726, 2250, 8009, 4937, 4442, 1543, 2490, 1974, 3221, 2179, 2334, 2640, 2090, 2823, 2850, 1994, 2562, 2217, 1717, 4932, 5188, 5512, 5314, 3556, 1080, 949, 4842, 1282, 5419, 1856, 5026, 585, 5492, 6497, 2014, 5110, 3908, 3925, 3787, 1504, 1528, 9153, 3415, 1871, 1261, 1593, 1322, 6425, 750, 3615, 4574, 2313, 1011, 2531, 4166, 1837, 1490, 1855], [1395, 3398, 967, 810, 2397, 2511, 3363, 7885, 3656, 1540, 1489, 2263, 8374, 683, 411, 3532, 2683, 1757, 2521, 3848, 5414, 1729, 1360, 7318, 1900, 1563, 2883, 0, 4617, 1557, 3239, 5124, 3271, 2686, 1165, 1727, 2470, 3782, 3653, 4754, 1478, 3189, 2096, 5265, 2312, 1601, 925, 4261, 3153, 2880, 2675, 5136, 7763, 3491, 3067, 2841, 1172, 2375, 1982, 1907, 3933, 1034, 3983, 2548, 1962, 2305, 4221, 1459, 7698, 7995, 4317, 4898, 6159, 2103, 2107, 5367, 1790, 5862, 1541, 5641, 3201, 2619, 5296, 876, 2285, 4650, 1439, 3262, 2371, 2117, 7374, 722, 1497, 1935, 3119, 2219, 5829, 2154, 740, 5253, 586, 3893, 2933, 3698, 1326, 1434, 1395], [4789, 7960, 4801, 5194, 4126, 2249, 7022, 3594, 5464, 4768, 4308, 4628, 8652, 4943, 4279, 1341, 7272, 4880, 6168, 7653, 4683, 4686, 4810, 9606, 4314, 3331, 6570, 4617, 0, 4914, 7263, 8201, 2721, 7301, 5246, 5010, 7003, 8121, 5057, 9039, 5944, 1692, 3767, 6855, 4663, 4884, 5011, 6265, 7435, 3362, 4610, 4437, 10388, 2529, 5575, 4472, 4754, 3413, 4410, 4245, 5431, 4693, 8532, 7160, 4590, 4106, 8535, 4928, 11382, 10515, 1779, 3177, 10122, 6338, 5633, 4794, 6057, 4867, 4743, 5039, 6505, 3671, 1811, 5177, 4650, 4893, 5327, 3252, 5160, 5064, 2760, 3916, 4737, 5317, 7498, 5276, 10120, 5906, 4193, 4984, 5027, 7396, 4496, 3174, 4843, 5301, 4789], [182, 4017, 595, 1077, 1272, 2674, 4731, 8444, 2140, 150, 608, 870, 6875, 968, 1822, 3616, 3293, 3312, 1287, 2781, 4269, 337, 203, 5815, 761, 1631, 1698, 1557, 4914, 0, 2350, 6555, 2731, 3102, 707, 175, 2426, 4717, 5176, 5671, 2602, 3247, 3488, 3715, 904, 66, 741, 2707, 2568, 4170, 1300, 6477, 6322, 3000, 1512, 1527, 389, 1710, 747, 820, 2444, 531, 3857, 3029, 605, 1208, 3651, 111, 6622, 6538, 4030, 4147, 5242, 1527, 753, 4186, 1321, 4731, 176, 4435, 1814, 3986, 5041, 967, 3821, 3355, 2930, 2475, 819, 565, 7558, 1867, 179, 462, 2684, 669, 6686, 994, 2191, 4008, 1174, 2639, 1613, 2912, 232, 517, 182], [2481, 3272, 2566, 2431, 3361, 5022, 5166, 10784, 3083, 2496, 2956, 2815, 7140, 2606, 3641, 5960, 2807, 4687, 1148, 691, 5782, 2594, 2464, 4776, 3002, 3962, 822, 3239, 7263, 2350, 0, 6970, 4952, 2419, 2159, 2260, 1533, 4303, 6674, 5065, 3201, 5592, 5322, 3861, 2803, 2381, 2427, 3011, 627, 6118, 3061, 8353, 4944, 5222, 2355, 3305, 2548, 3975, 2929, 3071, 3425, 2639, 2071, 2483, 2743, 3338, 1397, 2341, 4461, 5221, 6287, 6131, 2946, 1148, 1651, 5646, 1456, 6223, 2521, 5822, 1293, 5846, 7280, 2378, 5328, 4710, 4032, 4585, 2304, 2295, 9891, 3863, 2527, 1965, 923, 2099, 5857, 1359, 3975, 5371, 2655, 1086, 3348, 4973, 2437, 2008, 2481], [6428, 4039, 5982, 5494, 7518, 6954, 1853, 10149, 8691, 6586, 6610, 7358, 13425, 5591, 5080, 7738, 4218, 3641, 6987, 7645, 10494, 6800, 6385, 11731, 7020, 6443, 7171, 5124, 8201, 6555, 6970, 0, 8122, 4619, 5919, 6702, 5442, 3017, 3319, 2981, 4016, 7524, 4503, 10193, 7404, 6613, 5817, 9176, 6455, 4852, 7782, 5192, 11899, 8280, 8003, 7960, 6211, 7403, 7096, 7029, 8998, 6091, 5900, 4520, 7056, 7426, 6942, 6445, 10717, 12182, 8795, 9754, 9027, 6091, 6827, 10460, 5924, 10928, 6594, 10741, 7700, 4531, 9596, 5607, 3612, 9771, 3688, 8256, 7354, 7107, 10635, 5323, 6550, 6800, 6197, 7144, 3498, 6684, 4839, 10366, 5383, 8014, 8052, 8660, 6338, 6211, 6428], [2678, 6546, 2906, 3459, 1597, 1338, 6510, 6283, 2749, 2588, 2187, 2144, 6344, 3217, 3143, 1452, 5809, 4483, 3806, 5211, 2577, 2419, 2716, 6891, 1985, 1730, 4173, 3271, 2721, 2731, 4952, 8122, 0, 5700, 3304, 2758, 5131, 7042, 5668, 8016, 4742, 1228, 3850, 4158, 2162, 2679, 3155, 3546, 5269, 4043, 1997, 6051, 7667, 272, 2947, 1814, 2753, 1026, 2038, 1921, 2712, 2765, 6587, 5597, 2222, 1615, 6321, 2791, 8779, 7796, 1340, 1647, 7642, 4257, 3315, 2610, 4042, 2944, 2561, 2899, 3981, 4117, 2330, 3391, 4637, 2354, 4550, 533, 2675, 2658, 5036, 2837, 2576, 3013, 5407, 2856, 9085, 3633, 3309, 2666, 3388, 4864, 1821, 635, 2766, 3227, 2678], [3090, 951, 2797, 2246, 4370, 5169, 2899, 10495, 4889, 3219, 3539, 3945, 9390, 2495, 3033, 6196, 402, 3222, 2803, 3064, 7339, 3437, 3045, 7187, 3841, 4138, 2830, 2686, 7301, 3102, 2419, 4619, 5700, 0, 2428, 3158, 919, 1897, 5032, 2734, 1552, 5842, 4249, 6073, 3968, 3165, 2547, 5110, 1855, 5084, 4351, 7019, 7294, 5953, 4105, 4596, 2968, 4691, 3844, 3890, 5241, 2939, 1580, 167, 3704, 4301, 2393, 3010, 6229, 7582, 6890, 7220, 4538, 1856, 2910, 7242, 1874, 7801, 3241, 7474, 3411, 4724, 7894, 2310, 3869, 6362, 2487, 5533, 3654, 3477, 10059, 3390, 3213, 3060, 1584, 3395, 3658, 2633, 3189, 7033, 2349, 3500, 4674, 5979, 2990, 2590, 3090], [665, 3328, 447, 439, 1951, 3006, 4080, 8694, 2785, 803, 1121, 1576, 7509, 483, 1534, 4006, 2599, 2855, 1357, 2722, 4973, 1029, 619, 6184, 1416, 1920, 1723, 1165, 5246, 707, 2159, 5919, 3304, 2428, 0, 814, 1836, 4011, 4800, 4966, 1927, 3637, 3249, 4288, 1609, 772, 270, 3270, 2206, 4009, 2005, 6287, 6605, 3565, 2086, 2233, 552, 2283, 1428, 1463, 3106, 566, 3334, 2345, 1305, 1878, 3307, 603, 6592, 6841, 4553, 4794, 5104, 1102, 975, 4891, 812, 5435, 823, 5141, 2046, 3769, 5566, 330, 3428, 4060, 2371, 3108, 1445, 1207, 7954, 1714, 791, 883, 2253, 1226, 5984, 990, 1893, 4714, 620, 2733, 2319, 3553, 564, 301, 665], [353, 4085, 762, 1213, 1245, 2779, 4872, 8554, 1990, 268, 711, 789, 6725, 1123, 1996, 3701, 3367, 3482, 1166, 2661, 4190, 342, 377, 5641, 774, 1756, 1574, 1727, 5010, 175, 2260, 6702, 2758, 3158, 814, 0, 2446, 4812, 5350, 5760, 2733, 3334, 3660, 3550, 814, 154, 887, 2540, 2516, 4339, 1205, 6646, 6152, 3028, 1344, 1444, 562, 1747, 732, 839, 2302, 704, 3844, 3093, 564, 1191, 3587, 270, 6487, 6367, 4072, 4129, 5128, 1510, 627, 4101, 1335, 4653, 288, 4345, 1656, 4158, 5079, 1100, 3994, 3254, 3090, 2471, 658, 407, 7634, 2039, 313, 317, 2650, 496, 6765, 903, 2365, 3913, 1325, 2495, 1525, 2901, 403, 575, 353], [2457, 1844, 2265, 1810, 3688, 4791, 3654, 10349, 4033, 2561, 2945, 3215, 8479, 2062, 2869, 5808, 1286, 3495, 1915, 2204, 6562, 2759, 2417, 6308, 3186, 3715, 1915, 2470, 7003, 2426, 1533, 5442, 5131, 919, 1836, 2446, 0, 2814, 5434, 3643, 1849, 5443, 4354, 5163, 3230, 2485, 2027, 4210, 1034, 5190, 3595, 7290, 6460, 5394, 3246, 3847, 2385, 4106, 3168, 3243, 4387, 2396, 1531, 959, 3008, 3630, 1872, 2351, 5640, 6742, 6388, 6570, 3982, 1001, 2092, 6455, 1112, 7023, 2586, 6676, 2498, 4864, 7401, 1833, 4156, 5555, 2776, 4899, 2859, 2712, 9739, 3187, 2565, 2290, 827, 2600, 4533, 1789, 3117, 6229, 1983, 2602, 3918, 5336, 2366, 1914, 2457], [4657, 1078, 4274, 3693, 5930, 6231, 1765, 10930, 6681, 4806, 5024, 5586, 11262, 3898, 3986, 7218, 1542, 3352, 4659, 4926, 8979, 5035, 4610, 9050, 5388, 5343, 4718, 3782, 8121, 4717, 4303, 3017, 7042, 1897, 4011, 4812, 2814, 0, 4576, 975, 2305, 6901, 4537, 7947, 5618, 4782, 4039, 6968, 3715, 5273, 6013, 6715, 9100, 7269, 5909, 6243, 4485, 6099, 5420, 5424, 7025, 4414, 2912, 1869, 5312, 5850, 4004, 4612, 7719, 9395, 8082, 8652, 6037, 3703, 4689, 8900, 3655, 9440, 4824, 9151, 5296, 4883, 9043, 3789, 3835, 8064, 2797, 6982, 5385, 5177, 10842, 4344, 4787, 4783, 3428, 5134, 2050, 4447, 3968, 8723, 3701, 5388, 6328, 7428, 4554, 4241, 4657], [5002, 5079, 4606, 4392, 5654, 4348, 2874, 6847, 7150, 5130, 4925, 5731, 11724, 4328, 3356, 4881, 4734, 1989, 6146, 7341, 8230, 5278, 4974, 10969, 5298, 4284, 6480, 3653, 5057, 5176, 6674, 3319, 5668, 5032, 4800, 5350, 5434, 4576, 0, 5197, 3589, 4762, 1853, 8810, 5785, 5211, 4575, 7837, 6397, 1744, 6078, 2144, 11401, 5749, 6663, 6170, 4789, 5261, 5409, 5275, 7372, 4647, 6611, 4870, 5455, 5565, 7295, 5088, 11058, 11639, 5986, 7173, 9414, 5543, 5758, 8243, 5257, 8611, 5124, 8534, 6844, 1563, 6636, 4484, 1373, 7762, 2665, 5965, 5964, 5716, 7349, 3375, 5083, 5581, 6249, 5844, 6128, 5780, 2989, 8240, 4185, 7482, 6256, 6285, 4949, 5081, 5002], [5617, 1804, 5241, 4659, 6895, 7190, 2326, 11748, 7596, 5764, 5993, 6539, 12120, 4868, 4950, 8170, 2427, 4210, 5534, 5645, 9937, 5993, 5570, 9738, 6353, 6315, 5556, 4754, 9039, 5671, 5065, 2981, 8016, 2734, 4966, 5760, 3643, 975, 5197, 0, 3277, 7858, 5392, 8804, 6569, 5736, 5004, 7843, 4451, 6086, 6963, 7335, 9712, 8242, 6817, 7197, 5450, 7072, 6382, 6390, 7944, 5382, 3406, 2740, 6269, 6815, 4552, 5568, 8084, 10014, 9048, 9626, 6443, 4583, 5604, 9855, 4565, 10399, 5783, 10103, 6139, 5697, 10003, 4754, 4631, 9010, 3715, 7955, 6318, 6117, 11742, 5304, 5747, 5716, 4156, 6064, 1087, 5347, 4916, 9672, 4673, 6146, 7281, 8401, 5514, 5187, 5617], [2503, 2024, 2076, 1526, 3721, 3950, 2166, 9006, 4711, 2659, 2796, 3452, 9429, 1680, 1704, 4954, 1384, 1689, 2994, 3889, 6780, 2886, 2456, 7828, 3185, 3039, 3221, 1478, 5944, 2602, 3201, 4016, 4742, 1552, 1927, 2733, 1849, 2305, 3589, 3277, 0, 4625, 2702, 6180, 3492, 2665, 1870, 5163, 2840, 3535, 3885, 5500, 8107, 4967, 3999, 4093, 2302, 3817, 3237, 3211, 5032, 2206, 3098, 1387, 3158, 3634, 3707, 2492, 7486, 8372, 5785, 6361, 5830, 2159, 2812, 6716, 1944, 7236, 2673, 6980, 3717, 3174, 6755, 1637, 2347, 5932, 953, 4704, 3371, 3132, 8696, 2069, 2631, 2798, 2671, 3147, 4353, 2676, 1753, 6569, 1470, 4147, 4183, 5147, 2404, 2211, 2503], [3132, 6586, 3194, 3645, 2446, 679, 6076, 5278, 3857, 3099, 2640, 2939, 7545, 3390, 2922, 371, 5868, 3935, 4485, 5965, 3686, 3004, 3157, 8052, 2624, 1729, 4884, 3189, 1692, 3247, 5592, 7524, 1228, 5842, 3637, 3334, 5443, 6901, 4762, 7858, 4625, 0, 3057, 5352, 2975, 3213, 3420, 4670, 5795, 3049, 2941, 4893, 8793, 1154, 3903, 2823, 3119, 1728, 2719, 2556, 3871, 3074, 6962, 5714, 2900, 2421, 6889, 3269, 9693, 8937, 1273, 2434, 8433, 4709, 3953, 3747, 4442, 3998, 3073, 4028, 4814, 3204, 2152, 3612, 3926, 3577, 4193, 1737, 3470, 3374, 4322, 2560, 3071, 3636, 5877, 3585, 8944, 4234, 2950, 3845, 3505, 5705, 2857, 1826, 3194, 3661, 3132], [3308, 4637, 2964, 2902, 3823, 2559, 3265, 6403, 5351, 3418, 3152, 3943, 9878, 2768, 1717, 3245, 4072, 1187, 4598, 5941, 6394, 3536, 3288, 9298, 3502, 2436, 4971, 2096, 3767, 3488, 5322, 4503, 3850, 4249, 3249, 3660, 4354, 4537, 1853, 5392, 2702, 3057, 0, 7019, 3998, 3513, 2994, 6070, 5178, 841, 4267, 3041, 9802, 3952, 4921, 4342, 3112, 3409, 3617, 3472, 5555, 2973, 5761, 4085, 3684, 3736, 6200, 3413, 9781, 10022, 4323, 5406, 8214, 4177, 4147, 6402, 3867, 6785, 3408, 6693, 5252, 526, 5095, 2970, 895, 5909, 1823, 4122, 4232, 3995, 6384, 1623, 3370, 3925, 5100, 4146, 6452, 4233, 1358, 6391, 2678, 5981, 4426, 4456, 3273, 3497, 3308], [3872, 7005, 4309, 4722, 3242, 5184, 8345, 10337, 1670, 3726, 3886, 3081, 3318, 4669, 5486, 5608, 6406, 7016, 3292, 3499, 3003, 3551, 3908, 2779, 3519, 4657, 3252, 5265, 6855, 3715, 3861, 10193, 4158, 6073, 4288, 3550, 5163, 7947, 8810, 8804, 6180, 5352, 7019, 0, 3027, 3667, 4426, 1019, 4482, 7557, 2761, 9815, 3646, 4328, 2210, 2727, 4095, 3839, 3406, 3548, 1518, 4232, 5911, 6082, 3357, 3321, 4989, 3818, 5535, 3723, 5206, 4206, 5061, 4247, 3370, 2824, 4334, 3287, 3727, 2827, 2668, 7466, 5909, 4610, 7488, 2136, 6636, 3629, 2897, 3151, 8813, 5436, 3770, 3406, 4771, 3075, 9673, 3543, 5840, 2486, 4864, 2908, 2656, 3688, 3945, 3991, 3872], [991, 4897, 1429, 1969, 566, 2540, 5597, 8252, 1369, 834, 863, 56, 6063, 1826, 2481, 3324, 4180, 4032, 1657, 3054, 3377, 609, 1037, 5394, 502, 1721, 2013, 2312, 4663, 904, 2803, 7404, 2162, 3968, 1609, 814, 3230, 5618, 5785, 6569, 3492, 2975, 3998, 3027, 0, 839, 1623, 2076, 3170, 4575, 397, 6865, 6014, 2431, 998, 631, 1199, 1254, 383, 544, 1624, 1315, 4570, 3905, 351, 564, 4187, 1011, 6720, 6197, 3502, 3384, 5500, 2260, 1206, 3289, 2124, 3840, 821, 3535, 1849, 4457, 4485, 1861, 4472, 2453, 3740, 1784, 515, 534, 7168, 2411, 863, 947, 3344, 707, 7578, 1536, 2826, 3106, 2037, 2741, 713, 2185, 1089, 1388, 991], [211, 4082, 645, 1139, 1210, 2648, 4790, 8420, 2084, 120, 578, 805, 6819, 1024, 1857, 3582, 3358, 3356, 1304, 2799, 4204, 275, 243, 5787, 704, 1613, 1713, 1601, 4884, 66, 2381, 6613, 2679, 3165, 772, 154, 2485, 4782, 5211, 5736, 2665, 3213, 3513, 3667, 839, 0, 800, 2661, 2611, 4188, 1235, 6495, 6303, 2948, 1467, 1462, 430, 1660, 685, 764, 2386, 571, 3910, 3093, 540, 1147, 3691, 174, 6633, 6516, 3982, 4087, 5263, 1578, 766, 4121, 1378, 4666, 144, 4370, 1808, 4009, 4992, 1029, 3859, 3290, 2983, 2416, 771, 517, 7521, 1891, 162, 463, 2732, 636, 6751, 1023, 2225, 3943, 1231, 2644, 1548, 2852, 280, 579, 211], [634, 3417, 251, 350, 1893, 2777, 3991, 8441, 2876, 791, 1002, 1583, 7611, 252, 1278, 3787, 2681, 2651, 1605, 2989, 4945, 1018, 587, 6398, 1350, 1694, 1981, 925, 5011, 741, 2427, 5817, 3155, 2547, 270, 887, 2027, 4039, 4575, 5004, 1870, 3420, 2994, 4426, 1623, 800, 0, 3411, 2460, 3747, 2016, 6029, 6839, 3411, 2217, 2229, 447, 2145, 1385, 1388, 3183, 394, 3543, 2450, 1292, 1813, 3561, 630, 6860, 7071, 4375, 4684, 5372, 1357, 1184, 4872, 1058, 5405, 804, 5129, 2277, 3512, 5386, 251, 3205, 4068, 2212, 2997, 1543, 1293, 7729, 1447, 764, 1036, 2495, 1352, 6039, 1240, 1642, 4711, 440, 2989, 2318, 3444, 535, 510, 634], [2868, 6051, 3301, 3704, 2377, 4408, 7328, 9822, 815, 2727, 2920, 2130, 4301, 3656, 4497, 4963, 5431, 6016, 2311, 2770, 3090, 2563, 2903, 3397, 2576, 3763, 2322, 4261, 6265, 2707, 3011, 9176, 3546, 5110, 3270, 2540, 4210, 6968, 7837, 7843, 5163, 4670, 6070, 1019, 2076, 2661, 3411, 0, 3613, 6645, 1866, 8928, 4127, 3756, 1197, 1892, 3091, 3039, 2458, 2613, 868, 3230, 5081, 5109, 2388, 2445, 4256, 2809, 5489, 4268, 4737, 3973, 4712, 3267, 2355, 2925, 3334, 3473, 2729, 3027, 1747, 6532, 5557, 3592, 6503, 2037, 5622, 3019, 1892, 2146, 8441, 4468, 2772, 2388, 3891, 2060, 8738, 2540, 4856, 2601, 3849, 2195, 1838, 3188, 2938, 2972, 2868], [2666, 2668, 2646, 2374, 3706, 5188, 4683, 10899, 3626, 2717, 3166, 3173, 7765, 2590, 3564, 6165, 2252, 4427, 1554, 1214, 6297, 2857, 2640, 5339, 3287, 4106, 1336, 3153, 7435, 2568, 627, 6455, 5269, 1855, 2206, 2516, 1034, 3715, 6397, 4451, 2840, 5795, 5178, 4482, 3170, 2611, 2460, 3613, 0, 5999, 3472, 8176, 5446, 5539, 2868, 3723, 2682, 4262, 3232, 3353, 3974, 2746, 1488, 1939, 3049, 3670, 1103, 2533, 4663, 5731, 6587, 6545, 3043, 1105, 1968, 6169, 1406, 6745, 2743, 6358, 1874, 5700, 7593, 2349, 5083, 5237, 3733, 4945, 2701, 2641, 10114, 3831, 2739, 2259, 298, 2468, 5232, 1642, 3866, 5905, 2589, 1696, 3777, 5354, 2602, 2136, 2666], [3990, 5443, 3687, 3689, 4319, 2706, 3863, 5664, 5891, 4084, 3765, 4521, 10270, 3534, 2483, 3146, 4898, 1949, 5341, 6722, 6619, 4174, 3976, 9942, 4074, 2903, 5726, 2880, 3362, 4170, 6118, 4852, 4043, 5084, 4009, 4339, 5190, 5273, 1744, 6086, 3535, 3049, 841, 7557, 4575, 4188, 3747, 6645, 5999, 0, 4799, 2309, 10489, 4091, 5538, 4839, 3811, 3803, 4194, 4034, 6060, 3677, 6600, 4920, 4286, 4238, 7031, 4106, 10578, 10699, 4252, 5478, 9027, 4979, 4866, 6649, 4666, 6976, 4071, 6939, 5967, 391, 4895, 3749, 1457, 6259, 2635, 4399, 4867, 4642, 5823, 2319, 4036, 4622, 5928, 4811, 7124, 4980, 2145, 6679, 3465, 6730, 4916, 4673, 3969, 4240, 3990], [1383, 5284, 1816, 2363, 521, 2586, 5981, 8202, 1092, 1227, 1196, 434, 5713, 2214, 2816, 3272, 4570, 4372, 1930, 3242, 2989, 1000, 1430, 5243, 792, 1904, 2250, 2675, 4610, 1300, 3061, 7782, 1997, 4351, 2005, 1205, 3595, 6013, 6078, 6963, 3885, 2941, 4267, 2761, 397, 1235, 2016, 1866, 3472, 4799, 0, 7070, 5912, 2256, 967, 255, 1587, 1227, 696, 806, 1296, 1697, 4900, 4292, 730, 581, 4456, 1407, 6795, 6079, 3326, 3077, 5650, 2613, 1533, 2897, 2496, 3452, 1213, 3141, 1992, 4707, 4283, 2256, 4786, 2057, 4109, 1557, 773, 884, 7032, 2714, 1254, 1306, 3663, 1016, 7969, 1861, 3149, 2711, 2426, 2870, 325, 1918, 1483, 1779, 1383], [6297, 7168, 5984, 5941, 6575, 4758, 5015, 5114, 8158, 6392, 6068, 6812, 12385, 5807, 4754, 4849, 6758, 3812, 7631, 8979, 8577, 6480, 6282, 12245, 6366, 5167, 8009, 5136, 4437, 6477, 8