{'nodes': [(0, 6.5, 7.5, 0, 48000, 0, False), (1, 2.0, 11.0, 0, 10260, 10, True), (2, 14.0, 10.5, 21991, 28094, 40, True), (3, 11.5, 4.0, 38084, 48000, 40, True), (4, 3.0, 1.0, 7801, 11427, 30, True), (5, 3.0, 2.5, 0, 7245, 20, False), (6, 11.0, 13.5, 12268, 20451, 30, True), (7, 3.0, 1.5, 36231, 38412, 20, True), (8, 1.0, 14.5, 18862, 24382, 50, True), (9, 14.5, 6.5, 3347, 10740, 10, True), (10, 8.5, 5.0, 37797, 48000, 40, True), (11, 3.0, 10.0, 16075, 21387, 50, True), (12, 10.0, 14.5, 36209, 44080, 10, True), (13, 11.5, 11.5, 9999, 14820, 50, True), (14, 13.0, 7.0, 33399, 41440, 10, True), (15, 5.5, 12.5, 21210, 32271, 30, True), (16, 10.0, 15.0, 18322, 27400, 20, True), (17, 3.0, 8.0, 19046, 21973, 40, True), (18, 3.0, 0, 15799, 19412, 10, True), (19, 7.5, 14.5, 7285, 10252, 50, True), (20, 1.5, 6.0, 7426, 12487, 20, True), (21, 15.0, 5.0, 36411, 39575, 20, True), (22, 11.0, 7.0, 23379, 33729, 10, True), (23, 5.5, 12.5, 21941, 28482, 20, True), (24, 3.5, 9.5, 34228, 45196, 30, True), (25, 8.5, 2.5, 30537, 36707, 10, True), (26, 3.5, 12.5, 18775, 25294, 50, False), (27, 12.5, 7.5, 41831, 47748, 40, True), (28, 3.0, 1.5, 8503, 15371, 50, True), (29, 10.0, 2.0, 11151, 18317, 10, False), (30, 11.5, 14.5, 16908, 23830, 50, True), (31, 2.5, 14.0, 34047, 39020, 50, True), (32, 2.0, 5.0, 2051, 5875, 30, True), (33, 0, 1.0, 10764, 17279, 30, True), (34, 2.0, 6.0, 41645, 48000, 10, True), (35, 7.0, 11.0, 13218, 20643, 40, True), (36, 5.0, 12.5, 21165, 25137, 30, True), (37, 11.5, 8.5, 0, 8037, 40, True), (38, 1.0, 4.5, 17685, 22975, 50, True), (39, 6.0, 0.5, 26829, 29420, 40, True), (40, 7.0, 2.5, 21118, 27293, 20, True), (41, 2.5, 3.0, 42622, 45763, 50, True), (42, 15.0, 10.0, 38066, 46804, 50, True), (43, 2.0, 6.0, 14647, 21228, 20, False), (44, 0, 12.5, 37898, 42303, 30, False), (45, 1.0, 4.5, 9414, 14421, 40, True), (46, 1.5, 7.0, 18341, 24387, 10, True), (47, 8.5, 3.0, 40611, 45711, 20, True), (48, 10.0, 8.0, 41062, 45477, 10, False), (49, 1.5, 8.5, 25613, 35730, 50, True), (50, 13.5, 1.5, 13225, 18403, 10, True), (51, 13.0, 5.5, 6154, 11021, 40, True), (52, 6.5, 6.5, 25949, 27974, 40, True), (53, 10.0, 5.0, 39124, 46369, 10, True), (54, 12.5, 9.5, 34144, 41073, 20, True), (55, 12.5, 15.0, 33750, 41221, 50, True), (56, 9.5, 6.5, 30888, 35145, 10, True), (57, 9.5, 14.5, 19060, 28283, 40, False), (58, 2.0, 10.5, 26206, 30291, 40, True), (59, 9.5, 15.0, 18992, 22926, 10, True), (60, 8.5, 7.5, 44436, 48000, 10, True), (61, 1.0, 10.5, 13270, 19059, 40, True), (62, 11.0, 14.0, 8272, 15947, 20, False), (63, 9.5, 1.0, 34965, 46567, 40, True), (64, 6.0, 8.5, 3518, 10311, 50, True), (65, 10.0, 8.5, 36572, 46010, 10, True), (66, 6.0, 9.5, 38304, 46199, 40, True), (67, 8.5, 14.5, 15851, 20901, 20, True), (68, 13.0, 8.0, 39033, 41936, 40, True), (69, 10.0, 14.5, 7750, 13555, 10, True), (70, 2.5, 1.0, 41506, 45172, 40, True), (71, 11.0, 0, 25397, 29809, 10, True), (72, 8.5, 2.5, 2122, 8710, 40, True), (73, 13.0, 2.5, 27884, 33010, 10, True), (74, 10.5, 1.0, 21115, 28995, 30, True), (75, 0, 13.5, 25307, 27259, 10, True), (76, 9.0, 4.5, 36781, 40300, 40, True), (77, 0.5, 9.0, 28821, 40298, 20, True), (78, 7.0, 0.5, 33794, 41717, 50, True), (79, 11.0, 12.5, 6698, 13391, 30, True), (80, 14.0, 7.0, 16036, 23553, 20, True), (81, 4.0, 12.5, 15116, 18413, 10, True), (82, 15.0, 13.0, 36999, 40589, 20, True), (83, 6.0, 4.5, 12866, 20673, 50, True), (84, 6.5, 5.0, 23674, 25359, 30, True), (85, 8.0, 0.5, 26127, 33245, 20, True), (86, 9.5, 0, 33325, 34742, 20, True), (87, 5.5, 2.0, 6018, 14696, 10, True), (88, 9.0, 2.5, 4862, 11884, 40, True), (89, 14.0, 6.0, 33360, 38919, 40, True), (90, 13.5, 8.5, 12101, 18872, 40, True), (91, 8.0, 6.0, 18176, 24710, 20, True), (92, 15.0, 5.0, 9445, 13446, 30, True), (93, 5.0, 15.0, 30860, 33982, 10, True), (94, 2.0, 14.5, 14795, 20164, 30, True), (95, 15.0, 3.0, 19017, 25964, 10, True), (96, 5.5, 8.5, 33362, 37256, 30, True), (97, 7.5, 13.0, 23986, 30241, 30, True), (98, 9.0, 11.5, 37196, 47074, 30, True), (99, 14.0, 15.0, 4945, 10633, 10, True), (100, 6.5, 11.5, 24246, 29867, 20, False), (101, 13.5, 0, 24510, 27084, 30, True), (102, 10.0, 12.0, 4557, 13573, 40, True), (103, 9.5, 14.0, 36742, 42315, 30, False), (104, 0.5, 8.5, 12020, 17173, 20, True), (105, 7.0, 11.5, 42971, 46405, 20, True), (106, 6.5, 7.5, 0, 48000, 0, False)], 'F': 20.0, 'ct': 0.083, 'cd': 0.021, 'truck_cap': 100, 'drone_cap': 20, 'truck_speed': 40, 'drone_speed': 40, 'a': 1, 'b': 2, 'max_flight_time': 30, 'ttt': [[0, 1711, 2424, 1832, 2216, 1832, 2251, 2085, 2672, 2420, 961, 1291, 2349, 1922, 1957, 1531, 2484, 1062, 2484, 2122, 1567, 2659, 1359, 1531, 1083, 1617, 1750, 1801, 2085, 1957, 2582, 2291, 1545, 2759, 1424, 1062, 1567, 1531, 1880, 2106, 1508, 1807, 2659, 1424, 2461, 1880, 1508, 1478, 1062, 1531, 2767, 2041, 301, 1291, 1898, 2882, 950, 2286, 1623, 2424, 601, 1880, 2373, 2149, 336, 1093, 619, 2185, 1957, 2349, 2291, 2625, 1617, 2461, 2291, 2655, 1173, 1856, 2106, 2019, 2256, 1678, 3038, 913, 751, 2149, 2424, 1678, 1678, 2296, 2122, 637, 2659, 2296, 2497, 2886, 425, 1678, 1416, 3183, 1201, 3079, 1711, 2149, 1826, 1210, 1], [1711, 0, 3604, 3541, 3016, 2569, 2803, 2867, 1093, 3987, 2655, 425, 2621, 2855, 3512, 1143, 2684, 950, 3315, 1957, 1508, 4296, 2956, 1143, 637, 3211, 637, 3321, 2867, 3613, 3038, 913, 1801, 3060, 1501, 1501, 1007, 2948, 1974, 3372, 2959, 2406, 3913, 1501, 751, 1974, 1210, 3093, 2564, 766, 4476, 3691, 1910, 3001, 3183, 3372, 2625, 2484, 151, 2551, 2216, 336, 2847, 3751, 1416, 2515, 1283, 2216, 3422, 2621, 3005, 4265, 3211, 4171, 3938, 961, 2867, 751, 3490, 2738, 3796, 751, 3947, 2291, 2251, 3629, 3995, 2898, 3304, 3901, 3532, 2344, 4296, 1501, 1051, 4580, 1291, 1757, 2106, 3796, 1359, 4775, 2420, 2424, 876, 1508, 1711], [2424, 3604, 0, 2090, 4361, 4081, 1274, 4265, 4081, 1210, 2334, 3304, 1698, 809, 1093, 2621, 1807, 3385, 4563, 2291, 3987, 1678, 1384, 2621, 3165, 2913, 3208, 1007, 4265, 2819, 1416, 3607, 3961, 5077, 3846, 2106, 2767, 961, 4296, 3843, 3190, 4120, 336, 3846, 4244, 4296, 3895, 2791, 1416, 3799, 2705, 1531, 2551, 2041, 542, 1424, 1807, 1807, 3601, 1910, 1880, 3901, 1384, 3155, 2475, 1343, 2420, 2041, 809, 1698, 4476, 3277, 2913, 2420, 3038, 4296, 2344, 4076, 3663, 1083, 1051, 3060, 809, 3001, 2791, 3500, 3428, 3607, 2831, 1351, 619, 2251, 1678, 3020, 3796, 2271, 2621, 2090, 1531, 1351, 2271, 3155, 1283, 1711, 4095, 2122, 2424], [1832, 3541, 2090, 0, 2705, 2590, 2855, 2659, 4456, 1173, 950, 3122, 3183, 2251, 1007, 3122, 3332, 2819, 2819, 3372, 3060, 1093, 913, 3122, 2913, 1007, 3503, 1093, 2659, 751, 3151, 4037, 2867, 3566, 2913, 2497, 3211, 1351, 3155, 1957, 1424, 2718, 2085, 2913, 4291, 3155, 3133, 950, 1283, 3291, 961, 637, 1678, 542, 1678, 3315, 961, 3208, 3454, 3355, 1384, 3706, 3005, 1083, 2133, 1424, 2334, 3277, 1283, 3183, 2847, 1210, 1007, 637, 950, 4476, 766, 3626, 1711, 2555, 1173, 3402, 2898, 1658, 1531, 1486, 1343, 1898, 876, 961, 1478, 1210, 1093, 3834, 4249, 1093, 2251, 2956, 2373, 3385, 2705, 1343, 2443, 3060, 3566, 2625, 1832], [2216, 3016, 4361, 2705, 0, 451, 4453, 151, 4095, 3825, 2041, 2701, 4563, 4054, 3500, 3532, 4697, 2101, 301, 4270, 1567, 3796, 3001, 3532, 2555, 1711, 3454, 3454, 151, 2122, 4787, 3904, 1238, 901, 1531, 3232, 3503, 3402, 1210, 913, 1283, 619, 4501, 1531, 3566, 1210, 1856, 1757, 2971, 2296, 3155, 3291, 1957, 2420, 3825, 5077, 2555, 4496, 2867, 4632, 2555, 2913, 4580, 1951, 2424, 3079, 2705, 4374, 3663, 4563, 151, 2420, 1711, 3035, 2251, 3857, 2085, 2515, 1210, 4204, 3760, 3464, 5092, 1384, 1596, 1508, 1974, 809, 1856, 3626, 3872, 2122, 3796, 4244, 4062, 3651, 2373, 3846, 3629, 5342, 3321, 3165, 3913, 4361, 2373, 3372, 2216], [1832, 2569, 4081, 2590, 451, 0, 4081, 301, 3651, 3654, 1813, 2251, 4169, 3715, 3291, 3093, 4299, 1651, 751, 3846, 1143, 3678, 2755, 3093, 2106, 1651, 3005, 3222, 301, 2106, 4413, 3454, 809, 1007, 1093, 2819, 3060, 3122, 850, 1083, 1201, 213, 4246, 1093, 3133, 850, 1424, 1658, 2672, 1856, 3165, 3133, 1596, 2231, 3541, 4711, 2291, 4095, 2420, 4228, 2231, 2475, 4204, 2002, 2013, 2767, 2286, 3961, 3425, 4169, 475, 2515, 1651, 3001, 2296, 3422, 1898, 2090, 1343, 3843, 3566, 3016, 4785, 1083, 1291, 1617, 2090, 766, 1801, 3464, 3629, 1832, 3678, 3799, 3613, 3604, 1951, 3428, 3246, 4996, 2898, 3239, 3541, 3964, 1951, 2956, 1832], [2251, 2803, 1274, 2855, 4453, 4081, 0, 4328, 3016, 2349, 2659, 2621, 425, 619, 2041, 1678, 542, 2913, 4709, 1093, 3632, 2819, 1951, 1678, 2551, 3385, 2271, 1856, 4328, 3464, 336, 2555, 3715, 4996, 3516, 1416, 1826, 1508, 4037, 4180, 3512, 4054, 1596, 3516, 3315, 4037, 3454, 3239, 1678, 3222, 3678, 2475, 2497, 2569, 1283, 637, 2149, 542, 2847, 637, 1951, 3133, 151, 3778, 2122, 1531, 1922, 809, 1757, 425, 4536, 4051, 3385, 3355, 3754, 3301, 2767, 3428, 4081, 301, 2149, 2122, 1210, 3090, 2886, 4003, 4076, 3825, 3355, 2424, 1678, 2424, 2819, 1856, 2718, 3372, 2231, 1062, 850, 1007, 1478, 4120, 542, 475, 3490, 1343, 2251], [2085, 2867, 4265, 2659, 151, 301, 4328, 0, 3947, 3763, 1957, 2551, 4430, 3938, 3425, 3385, 4563, 1951, 451, 4128, 1424, 3751, 2913, 3385, 2406, 1678, 3304, 3372, 1, 2106, 4661, 3754, 1093, 913, 1384, 3093, 3355, 3304, 1083, 950, 1238, 475, 4413, 1384, 3422, 1083, 1711, 1711, 2867, 2149, 3151, 3232, 1832, 2349, 3727, 4953, 2461, 4361, 2718, 4496, 2443, 2767, 4453, 1957, 2286, 2971, 2564, 4236, 3579, 4430, 213, 2443, 1678, 3016, 2256, 3712, 2013, 2373, 1238, 4081, 3691, 3315, 4987, 1274, 1486, 1531, 2002, 766, 1826, 3566, 3787, 2019, 3751, 4095, 3913, 3629, 2231, 3706, 3500, 5225, 3179, 3183, 3787, 4228, 2231, 3232, 2085], [2672, 1093, 4081, 4456, 4095, 3651, 3016, 3947, 0, 4709, 3632, 1478, 2701, 3277, 4246, 1478, 2705, 2041, 4392, 1951, 2555, 5077, 3751, 1478, 1678, 4246, 961, 4040, 3947, 4622, 3151, 475, 2867, 4062, 2569, 2085, 1343, 3629, 3001, 4461, 4026, 3480, 4413, 2569, 672, 3001, 2256, 4120, 3332, 1807, 5411, 4501, 2913, 3927, 3763, 3454, 3503, 2551, 1238, 2555, 3079, 1201, 3005, 4787, 2344, 3246, 2122, 2251, 4095, 2701, 4076, 5285, 4246, 5092, 4953, 425, 3843, 1658, 4570, 3060, 4503, 1083, 4225, 3355, 3294, 4697, 5043, 3987, 4328, 4661, 4161, 3304, 5077, 1210, 301, 5436, 2251, 2002, 2564, 3904, 1880, 5744, 2803, 2555, 1807, 2013, 2672], [2420, 3987, 1210, 1173, 3825, 3654, 2349, 3763, 4709, 0, 1856, 3607, 2755, 1750, 475, 3246, 2886, 3480, 3964, 3190, 3904, 475, 1062, 3246, 3422, 2164, 3760, 672, 3763, 1910, 2564, 4246, 3778, 4653, 3754, 2625, 3372, 1083, 4095, 3122, 2551, 3751, 1062, 3754, 4709, 4095, 3904, 2085, 1424, 3947, 1531, 542, 2401, 1424, 1083, 2621, 1501, 2831, 3938, 2959, 1826, 4225, 2484, 2231, 2621, 1478, 2705, 3001, 637, 2755, 3961, 2216, 2164, 1283, 2041, 4831, 1757, 4267, 2882, 2085, 213, 3629, 1957, 2621, 2443, 2655, 2461, 3020, 2041, 213, 672, 1957, 475, 3825, 4453, 1062, 2767, 2867, 2231, 2555, 2831, 1974, 2133, 2705, 4244, 2705, 2420], [961, 2655, 2334, 950, 2041, 1813, 2659, 1957, 3632, 1856, 0, 2231, 2886, 2149, 1478, 2424, 3035, 1880, 2231, 2867, 2122, 1951, 961, 2424, 2019, 751, 2705, 1416, 1957, 1007, 2990, 3246, 1951, 2819, 1974, 1856, 2484, 1384, 2256, 1545, 876, 1898, 2461, 1974, 3402, 2256, 2185, 601, 1007, 2349, 1832, 1359, 751, 451, 1807, 3232, 542, 2867, 2555, 3016, 751, 2791, 2803, 1238, 1291, 1143, 1545, 2851, 1623, 2886, 2164, 1678, 751, 1545, 1343, 3607, 213, 2684, 1424, 2373, 1757, 2625, 3093, 766, 601, 1359, 1531, 1274, 766, 1678, 1832, 336, 1951, 3179, 3454, 2041, 1384, 2420, 1957, 3425, 2041, 2122, 2149, 2718, 2621, 2002, 961], [1291, 425, 3304, 3122, 2701, 2251, 2621, 2551, 1478, 3607, 2231, 0, 2497, 2590, 3133, 1062, 2582, 601, 3001, 1910, 1283, 3901, 2564, 1062, 213, 2791, 766, 2948, 2551, 3190, 2886, 1210, 1531, 2847, 1238, 1238, 961, 2590, 1757, 2990, 2551, 2106, 3601, 1238, 1173, 1757, 1007, 2672, 2185, 637, 4054, 3291, 1486, 2582, 2855, 3222, 2216, 2373, 336, 2461, 1813, 619, 2684, 3332, 1007, 2149, 913, 2133, 3060, 2497, 2705, 3843, 2791, 3751, 3516, 1384, 2443, 809, 3093, 2515, 3422, 809, 3712, 1880, 1832, 3222, 3579, 2515, 2882, 3512, 3183, 1922, 3901, 1617, 1384, 4169, 876, 1623, 1856, 3626, 1143, 4351, 2185, 2291, 876, 1283, 1291], [2349, 2621, 1698, 3183, 4563, 4169, 425, 4430, 2701, 2755, 2886, 2497, 0, 1007, 2424, 1478, 151, 2867, 4831, 751, 3607, 3222, 2271, 1478, 2461, 3629, 2041, 2231, 4430, 3751, 451, 2256, 3727, 5041, 3503, 1384, 1617, 1856, 4037, 4369, 3712, 4120, 2019, 3503, 3060, 4037, 3402, 3480, 1951, 3122, 4040, 2847, 2621, 2851, 1678, 766, 2406, 151, 2684, 213, 2149, 2956, 336, 4054, 2164, 1801, 1922, 451, 2149, 1, 4634, 4361, 3629, 3712, 4054, 3016, 3016, 3294, 4296, 672, 2551, 1898, 1567, 3232, 3038, 4244, 4354, 3987, 3613, 2819, 2085, 2621, 3222, 1508, 2401, 3763, 2251, 876, 950, 1210, 1384, 4476, 751, 213, 3372, 1274, 2349], [1922, 2855, 809, 2251, 4054, 3715, 619, 3938, 3277, 1750, 2149, 2590, 1007, 0, 1424, 1826, 1143, 2759, 4291, 1501, 3425, 2216, 1359, 1826, 2475, 2847, 2420, 1238, 3938, 2886, 901, 2803, 3454, 4673, 3294, 1359, 1974, 901, 3787, 3691, 3020, 3715, 1143, 3294, 3464, 3787, 3291, 2705, 1143, 3133, 3060, 1856, 2122, 2002, 672, 1093, 1617, 1083, 2867, 1210, 1501, 3165, 766, 3208, 1880, 1007, 1757, 1274, 1143, 1007, 4150, 3454, 2847, 2738, 3165, 3503, 2231, 3385, 3566, 336, 1545, 2271, 1143, 2672, 2461, 3464, 3503, 3372, 2803, 1813, 1083, 1957, 2216, 2216, 2990, 2759, 2013, 1283, 751, 1291, 1501, 3503, 475, 961, 3422, 1351, 1922], [1957, 3512, 1093, 1007, 3500, 3291, 2041, 3425, 4246, 475, 1478, 3133, 2424, 1424, 0, 2791, 2564, 3016, 3663, 2791, 3464, 850, 601, 2791, 2948, 1910, 3294, 213, 3425, 1750, 2296, 3787, 3355, 4296, 3315, 2164, 2913, 637, 3678, 2867, 2251, 3372, 1083, 3315, 4236, 3678, 3451, 1807, 950, 3480, 1658, 451, 1957, 1083, 766, 2406, 1062, 2484, 3464, 2621, 1359, 3751, 2185, 2085, 2149, 1007, 2231, 2625, 301, 2424, 3629, 2185, 1910, 1351, 1951, 4361, 1416, 3799, 2655, 1757, 301, 3165, 1898, 2231, 2041, 2461, 2349, 2705, 1807, 425, 475, 1531, 850, 3395, 3995, 1343, 2296, 2443, 1807, 2420, 2373, 2106, 1750, 2349, 3778, 2251, 1957], [1531, 1143, 2621, 3122, 3532, 3093, 1678, 3385, 1478, 3246, 2424, 1062, 1478, 1826, 2791, 0, 1545, 1545, 3825, 850, 2291, 3632, 2334, 1, 1083, 3133, 601, 2582, 3385, 3428, 1898, 1007, 2484, 3825, 2216, 637, 151, 2164, 2755, 3604, 3035, 2990, 2948, 2216, 1651, 2755, 2041, 2990, 1910, 1698, 4081, 3079, 1826, 2625, 2286, 2231, 2164, 1343, 1210, 1416, 1750, 1478, 1711, 3654, 1210, 1807, 913, 1083, 2625, 1478, 3566, 4098, 3133, 3751, 3763, 1678, 2621, 1832, 3629, 1651, 3038, 451, 2855, 2406, 2271, 3678, 3938, 3151, 3179, 3211, 2684, 2090, 3632, 766, 1210, 4032, 1201, 619, 1093, 2659, 425, 4453, 1359, 1283, 1922, 542, 1531], [2484, 2684, 1807, 3332, 4697, 4299, 542, 4563, 2705, 2886, 3035, 2582, 151, 1143, 2564, 1545, 0, 2971, 4967, 766, 3715, 3355, 2420, 1545, 2555, 3778, 2090, 2373, 4563, 3901, 475, 2271, 3843, 5162, 3613, 1501, 1678, 2002, 4150, 4513, 3857, 4246, 2122, 3613, 3093, 4150, 3503, 3629, 2101, 3211, 4185, 2990, 2759, 3001, 1813, 751, 2555, 213, 2755, 151, 2296, 3020, 425, 4204, 2291, 1951, 2041, 475, 2286, 151, 4766, 4511, 3778, 3857, 4204, 3035, 3165, 3372, 4443, 809, 2684, 1951, 1617, 3372, 3179, 4392, 4503, 4128, 3763, 2956, 2216, 2767, 3355, 1501, 2406, 3901, 2373, 961, 1093, 1201, 1486, 4622, 901, 336, 3454, 1384, 2484], [1062, 950, 3385, 2819, 2101, 1651, 2913, 1951, 2041, 3480, 1880, 601, 2867, 2759, 3016, 1545, 2971, 0, 2401, 2373, 751, 3712, 2420, 1545, 475, 2334, 1359, 2855, 1951, 2767, 3211, 1807, 950, 2286, 672, 1501, 1478, 2555, 1210, 2424, 2041, 1508, 3651, 672, 1623, 1210, 542, 2231, 2101, 475, 3706, 3093, 1143, 2286, 2886, 3541, 2002, 2759, 809, 2867, 1658, 961, 3001, 2867, 913, 2106, 1007, 2555, 3001, 2867, 2106, 3395, 2334, 3425, 3079, 1880, 2085, 809, 2551, 2755, 3315, 1384, 3901, 1384, 1384, 2705, 3093, 1951, 2443, 3355, 3155, 1617, 3712, 2185, 1974, 3901, 766, 2019, 2085, 3913, 1486, 3961, 2420, 2655, 766, 1596, 1062], [2484, 3315, 4563, 2819, 301, 751, 4709, 451, 4392, 3964, 2231, 3001, 4831, 4291, 3663, 3825, 4967, 2401, 0, 4556, 1856, 3901, 3190, 3825, 2855, 1813, 3754, 3632, 451, 2185, 5043, 4204, 1531, 950, 1826, 3512, 3799, 3607, 1478, 913, 1416, 913, 4687, 1826, 3857, 1478, 2149, 1880, 3190, 2590, 3183, 3425, 2216, 2582, 4032, 5328, 2759, 4768, 3165, 4905, 2791, 3208, 4838, 1974, 2705, 3304, 2990, 4653, 3843, 4831, 336, 2401, 1813, 3093, 2271, 4150, 2251, 2803, 1210, 4453, 3913, 3763, 5309, 1623, 1832, 1508, 1951, 961, 1951, 3760, 4054, 2344, 3901, 4541, 4361, 3712, 2659, 4128, 3892, 5581, 3607, 3151, 4169, 4632, 2659, 3654, 2484], [2122, 1957, 2291, 3372, 4270, 3846, 1093, 4128, 1951, 3190, 2867, 1910, 751, 1501, 2791, 850, 766, 2373, 4556, 0, 3122, 3632, 2484, 850, 1922, 3613, 1343, 2582, 4128, 3825, 1201, 1508, 3294, 4634, 3038, 1062, 961, 2164, 3579, 4225, 3604, 3763, 2625, 3038, 2330, 3579, 2882, 3464, 2090, 2547, 4296, 3165, 2420, 2948, 2122, 1508, 2475, 601, 2041, 619, 2122, 2291, 1062, 4095, 1856, 1951, 1567, 301, 2555, 751, 4320, 4476, 3613, 3961, 4150, 2271, 3035, 2672, 4204, 1210, 2978, 1210, 2296, 3035, 2867, 4204, 4392, 3799, 3629, 3211, 2547, 2555, 3632, 766, 1651, 4120, 1898, 451, 1007, 1957, 950, 4709, 1062, 619, 2767, 913, 2122], [1567, 1508, 3987, 3060, 1567, 1143, 3632, 1424, 2555, 3904, 2122, 1283, 3607, 3425, 3464, 2291, 3715, 751, 1856, 3122, 0, 4062, 2867, 2291, 1210, 2349, 2041, 3332, 1424, 2819, 3938, 2420, 336, 1567, 151, 2231, 2216, 3093, 475, 2133, 1957, 950, 4225, 151, 2002, 475, 301, 2286, 2621, 751, 3846, 3454, 1508, 2569, 3464, 4265, 2406, 3503, 1359, 3613, 2149, 1359, 3727, 2831, 1545, 2659, 1711, 3304, 3503, 3607, 1531, 3372, 2349, 3607, 3090, 2296, 2296, 950, 2334, 3454, 3763, 2090, 4563, 1424, 1531, 2555, 3001, 1698, 2484, 3751, 3678, 1951, 4062, 2898, 2555, 4150, 1416, 2767, 2791, 4622, 2231, 4026, 3122, 3395, 809, 2334, 1567], [2659, 4296, 1678, 1093, 3796, 3678, 2819, 3751, 5077, 475, 1951, 3901, 3222, 2216, 850, 3632, 3355, 3712, 3901, 3632, 4062, 0, 1343, 3632, 3706, 2090, 4120, 1062, 3751, 1750, 3038, 4622, 3901, 4658, 3913, 3001, 3751, 1486, 4204, 3020, 2515, 3799, 1501, 3913, 5032, 4204, 4095, 2041, 1750, 4185, 1143, 619, 2590, 1501, 1545, 3093, 1711, 3294, 4236, 3425, 2090, 4513, 2956, 2041, 2898, 1832, 3020, 3454, 1083, 3222, 3938, 1922, 2090, 961, 1807, 5173, 1807, 4513, 2755, 2551, 672, 3995, 2401, 2705, 2551, 2497, 2231, 2990, 1951, 425, 1143, 2122, 1, 4244, 4831, 601, 3038, 3291, 2655, 3016, 3211, 1567, 2582, 3165, 4476, 3093, 2659], [1359, 2956, 1384, 913, 3001, 2755, 1951, 2913, 3751, 1062, 961, 2564, 2271, 1359, 601, 2334, 2420, 2420, 3190, 2484, 2867, 1343, 0, 2334, 2373, 1545, 2791, 475, 2913, 1531, 2256, 3304, 2767, 3760, 2718, 1698, 2443, 475, 3093, 2461, 1807, 2819, 1501, 2718, 3691, 3093, 2851, 1416, 425, 2886, 1813, 751, 1359, 672, 876, 2443, 475, 2296, 2898, 2443, 766, 3179, 2101, 1856, 1567, 542, 1678, 2373, 672, 2271, 3122, 2101, 1545, 1478, 1807, 3834, 961, 3208, 2291, 1651, 901, 2672, 2164, 1678, 1478, 2149, 2149, 2231, 1478, 950, 876, 950, 1343, 3001, 3516, 1698, 1711, 2085, 1478, 2564, 1910, 2231, 1531, 2149, 3183, 1807, 1359], [1531, 1143, 2621, 3122, 3532, 3093, 1678, 3385, 1478, 3246, 2424, 1062, 1478, 1826, 2791, 1, 1545, 1545, 3825, 850, 2291, 3632, 2334, 0, 1083, 3133, 601, 2582, 3385, 3428, 1898, 1007, 2484, 3825, 2216, 637, 151, 2164, 2755, 3604, 3035, 2990, 2948, 2216, 1651, 2755, 2041, 2990, 1910, 1698, 4081, 3079, 1826, 2625, 2286, 2231, 2164, 1343, 1210, 1416, 1750, 1478, 1711, 3654, 1210, 1807, 913, 1083, 2625, 1478, 3566, 4098, 3133, 3751, 3763, 1678, 2621, 1832, 3629, 1651, 3038, 451, 2855, 2406, 2271, 3678, 3938, 3151, 3179, 3211, 2684, 2090, 3632, 766, 1210, 4032, 1201, 619, 1093, 2659, 425, 4453, 1359, 1283, 1922, 542, 1531], [1083, 637, 3165, 2913, 2555, 2106, 2551, 2406, 1678, 3422, 2019, 213, 2461, 2475, 2948, 1083, 2555, 475, 2855, 1922, 1210, 3706, 2373, 1083, 0, 2582, 901, 2767, 2406, 2978, 2831, 1384, 1424, 2759, 1143, 1143, 1007, 2420, 1678, 2803, 2349, 1974, 3454, 1143, 1384, 1678, 961, 2461, 2002, 672, 3843, 3093, 1274, 2373, 2701, 3165, 2013, 2344, 542, 2443, 1617, 809, 2625, 3122, 809, 1974, 751, 2122, 2886, 2461, 2569, 3632, 2582, 3541, 3304, 1596, 2231, 913, 2898, 2424, 3239, 913, 3607, 1678, 1623, 3020, 3372, 2330, 2672, 3321, 3016, 1711, 3706, 1711, 1567, 3964, 672, 1596, 1757, 3557, 1083, 4139, 2090, 2251, 950, 1210, 1083], [1617, 3211, 2913, 1007, 1711, 1651, 3385, 1678, 4246, 2164, 751, 2791, 3629, 2847, 1910, 3133, 3778, 2334, 1813, 3613, 2349, 2090, 1545, 3133, 2582, 0, 3355, 1922, 1678, 475, 3712, 3892, 2090, 2590, 2216, 2590, 3179, 2013, 2330, 961, 451, 1807, 2978, 2216, 3938, 2330, 2497, 151, 1711, 2767, 1531, 1623, 1343, 876, 2420, 3938, 1238, 3613, 3093, 3763, 1501, 3291, 3532, 542, 1951, 1856, 2231, 3601, 2133, 3629, 1856, 1062, 1, 1351, 751, 4171, 619, 3093, 751, 3093, 2133, 3291, 3706, 961, 961, 619, 809, 913, 151, 1957, 2344, 1062, 2090, 3895, 4095, 1957, 2013, 3165, 2705, 4098, 2767, 1678, 2886, 3464, 3001, 2738, 1617], [1750, 637, 3208, 3503, 3454, 3005, 2271, 3304, 961, 3760, 2705, 766, 2041, 2420, 3294, 601, 2090, 1359, 3754, 1343, 2041, 4120, 2791, 601, 901, 3355, 0, 3090, 3304, 3706, 2475, 542, 2296, 3607, 2002, 1143, 451, 2684, 2515, 3678, 3179, 2867, 3532, 2002, 1051, 2515, 1757, 3222, 2373, 1343, 4461, 3541, 2013, 2978, 2847, 2803, 2547, 1898, 751, 1951, 2122, 961, 2296, 3892, 1416, 2291, 1173, 1617, 3155, 2041, 3464, 4374, 3355, 4139, 4040, 1093, 2913, 1384, 3751, 2251, 3557, 151, 3454, 2515, 2424, 3846, 4161, 3208, 3425, 3706, 3232, 2373, 4120, 876, 751, 4476, 1343, 1210, 1678, 3239, 950, 4803, 1957, 1856, 1501, 1093, 1750], [1801, 3321, 1007, 1093, 3454, 3222, 1856, 3372, 4040, 672, 1416, 2948, 2231, 1238, 213, 2582, 2373, 2855, 3632, 2582, 3332, 1062, 475, 2582, 2767, 1922, 3090, 0, 3372, 1813, 2122, 3579, 3239, 4228, 3183, 1957, 2705, 425, 3566, 2867, 2231, 3291, 1062, 3183, 4040, 3566, 3304, 1807, 766, 3315, 1826, 619, 1826, 1062, 601, 2251, 950, 2286, 3277, 2424, 1201, 3566, 2002, 2149, 1974, 809, 2041, 2420, 213, 2231, 3579, 2296, 1922, 1508, 2041, 4161, 1384, 3629, 2672, 1567, 475, 2959, 1813, 2149, 1951, 2497, 2424, 2672, 1832, 637, 425, 1424, 1062, 3183, 3787, 1545, 2122, 2231, 1596, 2296, 2164, 2271, 1545, 2149, 3613, 2041, 1801], [2085, 2867, 4265, 2659, 151, 301, 4328, 1, 3947, 3763, 1957, 2551, 4430, 3938, 3425, 3385, 4563, 1951, 451, 4128, 1424, 3751, 2913, 3385, 2406, 1678, 3304, 3372, 0, 2106, 4661, 3754, 1093, 913, 1384, 3093, 3355, 3304, 1083, 950, 1238, 475, 4413, 1384, 3422, 1083, 1711, 1711, 2867, 2149, 3151, 3232, 1832, 2349, 3727, 4953, 2461, 4361, 2718, 4496, 2443, 2767, 4453, 1957, 2286, 2971, 2564, 4236, 3579, 4430, 213, 2443, 1678, 3016, 2256, 3712, 2013, 2373, 1238, 4081, 3691, 3315, 4987, 1274, 1486, 1531, 2002, 766, 1826, 3566, 3787, 2019, 3751, 4095, 3913, 3629, 2231, 3706, 3500, 5225, 3179, 3183, 3787, 4228, 2231, 3232, 2085], [1957, 3613, 2819, 751, 2122, 2106, 3464, 2106, 4622, 1910, 1007, 3190, 3751, 2886, 1750, 3428, 3901, 2767, 2185, 3825, 2819, 1750, 1531, 3428, 2978, 475, 3706, 1813, 2106, 0, 3778, 4246, 2564, 3016, 2684, 2847, 3490, 2002, 2803, 1283, 913, 2271, 2831, 2684, 4351, 2803, 2959, 542, 1801, 3211, 1062, 1384, 1711, 901, 2373, 3972, 1359, 3754, 3503, 3904, 1711, 3715, 3613, 336, 2291, 1951, 2551, 3778, 2013, 3751, 2271, 672, 475, 913, 336, 4573, 809, 3541, 1007, 3165, 1922, 3629, 3626, 1416, 1384, 751, 619, 1351, 336, 1698, 2216, 1343, 1750, 4180, 4453, 1531, 2373, 3385, 2867, 4081, 3038, 1210, 3001, 3604, 3454, 2990, 1957], [2582, 3038, 1416, 3151, 4787, 4413, 336, 4661, 3151, 2564, 2990, 2886, 451, 901, 2296, 1898, 475, 3211, 5043, 1201, 3938, 3038, 2256, 1898, 2831, 3712, 2475, 2122, 4661, 3778, 0, 2705, 4032, 5321, 3825, 1711, 2041, 1801, 4351, 4513, 3846, 4382, 1711, 3825, 3503, 4351, 3751, 3566, 2002, 3500, 3947, 2738, 2831, 2886, 1531, 336, 2475, 601, 3093, 619, 2286, 3372, 213, 4095, 2443, 1856, 2231, 901, 2002, 451, 4868, 4354, 3712, 3629, 4062, 3464, 3093, 3691, 4413, 619, 2373, 2330, 1143, 3425, 3222, 4330, 4392, 4161, 3678, 2659, 1898, 2759, 3038, 1957, 2851, 3607, 2547, 1283, 1173, 766, 1750, 4392, 876, 619, 3760, 1623, 2582], [2291, 913, 3607, 4037, 3904, 3454, 2555, 3754, 475, 4246, 3246, 1210, 2256, 2803, 3787, 1007, 2271, 1807, 4204, 1508, 2420, 4622, 3304, 1007, 1384, 3892, 542, 3579, 3754, 4246, 2705, 0, 2705, 3972, 2406, 1623, 876, 3165, 2886, 4185, 3706, 3301, 3938, 2406, 876, 2886, 2122, 3760, 2882, 1678, 4996, 4054, 2551, 3516, 3291, 3016, 3079, 2106, 1062, 2122, 2655, 1143, 2551, 4430, 1957, 2791, 1711, 1807, 3629, 2256, 3901, 4915, 3892, 4673, 4580, 766, 3454, 1617, 4270, 2590, 4040, 637, 3763, 3038, 2956, 4374, 4697, 3712, 3964, 4204, 3691, 2913, 4622, 809, 213, 4996, 1880, 1531, 2090, 3464, 1416, 5342, 2330, 2101, 1757, 1545, 2291], [1545, 1801, 3961, 2867, 1238, 809, 3715, 1093, 2867, 3778, 1951, 1531, 3727, 3454, 3355, 2484, 3843, 950, 1531, 3294, 336, 3901, 2767, 2484, 1424, 2090, 2296, 3239, 1093, 2564, 4032, 2705, 0, 1343, 301, 2344, 2424, 3038, 336, 1807, 1678, 619, 4180, 301, 2330, 336, 619, 2041, 2564, 1062, 3607, 3304, 1424, 2401, 3428, 4351, 2296, 3632, 1651, 3751, 2090, 1678, 3819, 2551, 1596, 2621, 1807, 3454, 3422, 3727, 1210, 3090, 2090, 3385, 2819, 2621, 2106, 1283, 2019, 3516, 3651, 2330, 4580, 1210, 1351, 2251, 2705, 1384, 2231, 3613, 3607, 1826, 3901, 3133, 2851, 3947, 1486, 2913, 2867, 4687, 2373, 3763, 3190, 3516, 1143, 2461, 1545], [2759, 3060, 5077, 3566, 901, 1007, 4996, 913, 4062, 4653, 2819, 2847, 5041, 4673, 4296, 3825, 5162, 2286, 950, 4634, 1567, 4658, 3760, 3825, 2759, 2590, 3607, 4228, 913, 3016, 5321, 3972, 1343, 0, 1617, 3663, 3763, 4120, 1093, 1807, 2149, 961, 5249, 1617, 3451, 1093, 1856, 2621, 3663, 2296, 4054, 4128, 2555, 3232, 4536, 5631, 3294, 4953, 2913, 5077, 3211, 2867, 5110, 2851, 2882, 3751, 3122, 4787, 4430, 5041, 751, 3315, 2590, 3927, 3151, 3751, 2898, 2406, 2106, 4775, 4570, 3654, 5764, 2085, 2291, 2406, 2867, 1678, 2738, 4461, 4634, 2831, 4658, 4461, 4095, 4541, 2791, 4246, 4150, 5941, 3706, 4062, 4461, 4831, 2256, 3787, 2759], [1424, 1501, 3846, 2913, 1531, 1093, 3516, 1384, 2569, 3754, 1974, 1238, 3503, 3294, 3315, 2216, 3613, 672, 1826, 3038, 151, 3913, 2718, 2216, 1143, 2216, 2002, 3183, 1384, 2684, 3825, 2406, 301, 1617, 0, 2122, 2149, 2948, 542, 2041, 1832, 913, 4081, 1, 2041, 542, 336, 2149, 2475, 766, 3706, 3304, 1359, 2420, 3321, 4150, 2256, 3402, 1351, 3516, 2002, 1384, 3613, 2705, 1416, 2515, 1596, 3211, 3355, 3503, 1508, 3246, 2216, 3464, 2959, 2330, 2149, 1007, 2231, 3332, 3613, 2041, 4430, 1283, 1384, 2443, 2882, 1596, 2349, 3601, 3532, 1801, 3913, 2847, 2551, 4003, 1291, 2672, 2672, 4501, 2133, 3892, 3001, 3291, 876, 2231, 1424], [1062, 1501, 2106, 2497, 3232, 2819, 1416, 3093, 2085, 2625, 1856, 1238, 1384, 1359, 2164, 637, 1501, 1501, 3512, 1062, 2231, 3001, 1698, 637, 1143, 2590, 1143, 1957, 3093, 2847, 1711, 1623, 2344, 3663, 2122, 0, 751, 1545, 2655, 3165, 2551, 2755, 2420, 2122, 2149, 2655, 2041, 2443, 1274, 1813, 3454, 2443, 1359, 2013, 1711, 2041, 1545, 1291, 1508, 1416, 1143, 1807, 1501, 3093, 809, 1173, 542, 1143, 2013, 1384, 3291, 3512, 2590, 3122, 3179, 2231, 2041, 2041, 3151, 1283, 2420, 1007, 2475, 1974, 1807, 3165, 3385, 2738, 2621, 2582, 2090, 1531, 3001, 1343, 1832, 3395, 876, 619, 619, 2420, 213, 3834, 950, 1173, 2090, 151, 1062], [1567, 1007, 2767, 3211, 3503, 3060, 1826, 3355, 1343, 3372, 2484, 961, 1617, 1974, 2913, 151, 1678, 1478, 3799, 961, 2216, 3751, 2443, 151, 1007, 3179, 451, 2705, 3355, 3490, 2041, 876, 2424, 3763, 2149, 751, 0, 2291, 2684, 3613, 3060, 2948, 3093, 2149, 1501, 2684, 1957, 3038, 2019, 1596, 4171, 3190, 1856, 2705, 2424, 2373, 2251, 1478, 1083, 1545, 1832, 1343, 1856, 3706, 1238, 1922, 950, 1210, 2755, 1617, 3532, 4161, 3179, 3843, 3825, 1531, 2684, 1711, 3651, 1801, 3165, 301, 3005, 2420, 2296, 3712, 3987, 3155, 3232, 3332, 2819, 2149, 3751, 751, 1083, 4139, 1210, 766, 1238, 2803, 542, 4536, 1508, 1424, 1807, 672, 1567], [1531, 2948, 961, 1351, 3402, 3122, 1508, 3304, 3629, 1083, 1384, 2590, 1856, 901, 637, 2164, 2002, 2555, 3607, 2164, 3093, 1486, 475, 2164, 2420, 2013, 2684, 425, 3304, 2002, 1801, 3165, 3038, 4120, 2948, 1545, 2291, 0, 3372, 2913, 2251, 3165, 1143, 2948, 3654, 3372, 3035, 1880, 475, 3001, 2185, 1007, 1617, 1143, 425, 1974, 850, 1898, 2913, 2041, 950, 3208, 1658, 2330, 1651, 451, 1678, 2013, 475, 1856, 3516, 2555, 2013, 1856, 2271, 3763, 1416, 3304, 2755, 1210, 876, 2551, 1711, 2041, 1832, 2621, 2621, 2655, 1951, 1062, 601, 1291, 1486, 2759, 3372, 1957, 1801, 1807, 1173, 2090, 1750, 2621, 1143, 1757, 3301, 1623, 1531], [1880, 1974, 4296, 3155, 1210, 850, 4037, 1083, 3001, 4095, 2256, 1757, 4037, 3787, 3678, 2755, 4150, 1210, 1478, 3579, 475, 4204, 3093, 2755, 1678, 2330, 2515, 3566, 1083, 2803, 4351, 2886, 336, 1093, 542, 2655, 2684, 3372, 0, 1922, 1898, 637, 4513, 542, 2420, 1, 766, 2296, 2898, 1210, 3857, 3613, 1757, 2705, 3763, 4673, 2621, 3938, 1826, 4054, 2424, 1801, 4139, 2759, 1922, 2956, 2122, 3751, 3751, 4037, 1143, 3291, 2330, 3651, 3038, 2718, 2401, 1359, 2164, 3843, 3972, 2564, 4915, 1501, 1658, 2420, 2886, 1545, 2475, 3927, 3938, 2149, 4204, 3372, 3016, 4225, 1807, 3211, 3190, 5014, 2672, 3987, 3516, 3825, 1210, 2767, 1880], [2106, 3372, 3843, 1957, 913, 1083, 4180, 950, 4461, 3122, 1545, 2990, 4369, 3691, 2867, 3604, 4513, 2424, 913, 4225, 2133, 3020, 2461, 3604, 2803, 961, 3678, 2867, 950, 1283, 4513, 4185, 1807, 1807, 2041, 3165, 3613, 2913, 1922, 0, 672, 1291, 3927, 2041, 4026, 1922, 2373, 1062, 2551, 2755, 2271, 2582, 1807, 1807, 3332, 4768, 2085, 4330, 3232, 4476, 2231, 3355, 4320, 1062, 2401, 2684, 2701, 4267, 3079, 4369, 1062, 1508, 961, 2185, 1359, 4296, 1501, 3038, 301, 3901, 3093, 3651, 4622, 1201, 1359, 601, 1062, 475, 1083, 2913, 3291, 1757, 3020, 4361, 4369, 2803, 2406, 3778, 3422, 4969, 3304, 2256, 3654, 4185, 2913, 3315, 2106], [1508, 2959, 3190, 1424, 1283, 1201, 3512, 1238, 4026, 2551, 876, 2551, 3712, 3020, 2251, 3035, 3857, 2041, 1416, 3604, 1957, 2515, 1807, 3035, 2349, 451, 3179, 2231, 1238, 913, 3846, 3706, 1678, 2149, 1832, 2551, 3060, 2251, 1898, 672, 0, 1359, 3291, 1832, 3663, 1898, 2133, 475, 1880, 2443, 1974, 2013, 1210, 1173, 2672, 4098, 1416, 3678, 2831, 3825, 1567, 3001, 3654, 876, 1826, 2013, 2122, 3629, 2443, 3712, 1424, 1416, 451, 1801, 1143, 3913, 850, 2759, 601, 3232, 2497, 3133, 3961, 672, 766, 672, 1062, 475, 601, 2349, 2655, 1093, 2515, 3799, 3901, 2406, 1856, 3155, 2767, 4299, 2705, 2090, 2990, 3532, 2655, 2701, 1508], [1807, 2406, 4120, 2718, 619, 213, 4054, 475, 3480, 3751, 1898, 2106, 4120, 3715, 3372, 2990, 4246, 1508, 913, 3763, 950, 3799, 2819, 2990, 1974, 1807, 2867, 3291, 475, 2271, 4382, 3301, 619, 961, 913, 2755, 2948, 3165, 637, 1291, 1359, 0, 4299, 913, 2948, 637, 1238, 1801, 2705, 1678, 3332, 3239, 1596, 2330, 3579, 4687, 2349, 4040, 2256, 4169, 2251, 2296, 4171, 2185, 1957, 2791, 2216, 3892, 3490, 4120, 601, 2705, 1807, 3155, 2475, 3239, 2002, 1898, 1545, 3825, 3654, 2886, 4803, 1143, 1343, 1813, 2286, 950, 1957, 3566, 3691, 1880, 3799, 3678, 3454, 3751, 1880, 3355, 3211, 4987, 2819, 3422, 3516, 3913, 1757, 2886, 1807], [2659, 3913, 336, 2085, 4501, 4246, 1596, 4413, 4413, 1062, 2461, 3601, 2019, 1143, 1083, 2948, 2122, 3651, 4687, 2625, 4225, 1501, 1501, 2948, 3454, 2978, 3532, 1062, 4413, 2831, 1711, 3938, 4180, 5249, 4081, 2420, 3093, 1143, 4513, 3927, 3291, 4299, 0, 4081, 4563, 4513, 4150, 2867, 1617, 4076, 2590, 1478, 2759, 2122, 766, 1678, 1957, 2133, 3904, 2231, 2090, 4204, 1698, 3165, 2738, 1567, 2705, 2373, 850, 2019, 4622, 3232, 2978, 2330, 3020, 4622, 2443, 4361, 3727, 1416, 950, 3385, 901, 3165, 2959, 3541, 3425, 3727, 2882, 1238, 637, 2420, 1501, 3355, 4128, 2101, 2886, 2424, 1856, 1531, 2590, 3035, 1617, 2041, 4374, 2443, 2659], [1424, 1501, 3846, 2913, 1531, 1093, 3516, 1384, 2569, 3754, 1974, 1238, 3503, 3294, 3315, 2216, 3613, 672, 1826, 3038, 151, 3913, 2718, 2216, 1143, 2216, 2002, 3183, 1384, 2684, 3825, 2406, 301, 1617, 1, 2122, 2149, 2948, 542, 2041, 1832, 913, 4081, 0, 2041, 542, 336, 2149, 2475, 766, 3706, 3304, 1359, 2420, 3321, 4150, 2256, 3402, 1351, 3516, 2002, 1384, 3613, 2705, 1416, 2515, 1596, 3211, 3355, 3503, 1508, 3246, 2216, 3464, 2959, 2330, 2149, 1007, 2231, 3332, 3613, 2041, 4430, 1283, 1384, 2443, 2882, 1596, 2349, 3601, 3532, 1801, 3913, 2847, 2551, 4003, 1291, 2672, 2672, 4501, 2133, 3892, 3001, 3291, 876, 2231, 1424], [2461, 751, 4244, 4291, 3566, 3133, 3315, 3422, 672, 4709, 3402, 1173, 3060, 3464, 4236, 1651, 3093, 1623, 3857, 2330, 2002, 5032, 3691, 1651, 1384, 3938, 1051, 4040, 3422, 4351, 3503, 876, 2330, 3451, 2041, 2149, 1501, 3654, 2420, 4026, 3663, 2948, 4563, 2041, 0, 2420, 1711, 3825, 3291, 1283, 5225, 4430, 2655, 3751, 3857, 3825, 3372, 2913, 850, 2948, 2959, 672, 3332, 4476, 2164, 3232, 2013, 2621, 4128, 3060, 3532, 4996, 3938, 4921, 4673, 301, 3613, 1062, 4169, 3301, 4513, 1201, 4503, 3001, 2978, 4328, 4711, 3557, 4037, 4632, 4225, 3093, 5032, 1678, 850, 5328, 2041, 2256, 2718, 4267, 1974, 5521, 3005, 2886, 1210, 2122, 2461], [1880, 1974, 4296, 3155, 1210, 850, 4037, 1083, 3001, 4095, 2256, 1757, 4037, 3787, 3678, 2755, 4150, 1210, 1478, 3579, 475, 4204, 3093, 2755, 1678, 2330, 2515, 3566, 1083, 2803, 4351, 2886, 336, 1093, 542, 2655, 2684, 3372, 1, 1922, 1898, 637, 4513, 542, 2420, 0, 766, 2296, 2898, 1210, 3857, 3613, 1757, 2705, 3763, 4673, 2621, 3938, 1826, 4054, 2424, 1801, 4139, 2759, 1922, 2956, 2122, 3751, 3751, 4037, 1143, 3291, 2330, 3651, 3038, 2718, 2401, 1359, 2164, 3843, 3972, 2564, 4915, 1501, 1658, 2420, 2886, 1545, 2475, 3927, 3938, 2149, 4204, 3372, 3016, 4225, 1807, 3211, 3190, 5014, 2672, 3987, 3516, 3825, 1210, 2767, 1880], [1508, 1210, 3895, 3133, 1856, 1424, 3454, 1711, 2256, 3904, 2185, 1007, 3402, 3291, 3451, 2041, 3503, 542, 2149, 2882, 301, 4095, 2851, 2041, 961, 2497, 1757, 3304, 1711, 2959, 3751, 2122, 619, 1856, 336, 2041, 1957, 3035, 766, 2373, 2133, 1238, 4150, 336, 1711, 766, 0, 2420, 2569, 451, 3961, 3480, 1508, 2621, 3385, 4081, 2406, 3291, 1062, 3395, 2106, 1062, 3541, 3001, 1424, 2590, 1545, 3079, 3464, 3402, 1826, 3541, 2497, 3706, 3246, 2002, 2373, 672, 2555, 3294, 3751, 1813, 4433, 1545, 1617, 2759, 3190, 1922, 2625, 3763, 3629, 1974, 4095, 2621, 2256, 4225, 1283, 2547, 2625, 4453, 2019, 4169, 2959, 3190, 542, 2133, 1508], [1478, 3093, 2791, 950, 1757, 1658, 3239, 1711, 4120, 2085, 601, 2672, 3480, 2705, 1807, 2990, 3629, 2231, 1880, 3464, 2286, 2041, 1416, 2990, 2461, 151, 3222, 1807, 1711, 542, 3566, 3760, 2041, 2621, 2149, 2443, 3038, 1880, 2296, 1062, 475, 1801, 2867, 2149, 3825, 2296, 2420, 0, 1567, 2672, 1567, 1545, 1210, 751, 2291, 3796, 1093, 3464, 2978, 3613, 1351, 3183, 3385, 672, 1813, 1711, 2090, 3451, 2019, 3480, 1898, 1173, 151, 1359, 850, 4054, 475, 3001, 876, 2948, 2041, 3155, 3579, 876, 850, 766, 950, 950, 213, 1880, 2231, 913, 2041, 3751, 3964, 1951, 1880, 3016, 2555, 3961, 2621, 1750, 2738, 3315, 2913, 2590, 1478], [1062, 2564, 1416, 1283, 2971, 2672, 1678, 2867, 3332, 1424, 1007, 2185, 1951, 1143, 950, 1910, 2101, 2101, 3190, 2090, 2621, 1750, 425, 1910, 2002, 1711, 2373, 766, 2867, 1801, 2002, 2882, 2564, 3663, 2475, 1274, 2019, 475, 2898, 2551, 1880, 2705, 1617, 2475, 3291, 2898, 2569, 1567, 0, 2555, 2216, 1173, 1143, 901, 876, 2231, 475, 1957, 2515, 2106, 475, 2803, 1826, 2106, 1210, 151, 1283, 2002, 901, 1951, 3079, 2420, 1711, 1880, 2106, 3425, 1093, 2867, 2424, 1384, 1238, 2251, 2122, 1596, 1384, 2330, 2406, 2251, 1678, 1343, 1062, 850, 1750, 2582, 3093, 2122, 1359, 1678, 1093, 2420, 1486, 2621, 1201, 1807, 2855, 1384, 1062], [1531, 766, 3799, 3291, 2296, 1856, 3222, 2149, 1807, 3947, 2349, 637, 3122, 3133, 3480, 1698, 3211, 475, 2590, 2547, 751, 4185, 2886, 1698, 672, 2767, 1343, 3315, 2149, 3211, 3500, 1678, 1062, 2296, 766, 1813, 1596, 3001, 1210, 2755, 2443, 1678, 4076, 766, 1283, 1210, 451, 2672, 2555, 0, 4169, 3566, 1617, 2759, 3315, 3834, 2475, 3001, 619, 3093, 2122, 619, 3294, 3291, 1351, 2551, 1384, 2767, 3454, 3122, 2271, 3825, 2767, 3892, 3516, 1567, 2551, 336, 2913, 3093, 3778, 1416, 4270, 1807, 1832, 3093, 3503, 2291, 2882, 3825, 3601, 2090, 4185, 2216, 1807, 4374, 1201, 2251, 2424, 4228, 1750, 4413, 2759, 2913, 301, 1880, 1531], [2767, 4476, 2705, 961, 3155, 3165, 3678, 3151, 5411, 1531, 1832, 4054, 4040, 3060, 1658, 4081, 4185, 3706, 3183, 4296, 3846, 1143, 1813, 4081, 3843, 1531, 4461, 1826, 3151, 1062, 3947, 4996, 3607, 4054, 3706, 3454, 4171, 2185, 3857, 2271, 1974, 3332, 2590, 3706, 5225, 3857, 3961, 1567, 2216, 4169, 0, 1210, 2582, 1486, 2420, 4062, 1922, 4081, 4382, 4225, 2344, 4622, 3825, 1210, 3079, 2349, 3291, 4180, 1957, 4040, 3304, 876, 1531, 336, 913, 5420, 1623, 4503, 1974, 3385, 1658, 4361, 3480, 2424, 2349, 1678, 1283, 2406, 1384, 1359, 2101, 2133, 1143, 4787, 5208, 637, 3190, 3892, 3291, 4054, 3663, 451, 3321, 3938, 4430, 3579, 2767], [2041, 3691, 1531, 637, 3291, 3133, 2475, 3232, 4501, 542, 1359, 3291, 2847, 1856, 451, 3079, 2990, 3093, 3425, 3165, 3454, 619, 751, 3079, 3093, 1623, 3541, 619, 3232, 1384, 2738, 4054, 3304, 4128, 3304, 2443, 3190, 1007, 3613, 2582, 2013, 3239, 1478, 3304, 4430, 3613, 3480, 1545, 1173, 3566, 1210, 0, 1974, 913, 1210, 2855, 1093, 2898, 3626, 3038, 1478, 3901, 2621, 1711, 2286, 1274, 2420, 3020, 751, 2847, 3428, 1757, 1623, 901, 1545, 4580, 1238, 3895, 2344, 2185, 542, 3422, 2330, 2122, 1957, 2122, 1957, 2484, 1501, 336, 913, 1508, 619, 3727, 4265, 961, 2424, 2791, 2164, 2867, 2655, 1658, 2149, 2759, 3857, 2547, 2041], [301, 1910, 2551, 1678, 1957, 1596, 2497, 1832, 2913, 2401, 751, 1486, 2621, 2122, 1957, 1826, 2759, 1143, 2216, 2420, 1508, 2590, 1359, 1826, 1274, 1343, 2013, 1826, 1832, 1711, 2831, 2551, 1424, 2555, 1359, 1359, 1856, 1617, 1757, 1807, 1210, 1596, 2759, 1359, 2655, 1757, 1508, 1210, 1143, 1617, 2582, 1974, 0, 1143, 2013, 3122, 901, 2564, 1807, 2705, 672, 2041, 2625, 1880, 619, 1210, 913, 2475, 2002, 2621, 2041, 2373, 1343, 2291, 2041, 2867, 961, 1951, 1807, 2251, 2256, 1951, 3211, 619, 451, 1856, 2149, 1384, 1416, 2256, 2185, 475, 2590, 2590, 2755, 2759, 672, 1974, 1678, 3402, 1501, 2867, 1957, 2424, 1898, 1508, 301], [1291, 3001, 2041, 542, 2420, 2231, 2569, 2349, 3927, 1424, 451, 2582, 2851, 2002, 1083, 2625, 3001, 2286, 2582, 2948, 2569, 1501, 672, 2625, 2373, 876, 2978, 1062, 2349, 901, 2886, 3516, 2401, 3232, 2420, 2013, 2705, 1143, 2705, 1807, 1173, 2330, 2122, 2420, 3751, 2705, 2621, 751, 901, 2759, 1486, 913, 1143, 0, 1545, 3093, 475, 2855, 2913, 3005, 876, 3165, 2718, 1210, 1596, 1051, 1807, 2886, 1274, 2851, 2551, 1531, 876, 1173, 1210, 3938, 336, 3093, 1623, 2271, 1343, 2882, 2831, 1210, 1051, 1478, 1508, 1623, 809, 1238, 1486, 672, 1501, 3355, 3727, 1617, 1711, 2515, 1974, 3232, 2216, 1832, 2101, 2705, 3038, 2149, 1291], [1898, 3183, 542, 1678, 3825, 3541, 1283, 3727, 3763, 1083, 1807, 2855, 1678, 672, 766, 2286, 1813, 2886, 4032, 2122, 3464, 1545, 876, 2286, 2701, 2420, 2847, 601, 3727, 2373, 1531, 3291, 3428, 4536, 3321, 1711, 2424, 425, 3763, 3332, 2672, 3579, 766, 3321, 3857, 3763, 3385, 2291, 876, 3315, 2420, 1210, 2013, 1545, 0, 1651, 1274, 1750, 3165, 1880, 1343, 3464, 1424, 2705, 1974, 809, 1951, 1922, 475, 1678, 3938, 2886, 2420, 2106, 2621, 3938, 1832, 3604, 3165, 1007, 876, 2705, 1291, 2461, 2251, 3020, 2990, 3079, 2349, 1143, 425, 1711, 1545, 2791, 3490, 2090, 2122, 1832, 1210, 1711, 1898, 2867, 1062, 1623, 3613, 1757, 1898], [2882, 3372, 1424, 3315, 5077, 4711, 637, 4953, 3454, 2621, 3232, 3222, 766, 1093, 2406, 2231, 751, 3541, 5328, 1508, 4265, 3093, 2443, 2231, 3165, 3938, 2803, 2251, 4953, 3972, 336, 3016, 4351, 5631, 4150, 2041, 2373, 1974, 4673, 4768, 4098, 4687, 1678, 4150, 3825, 4673, 4081, 3796, 2231, 3834, 4062, 2855, 3122, 3093, 1651, 0, 2705, 913, 3428, 901, 2551, 3706, 542, 4296, 2759, 2090, 2555, 1210, 2106, 766, 5162, 4523, 3938, 3754, 4244, 3778, 3321, 4026, 4653, 876, 2443, 2659, 961, 3706, 3500, 4556, 4590, 4430, 3895, 2738, 1974, 3020, 3093, 2251, 3155, 3678, 2867, 1617, 1486, 451, 2085, 4511, 1173, 950, 4095, 1957, 2882], [950, 2625, 1807, 961, 2555, 2291, 2149, 2461, 3503, 1501, 542, 2216, 2406, 1617, 1062, 2164, 2555, 2002, 2759, 2475, 2406, 1711, 475, 2164, 2013, 1238, 2547, 950, 2461, 1359, 2475, 3079, 2296, 3294, 2256, 1545, 2251, 850, 2621, 2085, 1416, 2349, 1957, 2256, 3372, 2621, 2406, 1093, 475, 2475, 19