{'nodes': [(0, 0, 0, 0, 48000, 0, False), (1, -3.2143775635615617, 19.82713824320242, 35531, 41082, 20, True), (2, 0.9119036055618974, -0.016079269354943027, 15187, 22366, 50, True), (3, 8.682715822926179, -1.9773013383060438, 462, 5541, 30, True), (4, -11.385601558022005, 10.384857059474243, 22892, 29159, 50, True), (5, -11.735050856631482, -0.6681764424265914, 25015, 31135, 10, True), (6, 4.963103880181774, -3.087166441293036, 12048, 19499, 10, True), (7, 1.3954613955450381, -14.809848307969562, 16209, 23407, 20, True), (8, 1.5597127579293215, -9.201475709754302, 18940, 25544, 50, True), (9, -6.08890744003744, 1.0547811735950707, 4266, 9253, 10, True), (10, 2.811512916981764, -2.7857244442521325, 40579, 44618, 20, True), (11, -9.860021002975198, 6.441481200338293, 33485, 39571, 50, True), (12, -0.06852084536711162, -0.2083755285726001, 45584, 48000, 10, True), (13, 1.8685837493263973, -6.266602745053656, 36744, 47991, 10, True), (14, -5.092340451753442, -7.778702162420565, 40629, 47765, 20, True), (15, -0.24324931139873415, 0.15270713210492837, 10423, 17242, 10, True), (16, -11.666173795859116, 8.375824762076343, 34903, 39281, 30, True), (17, -4.662407430774266, -4.85257618296704, 36611, 45750, 10, True), (18, -12.82316981084838, -8.211872753647148, 27134, 33394, 40, True), (19, -2.5461591749224954, 2.2622205902494024, 25310, 32291, 50, True), (20, 0.7812582254132491, 0.7456851483139028, 2514, 8700, 50, True), (21, 0.28085264698895374, -0.5360943199590444, 31490, 36165, 50, True), (22, 6.253973371664712, -10.588348472052672, 31222, 36833, 10, True), (23, 3.4521523359871056, -0.89665210458685, 225, 12626, 40, True), (24, 0.08289779295162285, -0.48121997764345315, 40585, 48000, 50, True), (25, 1.0211882619644153, -1.922146221454488, 36352, 38388, 40, True), (26, 2.3177599455096995, 3.1081592067503614, 11442, 20411, 20, True), (27, -7.992519274654415, -0.9230928160025248, 8156, 15250, 50, True), (28, 5.411620114863983, 2.9602950427214836, 37306, 41301, 10, True), (29, 17.551258811476163, -6.121445948991449, 20479, 24456, 10, True), (30, -8.472247011415378, 1.6749348006737463, 38595, 43287, 10, True), (31, -0.13314550931394578, 0.9222565184814573, 12466, 21723, 10, False), (32, 5.833404843758983, -2.7194388148403768, 5182, 10041, 20, True), (33, 2.223140658564116, 0.19016551406997226, 16037, 17526, 30, True), (34, -3.056798607387577, -10.67610234278897, 37444, 46231, 40, True), (35, -0.2996424868344044, -0.5232233670162023, 18923, 25851, 50, True), (36, 2.82723486209369, 2.5878838501496055, 25907, 34765, 40, True), (37, -0.07377114818856374, 0.07945635321272566, 30026, 36748, 20, True), (38, -17.98550271914703, -0.7701427334224792, 9029, 16683, 10, True), (39, -4.946152024513812, 0.2581068474137778, 9016, 16987, 50, True), (40, 11.062394728633326, 1.7334743521602156, 6637, 13504, 10, True), (41, -0.31305200725794136, 1.339451056796849, 30961, 36341, 10, True), (42, -2.4127858588196265, 9.6679164508624, 10409, 16693, 20, True), (43, -5.313095812955831, 1.2388970507465713, 5074, 11210, 10, False), (44, 2.127316566191118, -1.4691730499506368, 42569, 46243, 50, True), (45, 13.769753385193212, 3.0856423900216696, 17976, 27315, 20, True), (46, 4.7472402712552695, -8.36623920652612, 6016, 10934, 20, True), (47, -1.2138781206093852, -0.20199423347224246, 39982, 46188, 50, True), (48, -0.09123119769261778, 0.1444791446507733, 6229, 10982, 50, True), (49, -3.661614129096643, -1.38257726256362, 0, 7285, 40, True), (50, -5.42080286272054, 4.703066422504846, 41828, 47863, 10, True), (51, 2.8849012712033626, 0.9737330772538437, 14233, 21838, 40, True), (52, 0.9636534356359496, -0.33300713302174256, 43380, 46975, 50, True), (53, 0.4547331141793015, -0.6283088020149755, 0, 6402, 40, True), (54, -6.717856097779703, -7.743429669707009, 14654, 21638, 40, True), (55, -10.623067004623344, 9.7347231705815, 6859, 16952, 20, True), (56, 3.0725576381460145, 2.123234271771625, 28510, 35757, 10, True), (57, 13.11019864753713, 1.6323219218853466, 32844, 36968, 40, True), (58, 2.212145348295155, -11.735289578896424, 27933, 33908, 50, True), (59, 5.439188811840332, -2.7659172498734033, 14756, 20080, 40, True), (60, 7.876012877317632, -7.147723729609911, 2626, 7953, 50, True), (61, -5.552702906736181, -2.501086115785302, 35582, 38089, 50, False), (62, 1.071140932748363, -14.536565308661793, 10778, 13808, 20, True), (63, 2.022008676690671, -1.649106221635222, 38935, 43575, 50, True), (64, -5.962872107260098, -8.46379927302184, 19617, 26219, 20, False), (65, 4.486154838883895, -6.48753094236743, 9417, 12771, 30, False), (66, -4.902888251240696, 13.928271396840175, 23517, 30665, 30, False), (67, 8.671321749390541, -1.0786281138415974, 28807, 31463, 20, True), (68, -15.331159714101851, -8.535205769900323, 35850, 44896, 50, True), (69, -15.450601106795466, 0.1281170907874443, 22929, 23662, 40, True), (70, 6.572166488670608, -12.23442519533859, 20815, 24465, 20, True), (71, -0.016946391273667295, 0.2327156562971846, 9283, 12044, 40, True), (72, 1.170059037501254, 0.12382427703894211, 40944, 46266, 10, True), (73, 23.972369182407967, 14.770683990456554, 30193, 33439, 10, False), (74, 0.763755131365559, 0.1272470414238603, 25968, 34305, 30, True), (75, 5.027226493372782, -2.9430950934101885, 29664, 36432, 30, True), (76, 0.24773582639289674, 5.685568520455238, 5095, 11532, 20, True), (77, -4.294147044503977, 3.022689716512075, 38745, 43564, 50, True), (78, 4.318729953994228, -0.8356456509749113, 42710, 47715, 10, True), (79, 2.6762203671379288, -1.3915588397963825, 14001, 23250, 30, True), (80, -3.196037609850251, 10.68323611843023, 6156, 10930, 40, True), (81, -3.586426611905392, 7.940351444127711, 20838, 27214, 20, False), (82, 3.545084570670802, 2.6750833697599385, 7558, 12077, 40, True), (83, -13.539066449409724, -14.340928246361312, 29511, 32788, 30, True), (84, 1.649304341162405, -0.6879066696933245, 25108, 32355, 10, True), (85, 0.8106214171750694, -3.968551242331556, 2692, 9311, 40, True), (86, -0.05224643140128465, -0.3001168684322451, 18132, 25178, 50, True), (87, -0.7434594454207782, 0.5507072350321464, 13273, 23705, 50, True), (88, 1.2618149909811405, -4.868573824088604, 35266, 40671, 20, True), (89, 3.2137960726058195, 5.884801009930603, 1770, 3700, 30, True), (90, 0.21875479328917535, 0.3557167080400505, 43002, 48000, 20, True), (91, -13.423656421996636, -5.059240572651079, 32113, 36903, 30, True), (92, -1.9762355710864732, -3.026301061899196, 11374, 16299, 30, False), (93, -3.5880642777933227, 0.49591440147126703, 19765, 24031, 10, True), (94, -0.3190307181561963, 0.12193021994085994, 1842, 4462, 40, True), (95, 0.4601649320280103, 5.162264297961555, 18835, 24513, 10, False), (96, -1.3374848495470022, -0.8379326310083686, 4997, 10639, 50, True), (97, -12.29462725367166, -2.77047027043233, 3045, 6779, 10, True), (98, -1.4819333318304542, 0.19812937326845173, 28002, 34264, 10, True), (99, 4.916103210902456, 0.8497092532817252, 3245, 7781, 40, True), (100, 7.556396687512557, -9.109809916281973, 24290, 28152, 30, True), (101, -0.2849050074358942, -0.6388687639250676, 28845, 36350, 20, True), (102, 12.95055627256145, -4.3383664316203605, 6205, 12126, 20, True), (103, -1.5640133633437583, -13.58092327574534, 6689, 14627, 40, True), (104, -4.758300927686634, 0.20201777645011676, 10039, 17153, 10, True), (105, -1.313918968178371, 4.476109100660292, 21197, 25805, 10, True), (106, 0, 0, 0, 48000, 0, False)], 'F': 20.0, 'ct': 0.083, 'cd': 0.021, 'truck_cap': 100, 'drone_cap': 20, 'truck_speed': 40, 'drone_speed': 40, 'a': 1, 'b': 2, 'max_flight_time': 3000, 'ttt': [[0, 6027, 275, 2673, 4624, 3527, 1754, 4464, 2801, 1855, 1188, 3534, 67, 1963, 2790, 87, 4309, 2020, 4569, 1023, 325, 183, 3690, 1071, 147, 654, 1164, 2415, 1852, 5577, 2592, 281, 1932, 670, 3333, 182, 1151, 34, 5402, 1487, 3360, 414, 2990, 1638, 777, 4234, 2887, 370, 52, 1175, 2154, 914, 307, 234, 3076, 4324, 1121, 3964, 3584, 1832, 3192, 1828, 4374, 784, 3107, 2367, 4431, 2622, 5265, 4636, 4167, 71, 354, 8448, 233, 1749, 1708, 1576, 1321, 906, 3346, 2615, 1333, 5918, 537, 1216, 92, 279, 1510, 2013, 126, 4305, 1085, 1088, 103, 1556, 474, 3782, 450, 1498, 3552, 211, 4098, 4102, 1430, 1400, 1], [6027, 0, 6081, 7453, 3747, 6660, 7300, 10484, 8827, 5698, 7022, 4484, 6085, 7976, 8302, 5970, 4271, 7418, 8893, 5274, 5850, 6199, 9558, 6532, 6173, 6648, 5284, 6389, 5684, 9971, 5671, 5747, 7289, 6114, 9152, 6168, 5481, 6000, 7605, 5895, 6915, 5615, 3058, 5613, 6588, 7155, 8790, 6040, 5980, 6365, 4586, 5946, 6178, 6236, 8339, 3757, 5637, 7334, 9609, 7259, 8751, 6736, 10390, 6633, 8528, 8226, 1842, 7215, 9254, 6958, 10058, 5957, 6057, 8297, 6030, 7266, 4369, 5053, 6599, 6607, 2744, 3569, 5532, 10709, 6326, 7241, 6113, 5831, 7530, 4607, 5933, 8071, 6867, 5801, 5976, 4536, 6226, 7307, 5913, 6195, 9264, 6203, 8723, 10036, 5907, 4641, 6027], [275, 6081, 0, 2405, 4833, 3800, 1526, 4442, 2763, 2126, 1009, 3769, 301, 1898, 2945, 351, 4537, 2215, 4799, 1243, 233, 246, 3555, 808, 286, 574, 1029, 2686, 1620, 5318, 2862, 422, 1686, 399, 3413, 395, 971, 298, 5675, 1760, 3091, 549, 3073, 1906, 569, 3969, 2758, 641, 306, 1433, 2370, 663, 97, 230, 3259, 4532, 913, 3694, 3538, 1590, 2991, 2079, 4357, 593, 3268, 2219, 4533, 2351, 5503, 4910, 4041, 289, 89, 8219, 63, 1516, 1723, 1809, 1052, 672, 3439, 2743, 1131, 6105, 300, 1187, 303, 526, 1461, 1901, 237, 4560, 1252, 1360, 373, 1560, 719, 4048, 722, 1230, 3380, 406, 3838, 4138, 1703, 1505, 275], [2673, 7453, 2405, 0, 7072, 6139, 1165, 4428, 3045, 4525, 1779, 6110, 2679, 2417, 4485, 2754, 6850, 4096, 6718, 3602, 2508, 2558, 2685, 1603, 2620, 2300, 2445, 5014, 1778, 2938, 5263, 2785, 884, 2045, 4384, 2731, 2228, 2699, 8010, 4144, 1323, 2877, 4826, 4309, 1974, 2154, 2252, 3017, 2709, 3709, 4683, 1953, 2369, 2502, 4934, 6775, 2086, 1715, 3514, 1002, 1571, 4275, 4407, 2002, 4806, 1849, 6276, 271, 7469, 7268, 3143, 2694, 2341, 6804, 2459, 1135, 3420, 4173, 1354, 1811, 5209, 4734, 2080, 7630, 2146, 2437, 2669, 2929, 2390, 2874, 2635, 6697, 3214, 3756, 2774, 3268, 3026, 6299, 3119, 1414, 2167, 2721, 1464, 4645, 4086, 3571, 2673], [4624, 3747, 4833, 7072, 0, 3319, 6356, 8476, 7044, 3220, 5811, 1269, 4651, 6386, 5768, 4539, 610, 4997, 5597, 3602, 4658, 4795, 8222, 5593, 4741, 5244, 4656, 3543, 5510, 9995, 2756, 4412, 6492, 5102, 6795, 4667, 4864, 4592, 3889, 3601, 7218, 4290, 2701, 3295, 5394, 7859, 7422, 4405, 4575, 4224, 2472, 5129, 4906, 4852, 5617, 302, 4997, 7805, 7791, 6407, 7815, 4244, 8359, 5406, 5885, 6950, 2217, 6932, 5799, 3311, 8665, 4574, 4866, 10690, 4771, 6344, 3765, 3068, 5791, 5504, 2459, 2453, 5042, 7447, 5132, 5652, 4674, 4348, 5945, 4584, 4602, 4674, 4916, 3779, 4529, 3885, 4520, 3957, 4263, 5667, 8155, 4694, 8534, 7771, 3646, 3504, 4624], [3527, 6660, 3800, 6139, 3319, 0, 5063, 5790, 4740, 1772, 4411, 2207, 3504, 4414, 2920, 3457, 2714, 2466, 2288, 2894, 3780, 3606, 6164, 4558, 3547, 3846, 4366, 1126, 5259, 8938, 1206, 3514, 5307, 4196, 3975, 3432, 4478, 3507, 1876, 2057, 6878, 3480, 4177, 2011, 4167, 7735, 5458, 3160, 3503, 2432, 2488, 4415, 3812, 3658, 2603, 3140, 4522, 7486, 5342, 5192, 6197, 1935, 5664, 4139, 2911, 5171, 4836, 6124, 2596, 1141, 6497, 3527, 3880, 11672, 3758, 5076, 4070, 2493, 4817, 4330, 4262, 3557, 4693, 4138, 4016, 3893, 3508, 3319, 4099, 4898, 3600, 1412, 3013, 2470, 3434, 4056, 3121, 654, 3088, 5017, 6318, 3436, 7488, 4932, 2110, 3488, 3527], [1754, 7300, 1526, 1165, 6356, 5063, 0, 3677, 2100, 3542, 653, 5287, 1740, 1332, 3330, 1841, 6060, 2937, 5554, 2767, 1703, 1601, 2284, 799, 1661, 1234, 2022, 3942, 1820, 3886, 4277, 1946, 284, 1283, 3313, 1757, 1820, 1786, 6921, 3139, 2333, 2067, 4421, 3346, 980, 3227, 1586, 2046, 1801, 2638, 3895, 1370, 1458, 1542, 3773, 6056, 1664, 2826, 2724, 173, 1500, 3161, 3629, 983, 3654, 1031, 5902, 1266, 6305, 6201, 2787, 1797, 1492, 7826, 1588, 48, 2989, 3329, 704, 855, 4803, 4187, 1781, 6498, 1228, 1274, 1722, 2031, 1233, 2743, 1760, 5549, 2083, 2782, 1855, 2821, 2008, 5179, 2171, 1182, 1968, 1738, 2426, 3708, 3080, 2950, 1754], [4464, 10484, 4442, 4428, 8476, 5790, 3677, 0, 1684, 5263, 3633, 7215, 4403, 2568, 2871, 4517, 7985, 3498, 4703, 5257, 4671, 4296, 1932, 4220, 4318, 3869, 5384, 5030, 5466, 5504, 5765, 4743, 3865, 4508, 1824, 4317, 5238, 4489, 7181, 4905, 5749, 4873, 7433, 5219, 4009, 6528, 2180, 4453, 4509, 4305, 6202, 4757, 4346, 4265, 3229, 8200, 5106, 6058, 955, 3812, 3012, 4241, 128, 3954, 2916, 2664, 8827, 4663, 5360, 6756, 1736, 4534, 4482, 11165, 4486, 3724, 6159, 5616, 4284, 4045, 7772, 6988, 5286, 4484, 4238, 3258, 4376, 4654, 2984, 6233, 4564, 5323, 3678, 4830, 4510, 5999, 4272, 5470, 4585, 4816, 2519, 4282, 4679, 962, 4868, 5844, 4464], [2801, 8827, 2763, 3045, 7044, 4740, 2100, 1684, 0, 3839, 1962, 5811, 2743, 886, 2042, 2859, 6600, 2278, 4326, 3654, 2994, 2629, 1469, 2556, 2654, 2191, 3701, 3793, 3828, 4887, 4440, 3080, 2330, 2826, 1455, 2664, 3558, 2828, 6387, 3445, 4347, 3213, 5786, 3751, 2327, 5198, 990, 2826, 2848, 2822, 4669, 3079, 2668, 2594, 2523, 6756, 3429, 4752, 786, 2255, 1994, 2932, 1608, 2271, 2269, 1198, 7206, 3240, 5072, 5821, 1759, 2871, 2801, 9846, 2810, 2147, 4484, 4067, 2644, 2368, 6135, 5370, 3613, 4786, 2555, 1587, 2715, 3007, 1304, 4554, 2896, 4665, 2136, 3295, 2854, 4323, 2656, 4583, 2965, 3180, 1800, 2629, 3717, 1615, 3400, 4194, 2801], [1855, 5698, 2126, 4525, 3220, 1772, 3542, 5263, 3839, 0, 2909, 1974, 1846, 3245, 2668, 1775, 2762, 1824, 3438, 1124, 2064, 1971, 5091, 2923, 1909, 2313, 2597, 825, 3498, 7413, 740, 1788, 3753, 2508, 3636, 1801, 2715, 1829, 3612, 419, 5150, 1736, 2810, 240, 2580, 5990, 4309, 1511, 1821, 1033, 1114, 2693, 2157, 2028, 2647, 2939, 2768, 5763, 4575, 3644, 4860, 1080, 5148, 2566, 2857, 3898, 3879, 4475, 3997, 2823, 5507, 1839, 2197, 9914, 2076, 3545, 2356, 800, 3174, 2731, 3017, 2199, 2932, 5132, 2381, 2561, 1857, 1612, 2833, 3146, 1905, 2866, 1739, 770, 1754, 2320, 1535, 2188, 1407, 3303, 5106, 1815, 5938, 4597, 475, 1763, 1855], [1188, 7022, 1009, 1779, 5811, 4411, 653, 3633, 1962, 2909, 0, 4704, 1160, 1083, 2806, 1273, 5485, 2327, 4966, 2209, 1223, 1017, 2559, 599, 1072, 597, 1775, 3290, 1893, 4535, 3641, 1421, 908, 911, 2951, 1155, 1613, 1221, 6269, 2501, 2823, 1553, 4053, 2721, 446, 3731, 1773, 1436, 1238, 1988, 3340, 1129, 922, 960, 3224, 5510, 1476, 3363, 2692, 789, 2006, 2512, 3565, 416, 3136, 1220, 5524, 1832, 5711, 5549, 3052, 1242, 1003, 8250, 1069, 667, 2656, 2754, 740, 421, 4425, 3748, 1654, 6007, 720, 698, 1139, 1464, 780, 2605, 1223, 4919, 1439, 2159, 1283, 2488, 1376, 4533, 1570, 1261, 2373, 1131, 3078, 3495, 2442, 2507, 1188], [3534, 4484, 3769, 6110, 1269, 2207, 5287, 7215, 5811, 1974, 4704, 0, 3552, 5189, 4500, 3448, 795, 3731, 4486, 2528, 3622, 3694, 7035, 4561, 3636, 4118, 3789, 2280, 4700, 9047, 1490, 3356, 5452, 4082, 5527, 3549, 3979, 3503, 3260, 2370, 6435, 3248, 2436, 2074, 4310, 7161, 6241, 3272, 3488, 2996, 1431, 4161, 3832, 3753, 4360, 1015, 4091, 7041, 6547, 5358, 6704, 2979, 7098, 4313, 4623, 5795, 2695, 6001, 4784, 2531, 7464, 3492, 3814, 10454, 3709, 5280, 3042, 1961, 4782, 4436, 2371, 1936, 4178, 6333, 4063, 4473, 3571, 3257, 4760, 3927, 3533, 3613, 3697, 2594, 3434, 3121, 3363, 2859, 3136, 4741, 7006, 3574, 7570, 6503, 2419, 2632, 3534], [67, 6085, 301, 2679, 4651, 3504, 1740, 4403, 2743, 1846, 1160, 3552, 0, 1909, 2727, 121, 4330, 1961, 4518, 1051, 384, 145, 3647, 1077, 95, 610, 1227, 2388, 1900, 5577, 2585, 341, 1925, 699, 3267, 118, 1209, 87, 5379, 1471, 3391, 471, 3046, 1633, 761, 4268, 2843, 345, 107, 1135, 2180, 955, 313, 202, 3016, 4351, 1175, 3993, 3526, 1823, 3166, 1784, 4313, 763, 3044, 2328, 4483, 2636, 5217, 4617, 4122, 134, 386, 8499, 270, 1736, 1772, 1597, 1331, 898, 3401, 2664, 1388, 5858, 536, 1159, 29, 306, 1455, 2077, 191, 4264, 1022, 1078, 125, 1620, 426, 3749, 442, 1530, 3517, 146, 4099, 4038, 1413, 1455, 67], [1963, 7976, 1898, 2417, 6386, 4414, 1332, 2568, 886, 3245, 1083, 5189, 1909, 0, 2138, 2028, 5983, 2006, 4447, 2882, 2130, 1785, 1848, 1681, 1817, 1329, 2817, 3366, 2966, 4706, 3913, 2240, 1597, 1941, 1984, 1843, 2673, 1992, 6181, 2831, 3657, 2375, 4951, 3117, 1442, 4542, 1070, 2042, 2012, 2214, 3952, 2194, 1802, 1745, 2615, 6091, 2544, 4123, 1645, 1501, 1823, 2498, 2493, 1387, 2441, 789, 6391, 2568, 5206, 5540, 2281, 2031, 1930, 9155, 1948, 1377, 3619, 3345, 1788, 1483, 5308, 4566, 2730, 5220, 1676, 760, 1881, 2191, 458, 3669, 2048, 4603, 1509, 2608, 2027, 3456, 1892, 4378, 2185, 2323, 1909, 1809, 3376, 2425, 2779, 3362, 1963], [2790, 8302, 2945, 4485, 5768, 2920, 3330, 2871, 2042, 2668, 2806, 4500, 2727, 2138, 0, 2790, 5233, 888, 2324, 3109, 3107, 2706, 3508, 3292, 2685, 2541, 3952, 2234, 4508, 6812, 3013, 3006, 3613, 3246, 1063, 2610, 3915, 2798, 4403, 2412, 5625, 3089, 5296, 2707, 2877, 6531, 2958, 2555, 2812, 1967, 3747, 3554, 2880, 2716, 489, 5511, 3851, 6148, 2493, 3500, 3896, 1590, 2745, 2818, 333, 2901, 6513, 4593, 3081, 3910, 3747, 2846, 3026, 11037, 2953, 3366, 4346, 3250, 3510, 3018, 5569, 4738, 4069, 3210, 2936, 2109, 2707, 2820, 2098, 4798, 2915, 2630, 1706, 2524, 2770, 4226, 2368, 2633, 2628, 3965, 3817, 2583, 5511, 2038, 2397, 3848, 2790], [87, 5970, 351, 2754, 4539, 3457, 1841, 4517, 2859, 1775, 1273, 3448, 121, 2028, 2790, 0, 4223, 2004, 4533, 938, 356, 261, 3767, 1153, 215, 730, 1174, 2348, 1895, 5661, 2512, 234, 2017, 741, 3358, 204, 1177, 56, 5331, 1412, 3426, 358, 2929, 1556, 863, 4296, 2963, 311, 47, 1125, 2069, 971, 391, 315, 3064, 4239, 1158, 4032, 3643, 1917, 3277, 1782, 4425, 869, 3104, 2447, 4364, 2701, 5224, 4563, 4242, 73, 425, 8487, 303, 1835, 1667, 1490, 1401, 992, 3282, 2543, 1366, 5902, 622, 1277, 148, 193, 1574, 2009, 152, 4253, 1087, 1010, 26, 1519, 444, 3721, 373, 1563, 3634, 239, 4182, 4140, 1356, 1337, 87], [4309, 4271, 4537, 6850, 610, 2714, 6060, 7985, 6600, 2762, 5485, 795, 4330, 5983, 5233, 4223, 0, 4491, 4989, 3295, 4381, 4472, 7828, 5322, 4415, 4903, 4484, 3000, 5376, 9786, 2228, 4121, 6217, 4838, 6273, 4332, 4683, 4278, 3336, 3162, 7105, 4008, 2804, 2867, 5085, 7795, 7035, 4057, 4262, 3787, 2175, 4899, 4603, 4531, 5060, 515, 4804, 7704, 7331, 6125, 7488, 3744, 7865, 5091, 5335, 6586, 2626, 6729, 5192, 2723, 8257, 4265, 4579, 10863, 4476, 6052, 3665, 2734, 5536, 5207, 2635, 2428, 4874, 6839, 4833, 5266, 4350, 4032, 5553, 4527, 4302, 4066, 4490, 3386, 4210, 3764, 4153, 3350, 3919, 5464, 7797, 4357, 8313, 7252, 3212, 3320, 4309], [2020, 7418, 2215, 4096, 4997, 2466, 2937, 3498, 2278, 1824, 2327, 3731, 1961, 2006, 888, 2004, 4491, 0, 2649, 2228, 2344, 1970, 3700, 2709, 1937, 1919, 3177, 1546, 3826, 6676, 2268, 2203, 3214, 2561, 1813, 1845, 3168, 2022, 4181, 1537, 5115, 2271, 4409, 1839, 2277, 6022, 3014, 1738, 2033, 1084, 2877, 2861, 2166, 1992, 1065, 4728, 3126, 5677, 2919, 3095, 3825, 755, 3377, 2225, 1152, 2789, 5636, 4158, 3387, 3566, 4034, 2067, 2301, 10415, 2210, 2964, 3489, 2366, 2953, 2435, 4682, 3852, 3342, 3899, 2270, 1664, 1945, 2003, 1778, 3996, 2142, 2630, 975, 1638, 1982, 3376, 1565, 2374, 1792, 3345, 3883, 1824, 5287, 2780, 1518, 2974, 2020], [4569, 8893, 4799, 6718, 5597, 2288, 5554, 4703, 4326, 3438, 4966, 4486, 4518, 4447, 2324, 4533, 4989, 2649, 0, 4403, 4888, 4557, 5768, 5354, 4514, 4563, 5672, 2624, 6417, 9135, 3242, 4692, 5835, 5171, 3023, 4410, 5705, 4563, 2718, 3471, 7763, 4723, 6208, 3622, 4921, 8669, 5272, 4232, 4570, 3429, 4467, 5460, 4765, 4588, 1838, 5425, 5689, 8323, 4634, 5718, 6219, 2775, 4581, 4870, 2060, 5220, 7055, 6795, 760, 2624, 5943, 4603, 4887, 13016, 4784, 5585, 5725, 4233, 5599, 5081, 6363, 5583, 5898, 1852, 4894, 4285, 4508, 4478, 4344, 6407, 4682, 964, 3608, 3809, 4509, 5656, 4096, 1641, 4237, 5977, 6121, 4395, 7820, 3743, 3497, 5140, 4569], [1023, 5274, 1243, 3602, 3602, 2894, 2767, 5257, 3654, 1124, 2209, 2528, 1051, 2882, 3109, 938, 3295, 2228, 4403, 0, 1098, 1194, 4673, 2035, 1141, 1651, 1482, 1894, 2398, 6534, 1788, 829, 2926, 1561, 3886, 1075, 1616, 990, 4721, 939, 4087, 726, 2223, 886, 1795, 4902, 3868, 841, 974, 1144, 1132, 1676, 1311, 1251, 3253, 3302, 1687, 4702, 4436, 2832, 4214, 1691, 5156, 1805, 3378, 3369, 3572, 3512, 5021, 3925, 5139, 974, 1287, 8797, 1183, 2758, 1327, 573, 2260, 1913, 2535, 1733, 1833, 5975, 1540, 2124, 1074, 747, 2426, 2042, 1009, 3935, 1597, 616, 928, 1254, 999, 3292, 698, 2279, 4564, 1104, 5054, 4763, 908, 761, 1023], [325, 5850, 233, 2508, 4658, 3780, 1703, 4671, 2994, 2064, 1223, 3622, 384, 2130, 3107, 356, 4381, 2344, 4888, 1098, 0, 414, 3777, 942, 425, 805, 846, 2680, 1541, 5437, 2791, 280, 1839, 465, 3616, 501, 827, 326, 5649, 1725, 3100, 375, 2844, 1835, 779, 3960, 2982, 664, 319, 1479, 2208, 636, 329, 425, 3399, 4357, 803, 3709, 3770, 1751, 3185, 2136, 4586, 810, 3425, 2439, 4308, 2430, 5579, 4874, 4265, 286, 221, 8132, 187, 1688, 1492, 1670, 1163, 858, 3212, 2526, 1012, 6241, 504, 1415, 402, 462, 1691, 1707, 206, 4605, 1403, 1314, 380, 1329, 795, 4063, 700, 1242, 3589, 525, 3958, 4356, 1671, 1285, 325], [183, 6199, 246, 2558, 4795, 3606, 1601, 4296, 2629, 1971, 1017, 3694, 145, 1785, 2706, 261, 4472, 1970, 4557, 1194, 414, 0, 3509, 959, 63, 472, 1253, 2486, 1864, 5446, 2709, 456, 1791, 623, 3204, 175, 1210, 214, 5481, 1587, 3306, 591, 3167, 1762, 622, 4191, 2705, 460, 234, 1211, 2324, 904, 215, 60, 3015, 4495, 1158, 3904, 3410, 1687, 3022, 1848, 4208, 621, 3028, 2187, 4611, 2523, 5264, 4725, 3986, 248, 333, 8463, 247, 1598, 1868, 1740, 1216, 764, 3525, 2796, 1375, 5861, 414, 1043, 123, 449, 1334, 2119, 269, 4330, 1009, 1202, 268, 1711, 495, 3833, 574, 1452, 3374, 174, 3969, 3953, 1529, 1579, 183], [3690, 9558, 3555, 2685, 8222, 6164, 2284, 1932, 1469, 5091, 2559, 7035, 3647, 1848, 3508, 3767, 7828, 3700, 5768, 4673, 3777, 3509, 0, 3028, 3554, 3038, 4276, 5166, 4073, 3645, 5750, 3950, 2365, 3453, 2794, 3604, 4085, 3722, 7847, 4678, 3969, 4086, 6611, 4964, 3004, 4682, 806, 3839, 3741, 4060, 5773, 3614, 3463, 3459, 3985, 7926, 3932, 4205, 1261, 2360, 1142, 4294, 1956, 2968, 3721, 1341, 8082, 2945, 6506, 7263, 504, 3753, 3558, 9282, 3613, 2324, 5205, 5167, 2984, 2961, 6984, 6295, 4062, 6045, 3277, 2572, 3621, 3947, 2279, 5026, 3750, 6133, 3354, 4448, 3771, 5036, 3708, 6040, 3983, 3456, 592, 3573, 2749, 2512, 4626, 5059, 3690], [1071, 6532, 808, 1603, 5593, 4558, 799, 4220, 2556, 2923, 599, 4561, 1077, 1681, 3292, 1153, 5322, 2709, 5354, 2035, 942, 959, 3028, 0, 1019, 793, 1250, 3434, 1299, 4512, 3661, 1207, 901, 493, 3525, 1132, 1063, 1099, 6432, 2544, 2417, 1315, 3626, 2707, 434, 3319, 2275, 1416, 1109, 2140, 3149, 587, 766, 904, 3679, 5293, 914, 2996, 3274, 819, 2298, 2745, 4155, 486, 3625, 1707, 5106, 1568, 6084, 5680, 3529, 1095, 751, 7746, 864, 776, 2197, 2605, 262, 277, 4007, 3390, 1073, 6501, 545, 1216, 1067, 1332, 1362, 2037, 1041, 5215, 1750, 2154, 1173, 2028, 1438, 4758, 1517, 685, 2755, 1125, 3032, 4093, 2486, 2156, 1071], [147, 6173, 286, 2620, 4741, 3547, 1661, 4318, 2654, 1909, 1072, 3636, 95, 1817, 2685, 215, 4415, 1937, 4514, 1141, 425, 63, 3554, 1019, 0, 517, 1269, 2427, 1904, 5508, 2648, 427, 1852, 674, 3201, 116, 1236, 176, 5422, 1526, 3361, 560, 3136, 1700, 682, 4244, 2749, 399, 196, 1156, 2269, 948, 269, 121, 2986, 4440, 1191, 3960, 3437, 1748, 3078, 1797, 4228, 680, 3005, 2235, 4575, 2584, 5218, 4665, 4029, 217, 374, 8504, 275, 1658, 1852, 1683, 1276, 826, 3492, 2757, 1406, 5831, 475, 1070, 69, 398, 1364, 2129, 255, 4279, 983, 1141, 218, 1698, 440, 3777, 513, 1505, 3426, 121, 4031, 3962, 1468, 1546, 147], [654, 6648, 574, 2300, 5244, 3846, 1234, 3869, 2191, 2313, 597, 4118, 610, 1329, 2541, 730, 4903, 1919, 4563, 1651, 805, 472, 3038, 793, 517, 0, 1559, 2722, 1971, 5118, 3047, 922, 1464, 730, 2898, 578, 1458, 685, 5713, 1907, 3207, 1058, 3627, 2125, 360, 4110, 2234, 847, 705, 1415, 2773, 1034, 478, 425, 2906, 4944, 1362, 3781, 2967, 1350, 2587, 1981, 3785, 312, 2872, 1720, 5077, 2310, 5293, 4981, 3514, 719, 616, 8515, 621, 1241, 2295, 2179, 1043, 522, 3989, 3267, 1574, 5742, 416, 618, 585, 912, 888, 2434, 726, 4435, 959, 1563, 734, 2133, 780, 4004, 985, 1435, 2915, 550, 3652, 3584, 1848, 2044, 654], [1164, 5284, 1029, 2445, 4656, 4366, 2022, 5384, 3701, 2597, 1775, 3789, 1227, 2817, 3952, 1174, 4484, 3177, 5672, 1482, 846, 1253, 4276, 1250, 1269, 1559, 0, 3322, 930, 5344, 3266, 986, 2043, 877, 4439, 1344, 219, 1159, 6202, 2342, 2657, 952, 2427, 2358, 1375, 3437, 3520, 1453, 1147, 2244, 2371, 664, 1110, 1254, 4237, 4363, 373, 3269, 4454, 1997, 3501, 2900, 5308, 1431, 4270, 2952, 3903, 2284, 6344, 5406, 4777, 1112, 960, 7380, 1009, 1990, 993, 1985, 1328, 1355, 2812, 2290, 391, 7074, 1157, 2172, 1246, 1198, 2415, 876, 1039, 5321, 2247, 1938, 1196, 832, 1615, 4726, 1437, 1034, 3989, 1370, 3895, 5141, 2296, 1165, 1164], [2415, 6389, 2686, 5014, 3543, 1126, 3942, 5030, 3793, 825, 3290, 2280, 2388, 3366, 2234, 2348, 3000, 1546, 2624, 1894, 2680, 2486, 5166, 3434, 2427, 2722, 3322, 0, 4188, 7821, 794, 2423, 4184, 3084, 3280, 2312, 3414, 2396, 2999, 981, 5773, 2403, 3592, 1034, 3041, 6640, 4427, 2046, 2393, 1308, 1857, 3313, 2694, 2537, 2083, 3294, 3444, 6378, 4461, 4068, 5115, 873, 4907, 3013, 2344, 4100, 4552, 5000, 3173, 2261, 5533, 2419, 2768, 10684, 2647, 3954, 3170, 1623, 3694, 3205, 3769, 2970, 3627, 4357, 2894, 2796, 2390, 2220, 3019, 3935, 2494, 2049, 1913, 1389, 2324, 3126, 1998, 1406, 1983, 3910, 5273, 2315, 6367, 4260, 1028, 2577, 2415], [1852, 5684, 1620, 1778, 5510, 5259, 1820, 5466, 3828, 3498, 1893, 4700, 1900, 2966, 4508, 1895, 5376, 3826, 6417, 2398, 1541, 1864, 4073, 1299, 1904, 1971, 930, 4188, 0, 4549, 4184, 1773, 1710, 1268, 4817, 2008, 784, 1860, 7109, 3212, 1736, 1786, 3093, 3260, 1655, 2509, 3405, 2203, 1855, 3019, 3293, 965, 1661, 1837, 4854, 5223, 746, 2345, 4513, 1719, 3122, 3676, 5409, 1717, 4837, 2849, 4518, 1558, 7116, 6317, 4573, 1824, 1532, 6601, 1634, 1776, 1753, 2913, 1186, 1543, 3470, 3086, 567, 7699, 1573, 2496, 1910, 1984, 2659, 1098, 1744, 6142, 2854, 2800, 1920, 1627, 2324, 5584, 2229, 651, 3679, 2022, 3149, 5387, 3162, 2069, 1852], [5577, 9971, 5318, 2938, 9995, 8938, 3886, 5504, 4887, 7413, 4535, 9047, 5577, 4706, 6812, 5661, 9786, 6676, 9135, 6534, 5437, 5446, 3645, 4512, 5508, 5118, 5344, 7821, 4549, 0, 8151, 5712, 3662, 4974, 6333, 5613, 5133, 5606, 10782, 7016, 3058, 5809, 7637, 7207, 4834, 2987, 3901, 5904, 5618, 6522, 7619, 4889, 5272, 5388, 7298, 9700, 4999, 2682, 4901, 3771, 2920, 7017, 5552, 4849, 7090, 3922, 9032, 3065, 9892, 10078, 3771, 5606, 5260, 6558, 5375, 3877, 6285, 7106, 4276, 4684, 8011, 7617, 4963, 9649, 5042, 5065, 5563, 5843, 4902, 5611, 5552, 9299, 5932, 6646, 5680, 6145, 5885, 9011, 6017, 4330, 3131, 5599, 1481, 6157, 6958, 6492, 5577], [2592, 5671, 2862, 5263, 2756, 1206, 4277, 5765, 4440, 740, 3641, 1490, 2585, 3913, 3013, 2512, 2228, 2268, 3242, 1788, 2791, 2709, 5750, 3661, 2648, 3047, 3266, 794, 4184, 8151, 0, 2513, 4491, 3240, 4047, 2540, 3402, 2566, 2948, 1141, 5861, 2451, 3010, 958, 3318, 6687, 4981, 2250, 2557, 1711, 1291, 3415, 2895, 2767, 2875, 2504, 3467, 6476, 5145, 4382, 5574, 1530, 5645, 3303, 3134, 4595, 3830, 5210, 3691, 2145, 6148, 2574, 2931, 10497, 2810, 4281, 2880, 1318, 3912, 3470, 3133, 2385, 3619, 5040, 3119, 3260, 2596, 2344, 3520, 3727, 2638, 2509, 2407, 1508, 2491, 2878, 2270, 1760, 2144, 4025, 5797, 2553, 6676, 5025, 1200, 2307, 2592], [281, 5747, 422, 2785, 4412, 3514, 1946, 4743, 3080, 1788, 1421, 3356, 341, 2240, 3006, 234, 4121, 2203, 4692, 829, 280, 456, 3950, 1207, 427, 922, 986, 2423, 1773, 5712, 2513, 0, 2098, 741, 3589, 438, 1020, 254, 5381, 1459, 3368, 137, 2712, 1558, 988, 4222, 3149, 469, 235, 1265, 1951, 907, 501, 498, 3266, 4111, 1028, 3980, 3863, 2006, 3412, 1924, 4653, 1008, 3316, 2621, 4157, 2710, 5371, 4602, 4431, 211, 460, 8341, 361, 1935, 1435, 1399, 1437, 1093, 3070, 2348, 1223, 6095, 722, 1495, 369, 215, 1788, 1797, 201, 4373, 1308, 1045, 247, 1285, 641, 3814, 460, 1516, 3793, 472, 4232, 4373, 1405, 1124, 281], [1932, 7289, 1686, 884, 6492, 5307, 284, 3865, 2330, 3753, 908, 5452, 1925, 1597, 3613, 2017, 6217, 3214, 5835, 2926, 1839, 1791, 2365, 901, 1852, 1464, 2043, 4184, 1710, 3662, 4491, 2098, 0, 1392, 3580, 1955, 1831, 1962, 7171, 3356, 2061, 2211, 4465, 3550, 1174, 2951, 1726, 2246, 1975, 2878, 4045, 1419, 1628, 1732, 4057, 6192, 1673, 2545, 2916, 120, 1464, 3417, 3823, 1189, 3937, 1202, 5944, 984, 6586, 6443, 2864, 1967, 1640, 7560, 1745, 252, 3029, 3494, 726, 1029, 4849, 4269, 1759, 6778, 1396, 1554, 1910, 2204, 1516, 2699, 1921, 5821, 2346, 2988, 2034, 2863, 2225, 5439, 2364, 1107, 1987, 1940, 2191, 3943, 3297, 3044, 1932], [670, 6114, 399, 2045, 5102, 4196, 1283, 4508, 2826, 2508, 911, 4082, 699, 1941, 3246, 741, 4838, 2561, 5171, 1561, 465, 623, 3453, 493, 674, 730, 877, 3084, 1268, 4974, 3240, 741, 1392, 0, 3625, 788, 743, 691, 6070, 2152, 2693, 836, 3166, 2284, 500, 3572, 2677, 1039, 695, 1828, 2664, 309, 410, 586, 3587, 4802, 634, 3296, 3579, 1311, 2780, 2470, 4433, 556, 3575, 2116, 4644, 1973, 5882, 5303, 3950, 673, 318, 7856, 439, 1262, 1753, 2133, 701, 495, 3544, 2907, 845, 6432, 316, 1319, 699, 898, 1546, 1735, 604, 4952, 1588, 1747, 764, 1584, 1113, 4446, 1113, 833, 3217, 793, 3494, 4286, 2095, 1668, 670], [3333, 9152, 3413, 4384, 6795, 3975, 3313, 1824, 1455, 3636, 2951, 5527, 3267, 1984, 1063, 3358, 6273, 1813, 3023, 3886, 3616, 3204, 2794, 3525, 3201, 2898, 4439, 3280, 4817, 6333, 4047, 3589, 3580, 3625, 0, 3157, 4354, 3349, 5376, 3330, 5640, 3698, 6107, 3639, 3171, 6522, 2443, 3192, 3367, 2795, 4669, 3924, 3330, 3194, 1408, 6531, 4258, 6097, 1613, 3483, 3447, 2565, 1697, 3108, 1097, 2589, 7403, 4547, 3739, 4934, 2927, 3398, 3480, 11138, 3439, 3357, 5009, 4127, 3690, 3275, 6409, 5588, 4469, 3332, 3313, 2324, 3242, 3440, 2172, 5313, 3453, 3538, 2319, 3356, 3343, 4868, 2997, 3649, 3297, 4205, 3219, 3125, 5166, 981, 3304, 4577, 3333], [182, 6168, 395, 2731, 4667, 3432, 1757, 4317, 2664, 1801, 1155, 3549, 118, 1843, 2610, 204, 4332, 1845, 4410, 1075, 501, 175, 3604, 1132, 116, 578, 1344, 2312, 2008, 5613, 2540, 438, 1955, 788, 3157, 0, 1324, 194, 5307, 1415, 3476, 560, 3123, 1595, 782, 4358, 2799, 292, 211, 1042, 2196, 1057, 384, 229, 2899, 4367, 1287, 4076, 3448, 1849, 3158, 1685, 4225, 775, 2927, 2295, 4551, 2697, 5111, 4550, 4075, 243, 483, 8608, 375, 1756, 1871, 1603, 1390, 931, 3473, 2725, 1501, 5742, 588, 1087, 101, 350, 1386, 2193, 307, 4167, 905, 1034, 195, 1722, 326, 3662, 416, 1619, 3492, 36, 4138, 3937, 1356, 1531, 182], [1151, 5481, 971, 2228, 4864, 4478, 1820, 5238, 3558, 2715, 1613, 3979, 1209, 2673, 3915, 1177, 4683, 3168, 5705, 1616, 827, 1210, 4085, 1063, 1236, 1458, 219, 3414, 784, 5133, 3402, 1020, 1831, 743, 4354, 1324, 0, 1152, 6326, 2436, 2485, 1015, 2643, 2476, 1236, 3287, 3337, 1474, 1143, 2283, 2555, 486, 1040, 1200, 4221, 4570, 159, 3099, 4302, 1788, 3291, 2942, 5165, 1295, 4237, 2769, 4118, 2071, 6389, 5534, 4587, 1109, 892, 7322, 964, 1787, 1210, 2141, 1121, 1196, 3028, 2507, 218, 7065, 1045, 2059, 1224, 1234, 2287, 997, 1031, 5389, 2218, 2025, 1200, 1050, 1619, 4814, 1479, 816, 3786, 1346, 3681, 5027, 2387, 1366, 1151], [34, 6000, 298, 2699, 4592, 3507, 1786, 4489, 2828, 1829, 1221, 3503, 87, 1992, 2798, 56, 4278, 2022, 4563, 990, 326, 214, 3722, 1099, 176, 685, 1159, 2396, 1860, 5606, 2566, 254, 1962, 691, 3349, 194, 1152, 0, 5381, 1464, 3378, 386, 2962, 1611, 808, 4251, 2918, 353, 21, 1163, 2122, 928, 336, 266, 3080, 4291, 1127, 3984, 3611, 1862, 3224, 1818, 4399, 816, 3114, 2399, 4401, 2647, 5257, 4614, 4199, 50, 374, 8455, 253, 1780, 1686, 1545, 1347, 937, 3317, 2584, 1337, 5920, 567, 1244, 115, 247, 1539, 2002, 122, 4292, 1094, 1063, 76, 1534, 469, 3766, 425, 1516, 3584, 226, 4127, 4123, 1407, 1371, 34], [5402, 7605, 5675, 8010, 3889, 1876, 6921, 7181, 6387, 3612, 6269, 3260, 5379, 6181, 4403, 5331, 3336, 4181, 2718, 4721, 5649, 5481, 7847, 6432, 5422, 5713, 6202, 2999, 7109, 10782, 2948, 5381, 7171, 6070, 5376, 5307, 6326, 5381, 0, 3925, 8748, 5340, 5625, 3850, 6038, 9598, 7191, 5035, 5376, 4302, 4113, 6284, 5687, 5533, 3976, 3849, 6378, 9358, 6896, 7054, 7992, 3767, 7054, 6009, 4283, 6957, 5904, 7999, 2463, 808, 8132, 5400, 5754, 13424, 5632, 6936, 5804, 4263, 6692, 6202, 5613, 5050, 6542, 4285, 5891, 5721, 5383, 5189, 5905, 6667, 5473, 1879, 4851, 4337, 5308, 5814, 4995, 1811, 4961, 6889, 8062, 5311, 9343, 6249, 3980, 5244, 5402], [1487, 5895, 1760, 4144, 3601, 2057, 3139, 4905, 3445, 419, 2501, 2370, 1471, 2831, 2412, 1412, 3162, 1537, 3471, 939, 1725, 1587, 4678, 2544, 1526, 1907, 2342, 981, 3212, 7016, 1141, 1459, 3356, 2152, 3330, 1415, 2436, 1464, 3925, 0, 4824, 1428, 2924, 315, 2185, 5679, 3893, 1129, 1458, 626, 1342, 2360, 1783, 1643, 2460, 3315, 2471, 5434, 4191, 3246, 4443, 849, 4792, 2168, 2635, 3480, 4102, 4106, 4083, 3153, 5099, 1480, 1836, 9708, 1714, 3143, 2255, 853, 2800, 2341, 3172, 2341, 2650, 5083, 2000, 2144, 1479, 1265, 2416, 2975, 1551, 3003, 1329, 415, 1390, 2191, 1132, 2385, 1040, 2965, 4688, 1425, 5544, 4275, 60, 1671, 1487], [3360, 6915, 3091, 1323, 7218, 6878, 2333, 5749, 4347, 5150, 2823, 6435, 3391, 3657, 5625, 3426, 7105, 5115, 7763, 4087, 3100, 3306, 3969, 2417, 3361, 3207, 2657, 5773, 1736, 3058, 5861, 3368, 2061, 2693, 5640, 3476, 2485, 3378, 8748, 4824, 0, 3416, 4692, 4916, 2849, 909, 3574, 3729, 3381, 4516, 5026, 2465, 3093, 3261, 6045, 6935, 2401, 616, 4836, 2162, 2832, 5145, 5729, 2897, 5955, 3159, 6028, 1108, 8497, 7969, 4403, 3355, 3008, 5505, 3128, 2292, 3455, 4624, 2166, 2686, 5051, 4774, 2274, 8817, 2917, 3520, 3391, 3560, 3546, 2665, 3280, 7624, 4165, 4412, 3449, 3344, 3800, 7137, 3792, 1864, 3420, 3479, 1909, 5956, 4769, 3804, 3360], [414, 5615, 549, 2877, 4290, 3480, 2067, 4873, 3213, 1736, 1553, 3248, 471, 2375, 3089, 358, 4008, 2271, 4723, 726, 375, 591, 4086, 1315, 560, 1058, 952, 2403, 1786, 5809, 2451, 137, 2211, 836, 3698, 560, 1015, 386, 5340, 1428, 3416, 0, 2578, 1501, 1117, 4258, 3285, 537, 366, 1296, 1836, 967, 632, 635, 3335, 3990, 1044, 4029, 3996, 2121, 3539, 1950, 4782, 1139, 3395, 2755, 4021, 2792, 5393, 4557, 4567, 345, 576, 8327, 487, 2055, 1316, 1298, 1536, 1216, 2935, 2211, 1226, 6155, 847, 1629, 499, 271, 1922, 1727, 336, 4378, 1403, 1016, 366, 1171, 723, 3801, 491, 1577, 3925, 595, 4329, 4493, 1378, 989, 414], [2990, 3058, 3073, 4826, 2701, 4177, 4421, 7433, 5786, 2810, 4053, 2436, 3046, 4951, 5296, 2929, 2804, 4409, 6208, 2223, 2844, 3167, 6611, 3626, 3136, 3627, 2427, 3592, 3093, 7637, 3010, 2712, 4465, 3166, 6107, 3123, 2643, 2962, 5625, 2924, 4692, 2578, 0, 2675, 3609, 5242, 5822, 2984, 2942, 3337, 1742, 3055, 3168, 3207, 5382, 2464, 2799, 5245, 6570, 4413, 5915, 3771, 7337, 3647, 5544, 5271, 1481, 4633, 6697, 4848, 7103, 2921, 3059, 8063, 3018, 4394, 1438, 2073, 3744, 3653, 386, 628, 2757, 7939, 3338, 4205, 3074, 2782, 4499, 2035, 2904, 5517, 3812, 2775, 2933, 1604, 3169, 4767, 2856, 3441, 6379, 3158, 6238, 6980, 2927, 1593, 2990], [1638, 5613, 1906, 4309, 3295, 2011, 3346, 5219, 3751, 240, 2721, 2074, 1633, 3117, 2707, 1556, 2867, 1839, 3622, 886, 1835, 1762, 4964, 2707, 1700, 2125, 2358, 1034, 3260, 7207, 958, 1558, 3550, 2284, 3639, 1595, 2476, 1611, 3850, 315, 4916, 1501, 2675, 0, 2376, 5753, 4174, 1305, 1602, 930, 1041, 2462, 1942, 1820, 2728, 3007, 2531, 5529, 4501, 3443, 4690, 1125, 5107, 2366, 2918, 3745, 3810, 4254, 4200, 3060, 5391, 1618, 1975, 9679, 1854, 3347, 2137, 617, 2957, 2524, 2905, 2077, 2693, 5286, 2168, 2413, 1645, 1387, 2693, 2914, 1682, 3082, 1626, 564, 1536, 2095, 1347, 2416, 1192, 3072, 4955, 1611, 5730, 4587, 354, 1545, 1638], [777, 6588, 569, 1974, 5394, 4167, 980, 4009, 2327, 2580, 446, 4310, 761, 1442, 2877, 863, 5085, 2277, 4921, 1795, 779, 622, 3004, 434, 682, 360, 1375, 3041, 1655, 4834, 3318, 988, 1174, 500, 3171, 782, 1236, 808, 6038, 2185, 2849, 1117, 3609, 2376, 0, 3752, 2214, 1073, 824, 1738, 2926, 768, 489, 563, 3254, 5093, 1115, 3425, 3081, 1068, 2425, 2326, 3934, 64, 3209, 1665, 5079, 1968, 5651, 5296, 3495, 822, 559, 8167, 631, 977, 2220, 2352, 685, 167, 3981, 3304, 1315, 6084, 276, 848, 743, 1054, 1053, 2231, 793, 4789, 1318, 1814, 876, 2052, 1058, 4345, 1194, 1089, 2813, 766, 3360, 3800, 2127, 2062, 777], [4234, 7155, 3969, 2154, 7859, 7735, 3227, 6528, 5198, 5990, 3731, 7161, 4268, 4542, 6531, 4296, 7795, 6022, 8669, 4902, 3960, 4191, 4682, 3319, 4244, 4110, 3437, 6640, 2509, 2987, 6687, 4222, 2951, 3572, 6522, 4358, 3287, 4251, 9598, 5679, 909, 4258, 5242, 5753, 3752, 0, 4375, 4603, 4252, 5399, 5779, 3327, 3977, 4148, 6953, 7586, 3223, 480, 5639, 3055, 3544, 6035, 6517, 3801, 6860, 4002, 6479, 1976, 9402, 8812, 5079, 4225, 3884, 4655, 4002, 3187, 4132, 5420, 3071, 3590, 5578, 5408, 3071, 9720, 3809, 4427, 4270, 4421, 4448, 3277, 4148, 8517, 5068, 5266, 4320, 4042, 4684, 8015, 4658, 2740, 4107, 4363, 2242, 6795, 5626, 4545, 4234], [2887, 8790, 2758, 2252, 7422, 5458, 1586, 2180, 990, 4309, 1773, 6241, 2843, 1070, 2958, 2963, 7035, 3014, 5272, 3868, 2982, 2705, 806, 2275, 2749, 2234, 3520, 4427, 3405, 3901, 4981, 3149, 1726, 2677, 2443, 2799, 3337, 2918, 7191, 3893, 3574, 3285, 5822, 4174, 2214, 4375, 0, 3034, 2938, 3280, 4969, 2858, 2665, 2656, 3446, 7125, 3188, 3911, 1266, 1694, 1008, 3557, 2156, 2176, 3214, 570, 7289, 2484, 6025, 6574, 1284, 2950, 2765, 9026, 2815, 1630, 4427, 4363, 2264, 2184, 6193, 5495, 3333, 5772, 2485, 1772, 2817, 3143, 1482, 4301, 2949, 5542, 2577, 3651, 2967, 4258, 2905, 5382, 3178, 2766, 873, 2767, 2743, 2457, 3840, 4261, 2887], [370, 6040, 641, 3017, 4405, 3160, 2046, 4453, 2826, 1511, 1436, 3272, 345, 2042, 2555, 311, 4057, 1738, 4232, 841, 664, 460, 3839, 1416, 399, 847, 1453, 2046, 2203, 5904, 2250, 469, 2246, 1039, 3192, 292, 1474, 353, 5035, 1129, 3729, 537, 2984, 1305, 1073, 4603, 3034, 0, 353, 816, 1940, 1280, 655, 518, 2802, 4106, 1464, 4333, 3610, 2140, 3433, 1474, 4356, 1064, 2860, 2547, 4382, 2978, 4919, 4273, 4301, 383, 723, 8791, 602, 2046, 1821, 1339, 1672, 1221, 3320, 2545, 1669, 5628, 872, 1284, 351, 267, 1586, 2259, 462, 3943, 879, 743, 287, 1687, 195, 3413, 145, 1867, 3751, 309, 4428, 4016, 1071, 1405, 370], [52, 5980, 306, 2709, 4575, 3503, 1801, 4509, 2848, 1821, 1238, 3488, 107, 2012, 2812, 47, 4262, 2033, 4570, 974, 319, 234, 3741, 1109, 196, 705, 1147, 2393, 1855, 5618, 2557, 235, 1975, 695, 3367, 211, 1143, 21, 5376, 1458, 3381, 366, 2942, 1602, 824, 4252, 2938, 353, 0, 1166, 2105, 928, 348, 285, 3092, 4274, 1120, 3987, 3631, 1876, 3241, 1822, 4419, 833, 3127, 2418, 4381, 2655, 5262, 4609, 4219, 36, 379, 8449, 258, 1794, 1666, 1529, 1356, 951, 3297, 2564, 1330, 5931, 580, 1264, 135, 232, 1559, 1988, 114, 4295, 1108, 1055, 70, 1515, 477, 3765, 419, 1518, 3603, 243, 4138, 4142, 1401, 1351, 52], [1175, 6365, 1433, 3709, 4224, 2432, 2638, 4305, 2822, 1033, 1988, 2996, 1135, 2214, 1967, 1125, 3787, 1084, 3429, 1144, 1479, 1211, 4060, 2140, 1156, 1415, 2244, 1308, 3019, 6522, 1711, 1265, 2878, 1828, 2795, 1042, 2283, 1163, 4302, 626, 4516, 1296, 3337, 930, 1738, 5399, 3280, 816, 1166, 0, 1901, 2088, 1424, 1256, 2118, 3936, 2279, 5113, 3572, 2763, 3870, 660, 4195, 1708, 2235, 2885, 4609, 3702, 4107, 3567, 4476, 1197, 1519, 9604, 1404, 2649, 2424, 1336, 2401, 1902, 3623, 2798, 2482, 4889, 1608, 1551, 1131, 1051, 1811, 3002, 1277, 3130, 707, 565, 1101, 2321, 717, 2624, 809, 2660, 4088, 1038, 5063, 3714, 579, 1894, 1175], [2154, 4586, 2370, 4683, 2472, 2488, 3895, 6202, 4669, 1114, 3340, 1431, 2180, 3952, 3747, 2069, 2175, 2877, 4467, 1132, 2208, 2324, 5773, 3149, 2269, 2773, 2371, 1857, 3293, 7619, 1291, 1951, 4045, 2664, 4669, 2196, 2555, 2122, 4113, 1342, 5026, 1836, 1742, 1041, 2926, 5779, 4969, 1940, 2105, 1901, 0, 2732, 2440, 2381, 3755, 2172, 2664, 5636, 5438, 3955, 5344, 2163, 6093, 2936, 3954, 4485, 2773, 4571, 4962, 3308, 6227, 2105, 2409, 9322, 2309, 3885, 1727, 608, 3362, 3041, 1915, 1117, 2759, 6212, 2668, 3205, 2203, 1877, 3503, 2616, 2137, 3788, 2540, 1378, 2058, 1771, 2066, 3047, 1796, 3311, 5687, 2224, 6144, 5607, 1366, 1235, 2154], [914, 5946, 663, 1953, 5129, 4415, 1370, 4757, 3079, 2693, 1129, 4161, 955, 2194, 3554, 971, 4899, 2861, 5460, 1676, 636, 904, 3614, 587, 948, 1034, 664, 3313, 965, 4889, 3415, 907, 1419, 309, 3924, 1057, 486, 928, 6284, 2360, 2465, 967, 3055, 2462, 768, 3327, 2858, 1280, 928, 2088, 2732, 0, 698, 874, 3892, 4831, 350, 3075, 3819, 1360, 2861, 2739, 4686, 829, 3882, 2290, 4536, 1843, 6166, 5507, 4115, 899, 575, 7561, 686, 1340, 1621, 2241, 694, 713, 3438, 2854, 548, 6738, 6