{'nodes': [(0, 0, 0, 0, 48000, 0, False), (1, 0.6568355096155752, 0.5926315254536014, 24878, 28521, 40, True), (2, 0.662836111110181, 2.0682748021025557, 539, 9170, 30, True), (3, -5.657064396690439, -3.7144802603975746, 9819, 15106, 40, True), (4, -0.5392803063711756, 7.914674385308497, 23435, 29582, 20, True), (5, -0.33031144257285566, 0.019273088060625516, 43676, 48000, 10, True), (6, -2.9627319021595424, -1.9851924789696052, 7706, 15501, 10, True), (7, 2.942514339112284, 10.048415500070238, 40612, 48000, 30, True), (8, -10.335789754878991, 0.015734173776638216, 35921, 42810, 20, False), (9, 0.8817105226070485, -0.9510907834878652, 15588, 21566, 30, True), (10, -0.03966758415083834, 0.007232917266328512, 18610, 22352, 50, False), (11, -4.4359098351819535, 2.6611230863256763, 18451, 25275, 20, False), (12, -9.925029421236806, 12.15382929008239, 29826, 39014, 20, True), (13, -1.6189619514713363, -0.6959441328463604, 39794, 41711, 50, True), (14, -0.7905802961031818, -0.5052066254588417, 0, 8587, 30, True), (15, 0.9894420449510691, 14.622070200979486, 30311, 37345, 20, True), (16, 2.5323085677978843, -7.724080405774017, 2643, 10177, 30, True), (17, 3.0771996684872023, -5.073456710941199, 42439, 48000, 50, True), (18, -9.61981250314172, 2.5755915692740357, 13510, 19252, 30, True), (19, -1.2274128379535352, -1.5659417311622732, 23336, 27889, 40, True), (20, -8.01696633698454, 2.082046680241361, 29718, 36304, 10, True), (21, -3.110903196020215, -0.0015675041030887144, 35000, 40329, 50, True), (22, 6.6817775980650955, -7.290744280795844, 21277, 27347, 10, True), (23, -6.802955498019676, -0.9903270458476771, 35240, 43229, 30, True), (24, -1.5990427579987654, -18.271197245550255, 19998, 26349, 50, True), (25, -0.4410577137206889, 2.6812141551774085, 21128, 28652, 10, True), (26, -0.9682143381307275, -6.769517881245651, 17775, 26104, 10, True), (27, -3.4464582753000075, -5.488503056060981, 20375, 23726, 40, True), (28, -6.662265701228169, 18.87939601598393, 29515, 37325, 20, True), (29, 1.985742356427992, -0.6885454368282923, 20881, 27439, 10, True), (30, -4.385399960500063, 0.7865127293516971, 27058, 34247, 40, True), (31, -13.431306204248507, -13.203891034698016, 35343, 36866, 10, True), (32, 8.766230046578011, -17.442359413343006, 28906, 35473, 50, True), (33, 2.70219123072076, -2.2542474290560524, 13896, 17792, 10, True), (34, -2.297134812884145, 17.191874600011328, 13191, 21181, 50, True), (35, -1.5088029246992387, -1.9570618044291357, 37001, 44668, 40, True), (36, 3.636919438170228, 11.350398880447022, 20733, 25544, 30, True), (37, 3.051286254743902, -1.395193749833342, 35550, 46053, 30, True), (38, -1.158310043968258, -0.32251828346277717, 17713, 23555, 50, True), (39, -1.1419437897639986, 0.79643191001811, 0, 5241, 20, True), (40, 3.4021456200214493, 16.97641512668801, 14825, 23043, 40, True), (41, -0.8304051864279918, 4.44152648828222, 0, 5798, 50, True), (42, 0.5272638439792235, -4.369035201915279, 10138, 18679, 20, True), (43, -6.697108517098896, -8.541252493372497, 4232, 9656, 40, True), (44, 1.7988360223825646, -1.3055024747536788, 18626, 23083, 10, True), (45, 0.1923275078715236, 0.7236227144250597, 16324, 25674, 10, True), (46, -0.16932227793152305, -1.1377669911317225, 6379, 13688, 50, True), (47, -17.87484062401017, -2.1346119452157573, 19453, 23995, 20, False), (48, 1.9064259770116128, -2.7415749032111045, 2967, 12561, 10, True), (49, 5.21484288492581, 13.710550537367064, 24110, 32248, 20, True), (50, 9.640519025906462, -2.3792052970119877, 14998, 20082, 30, True), (51, -3.145187575678407, -0.38349766528496054, 22764, 30065, 40, True), (52, 11.127245241855803, -17.626867109635675, 7599, 14435, 10, True), (53, 0.7307008755374056, -0.9145697247152019, 41652, 48000, 10, True), (54, -11.983154956230278, 0.8855749740256413, 20682, 28607, 50, True), (55, -11.2296771295562, -4.136019596461458, 9371, 15861, 30, True), (56, -1.9915704517261765, 6.9892337213608355, 20178, 25161, 40, True), (57, 0.28446840046161864, -12.995954421757522, 5630, 12569, 50, True), (58, -7.03984882187462, 6.228640783257392, 27950, 36263, 50, True), (59, 0.7896757780968722, -7.935053848913068, 23185, 27269, 10, True), (60, -12.922902378435158, -4.824308457760171, 15693, 20073, 50, True), (61, 2.3695338464981077, 4.313068355465749, 13220, 19333, 40, True), (62, 2.1261802457156387, 2.7551887748213115, 30625, 37941, 10, True), (63, 1.5432090633505358, -0.46575796859987195, 34262, 39285, 30, True), (64, 7.619794568761369, -10.067290889395585, 39928, 45584, 10, True), (65, -7.019712859636952, 1.9183200861388259, 36663, 40579, 50, True), (66, -8.194033005430065, 4.370098972783183, 37348, 45573, 20, True), (67, 0.4451127205700532, -3.993507984801228, 0, 11011, 40, True), (68, 9.141055834967846, -5.648382320101567, 4076, 10360, 20, True), (69, -3.140351607115963, 3.6630185409303704, 25598, 28531, 50, False), (70, 5.4919347456402425, -5.827875430157001, 14601, 15834, 40, True), (71, 2.308258199787921, 4.631694007146685, 9807, 15349, 30, True), (72, -13.965373703489293, -7.061040128226208, 31534, 37703, 50, True), (73, 8.451561539909461, -2.0380725676838916, 32616, 38783, 30, True), (74, -14.363390556728177, 12.139601825104368, 15424, 24070, 10, True), (75, -10.038833465812493, -2.250832241057686, 13498, 17551, 50, True), (76, -2.1514187269419947, 0.3160268788783646, 29203, 32195, 10, True), (77, -1.079738472375722, -13.632891792455062, 29799, 36569, 20, True), (78, -6.8284548843474395, -3.936071070654463, 24942, 35117, 20, False), (79, -2.864363309111798, -6.093109832089113, 32764, 36696, 40, True), (80, 2.952680304968164, 10.857000310260096, 2137, 9088, 40, True), (81, -8.065407110036356, 14.148781147113713, 13317, 20396, 20, True), (82, -14.914774769681477, 2.8277138473827916, 12198, 22319, 20, True), (83, -0.040856655409279456, 4.157917921410747, 25287, 31426, 10, True), (84, 5.730013983932647, 5.706507619476429, 20307, 24963, 50, False), (85, -2.6932901750792992, 4.8891250464013, 3403, 9086, 40, True), (86, -4.58973719258819, 7.232054889867092, 41254, 48000, 50, False), (87, 0.5203592386375318, -0.10434782151633211, 40284, 46194, 30, False), (88, -7.229365308860745, 1.0100497913401147, 32463, 37161, 40, True), (89, -4.6903189173063, 4.617075370836835, 4584, 11013, 50, True), (90, 5.843390832827823, 2.5170547075438954, 35918, 38832, 30, True), (91, 1.49176242825077, -2.463912896035009, 212, 5749, 20, True), (92, -10.668696467484796, -19.201635081841108, 13420, 17404, 50, True), (93, 0.15790721849441403, 0.011205054538598568, 11412, 22139, 30, True), (94, 2.5925835531694514, 0.7607008249970227, 12645, 17232, 10, True), (95, -1.729273229532051, -2.547344974913649, 40121, 46259, 30, True), (96, 11.97331923366731, 7.432997479099193, 1475, 10453, 40, True), (97, 5.6228538288973215, 5.371472388202597, 7674, 9652, 50, False), (98, 7.514204424301192, -7.686287052469273, 735, 6817, 10, True), (99, 10.395829753105899, -6.9011353645447215, 36758, 42583, 10, True), (100, -1.2480460471847437, -4.525508597930939, 20367, 22992, 30, True), (101, -1.4207137640008025, 1.9291547632426658, 26422, 29373, 20, True), (102, -4.968815923530063, -7.536423763097368, 34006, 37129, 10, True), (103, -5.530738304319443, -8.914433361662118, 34322, 40286, 30, True), (104, 7.487646637207293, 10.915378644122748, 30875, 37412, 50, True), (105, -1.0325924098767545, -15.068581452324478, 16118, 23740, 30, True), (106, 1.6758758027852358, -2.8917104566533913, 26763, 34599, 10, True), (107, -0.3929925757733572, -0.6345269903856745, 40247, 48000, 10, True), (108, -0.23143964999399663, 0.3709624911218402, 39774, 45353, 20, True), (109, 13.474848817196055, 2.3785609398649608, 14958, 20716, 30, True), (110, 12.410044472727066, 7.575056050394668, 31439, 34605, 10, True), (111, -6.677609605492521, 1.373841513439399, 15090, 25421, 50, True), (112, 5.027829602108309, 4.0861084229607245, 19577, 26224, 50, True), (113, -3.5690584663739453, -1.5765167989822797, 29743, 35864, 40, True), (114, -13.265846225875741, 0.26617501750263967, 35255, 44817, 50, True), (115, -10.520696573803132, -7.592211231250892, 35598, 43558, 20, True), (116, 11.245344055240228, 1.979811938277489, 15114, 21455, 40, True), (117, 1.538527838967424, -2.803687599847442, 25684, 31253, 50, True), (118, -12.788309457750989, -12.879590410932364, 26492, 34465, 20, True), (119, -0.42280156001203845, -0.2441189308797267, 18368, 24940, 20, True), (120, 23.76369620086972, 2.473740732511935, 11518, 18549, 10, True), (121, 1.1949428999865699, -7.981775794304823, 9195, 11507, 40, True), (122, 5.599752551430813, 5.481630657914366, 39254, 45292, 10, False), (123, 0.8197097841978163, 2.081063334944078, 21699, 27876, 20, True), (124, 3.0425159818142467, 1.5833735979347359, 35859, 42825, 40, True), (125, -4.576961478171934, -8.674879691376534, 16300, 20526, 30, False), (126, 0, 0, 0, 48000, 0, False)], 'F': 20.0, 'ct': 0.083, 'cd': 0.021, 'truck_cap': 100, 'drone_cap': 20, 'truck_speed': 40, 'drone_speed': 40, 'a': 1, 'b': 2, 'max_flight_time': 3000, 'ttt': [[0, 266, 653, 2031, 2381, 100, 1071, 3142, 3102, 390, 13, 1553, 4708, 530, 282, 4398, 2440, 1781, 2989, 598, 2486, 934, 2968, 2063, 5503, 816, 2053, 1945, 6007, 632, 1338, 5651, 5857, 1057, 5204, 742, 3577, 1008, 362, 419, 5195, 1357, 1321, 3257, 668, 226, 346, 5402, 1003, 4402, 2980, 952, 6255, 352, 3606, 3591, 2181, 3901, 2821, 2393, 4139, 1477, 1045, 485, 3789, 2184, 2787, 1206, 3225, 1448, 2403, 1554, 4696, 2609, 5643, 3087, 653, 4104, 2365, 2021, 3376, 4887, 4555, 1248, 2427, 1676, 2571, 160, 2191, 1975, 1910, 865, 6591, 48, 812, 925, 4229, 2334, 3226, 3744, 1409, 720, 2709, 3148, 3972, 4532, 1004, 225, 132, 4106, 4363, 2046, 1945, 1172, 3982, 3893, 3426, 960, 5446, 147, 7169, 2422, 2352, 672, 1030, 2943, 1], [266, 0, 444, 2294, 2227, 343, 1334, 2919, 3303, 469, 274, 1650, 4703, 786, 546, 4211, 2559, 1849, 3141, 861, 2641, 1145, 2978, 2289, 5700, 709, 2263, 2202, 5910, 555, 1515, 5917, 5933, 1053, 5059, 1005, 3350, 935, 611, 544, 4985, 1239, 1490, 3519, 666, 146, 576, 5620, 1069, 4167, 2840, 1179, 6305, 454, 3794, 3839, 2078, 4079, 2863, 2560, 4387, 1230, 785, 415, 3821, 2338, 2888, 1378, 3161, 1466, 2412, 1310, 4952, 2469, 5685, 3321, 848, 4300, 2626, 2268, 3156, 4837, 4720, 1091, 2162, 1635, 2540, 214, 2370, 2009, 1661, 952, 6843, 231, 584, 1184, 3968, 2069, 3226, 3688, 1639, 742, 2967, 3404, 3714, 4727, 1090, 485, 276, 3884, 4102, 2214, 1680, 1426, 4179, 4157, 3205, 1054, 5711, 411, 6956, 2578, 2087, 450, 776, 3194, 266], [653, 444, 0, 2571, 1792, 684, 1632, 2491, 3358, 909, 654, 1541, 4388, 1076, 888, 3768, 2992, 2263, 3090, 1230, 2605, 1292, 3339, 2421, 6140, 380, 2697, 2582, 5502, 918, 1564, 6236, 6339, 1435, 4624, 1373, 2925, 1263, 903, 663, 4548, 842, 1933, 3875, 1069, 428, 995, 5703, 1491, 3751, 3007, 1360, 6692, 896, 3811, 4025, 1678, 4522, 2627, 3002, 4571, 847, 486, 806, 4197, 2306, 2746, 1821, 3440, 1238, 2778, 915, 5174, 2642, 5428, 3463, 996, 4740, 2881, 2668, 2726, 4472, 4680, 662, 1872, 1316, 2211, 654, 2390, 1780, 1561, 1383, 7231, 636, 700, 1561, 3756, 1789, 3577, 3972, 2061, 627, 3341, 3784, 3353, 5167, 1520, 872, 577, 3846, 3893, 2213, 1444, 1677, 4214, 4434, 3176, 1486, 6034, 767, 6932, 3020, 1802, 48, 730, 3587, 653], [2031, 2294, 2571, 0, 3813, 1953, 961, 4870, 1796, 2131, 2023, 1948, 4931, 1513, 1750, 5852, 2736, 2653, 2231, 1478, 1879, 1352, 3855, 888, 4535, 2477, 1680, 851, 6786, 2467, 1404, 3681, 5975, 2547, 6353, 1353, 5311, 2705, 1691, 1916, 6777, 2844, 1867, 1482, 2352, 2204, 1820, 3697, 2289, 6163, 4608, 1253, 6541, 2093, 2348, 1678, 3395, 3307, 3013, 2313, 2206, 3407, 3037, 2371, 4417, 1740, 2543, 1834, 4478, 2339, 3405, 3462, 2688, 4263, 5427, 1387, 1604, 3278, 359, 1102, 5079, 5408, 3402, 2902, 4435, 2731, 3301, 2147, 1495, 2517, 3925, 2178, 4884, 2073, 2817, 1230, 6259, 4346, 4128, 4911, 1346, 2118, 1166, 1561, 5901, 3679, 2215, 1831, 2039, 6025, 6392, 1558, 3970, 898, 2577, 1867, 5352, 2177, 3485, 1885, 9020, 2423, 4362, 2608, 3057, 1524, 2031], [2381, 2227, 1792, 3813, 0, 2370, 3059, 1226, 3776, 2695, 2378, 1963, 3091, 2604, 2528, 2065, 4782, 4046, 3161, 2853, 2846, 2498, 5051, 3267, 7863, 1571, 4408, 4115, 3769, 2691, 2431, 7424, 8104, 3203, 2834, 2977, 1623, 2994, 2479, 2144, 2966, 1047, 3700, 5272, 2855, 2169, 2719, 6012, 3281, 2451, 4344, 2610, 8425, 2677, 4030, 4834, 518, 6279, 2016, 4773, 5331, 1390, 1743, 2592, 5925, 2650, 2532, 3586, 5000, 1496, 4503, 1305, 6035, 4025, 4338, 4175, 2331, 6467, 4026, 4261, 1371, 2933, 4576, 1138, 1995, 1115, 1233, 2428, 2885, 1591, 2509, 3174, 8685, 2381, 2344, 3160, 3758, 2001, 5268, 5525, 3739, 1816, 4823, 5267, 2572, 6898, 3310, 2566, 2266, 4521, 3887, 2692, 2028, 2990, 4455, 5533, 3959, 3276, 7241, 2449, 7472, 4798, 1982, 1798, 2183, 5123, 2381], [100, 343, 684, 1953, 2370, 0, 994, 3166, 3003, 467, 88, 1466, 4642, 443, 210, 4400, 2478, 1839, 2891, 547, 2389, 835, 3040, 1966, 5501, 800, 2047, 1899, 5969, 728, 1239, 5585, 5908, 1138, 5186, 691, 3603, 1101, 270, 338, 5210, 1336, 1342, 3202, 753, 264, 351, 5304, 1067, 4432, 3078, 854, 6313, 425, 3507, 3500, 2151, 3910, 2744, 2411, 4049, 1523, 1104, 582, 3854, 2087, 2697, 1227, 3312, 1381, 2476, 1595, 4610, 2707, 5564, 2992, 555, 4103, 2283, 1986, 3398, 4833, 4457, 1246, 2494, 1625, 2514, 259, 2092, 1902, 1999, 925, 6548, 147, 906, 878, 4310, 2403, 3300, 3830, 1392, 661, 2661, 3102, 4024, 4532, 1062, 198, 111, 4203, 4445, 1948, 2019, 1084, 3882, 3817, 3523, 1017, 5381, 85, 7267, 2445, 2420, 709, 1116, 2904, 100], [1071, 1334, 1632, 961, 3059, 994, 0, 4022, 2293, 1195, 1062, 1463, 4729, 560, 790, 5122, 2385, 2036, 2422, 537, 1947, 598, 3303, 1191, 4904, 1592, 1556, 1062, 6358, 1536, 936, 4604, 5822, 1702, 5758, 437, 4465, 1814, 737, 998, 6001, 2032, 1269, 2265, 1444, 1249, 877, 4475, 1479, 5310, 3784, 485, 6317, 1155, 2841, 2564, 2709, 3445, 2752, 2111, 3108, 2477, 2087, 1428, 3996, 1690, 2470, 1188, 3795, 1696, 2787, 2539, 3636, 3425, 5447, 2125, 733, 3541, 1300, 1234, 4243, 5077, 3866, 2042, 3483, 2065, 2809, 1189, 1565, 2048, 2968, 1345, 5660, 1112, 1860, 408, 5298, 3393, 3579, 4271, 920, 1263, 1772, 2218, 4982, 3968, 1419, 872, 1083, 5103, 5432, 1504, 3012, 220, 3165, 2824, 4426, 1374, 4402, 925, 8130, 2190, 3409, 1667, 2097, 2066, 1071], [3142, 2919, 2491, 4870, 1226, 3166, 4022, 0, 4994, 3358, 3143, 3133, 3913, 3503, 3359, 1493, 5334, 4538, 4386, 3703, 4066, 3521, 5322, 4419, 8605, 2433, 5181, 5041, 3915, 3235, 3544, 8533, 8431, 3693, 2659, 3842, 444, 3434, 3347, 3035, 2084, 2028, 4387, 6283, 3424, 2918, 3484, 7237, 3851, 1294, 4236, 3624, 8659, 3356, 5255, 6016, 1743, 6960, 3207, 5435, 6525, 1730, 2203, 3183, 6197, 3859, 3751, 4280, 5064, 2647, 4825, 1637, 7217, 3986, 5231, 5366, 3296, 7207, 5119, 5147, 244, 3525, 5780, 1982, 1549, 2293, 2413, 3132, 4083, 2811, 2422, 3780, 9680, 3126, 2789, 4031, 2822, 1618, 5495, 5556, 4550, 2766, 5786, 6232, 1389, 7630, 3902, 3358, 3056, 3910, 2937, 3887, 1896, 3998, 5680, 6658, 3474, 3880, 8343, 3250, 6648, 5435, 1586, 2475, 2541, 6054, 3142], [3102, 3303, 3358, 1796, 3776, 3003, 2293, 4994, 0, 3379, 3090, 1941, 3645, 2625, 2869, 5546, 4506, 4305, 798, 2774, 933, 2168, 5557, 1103, 6081, 3075, 3471, 2646, 5766, 3703, 1801, 4074, 7764, 3971, 5690, 2714, 5399, 4039, 2756, 2769, 6549, 3147, 3515, 2791, 3663, 3167, 3071, 2353, 3766, 6217, 6037, 2162, 8336, 3333, 560, 1275, 3263, 5040, 2111, 4103, 1647, 4025, 3829, 3568, 6179, 1148, 1457, 3452, 6086, 2421, 5063, 4039, 2387, 5671, 3834, 687, 2458, 4948, 1586, 2896, 5146, 4295, 1613, 3330, 5114, 2720, 2768, 3258, 980, 2186, 4912, 3626, 5767, 3149, 3886, 2695, 7054, 5051, 5833, 6558, 3049, 2736, 2780, 3043, 6269, 5318, 3709, 2990, 3034, 7179, 7192, 1172, 4769, 2086, 883, 2284, 6502, 3662, 3939, 2976, 10257, 4211, 5055, 3405, 4042, 3129, 3102], [390, 469, 909, 2131, 2695, 467, 1195, 3358, 3379, 0, 400, 1930, 5097, 755, 520, 4673, 2092, 1402, 3324, 660, 2821, 1232, 2579, 2306, 5250, 1161, 1833, 1882, 6366, 341, 1665, 5653, 5485, 673, 5527, 779, 3783, 665, 641, 803, 5432, 1698, 1032, 3219, 296, 544, 321, 5639, 620, 4588, 2663, 1221, 5873, 48, 3900, 3758, 2534, 3619, 3208, 2096, 4302, 1642, 1174, 247, 3402, 2523, 3157, 923, 2851, 1837, 2014, 1730, 4818, 2295, 6029, 3300, 987, 3851, 2481, 1910, 3597, 5266, 4874, 1558, 2472, 2055, 2954, 277, 2504, 2364, 1817, 490, 6481, 362, 727, 919, 4172, 2372, 2837, 3367, 1249, 1107, 2644, 3068, 4075, 4275, 630, 395, 519, 3909, 4303, 2374, 1958, 1349, 4261, 3960, 3232, 591, 5444, 446, 6942, 2112, 2394, 911, 1000, 2838, 390], [13, 274, 654, 2023, 2378, 88, 1062, 3143, 3090, 400, 0, 1542, 4699, 520, 274, 4396, 2445, 1789, 2977, 592, 2474, 922, 2977, 2052, 5504, 812, 2053, 1941, 6001, 643, 1326, 5644, 5865, 1067, 5201, 737, 3578, 1019, 351, 408, 5195, 1352, 1325, 3252, 679, 227, 347, 5390, 1011, 4404, 2992, 940, 6263, 361, 3594, 3581, 2176, 3903, 2811, 2397, 4129, 1481, 1051, 497, 3798, 2172, 2775, 1210, 3236, 1439, 2413, 1557, 4686, 2621, 5632, 3076, 641, 4105, 2356, 2018, 3377, 4879, 4543, 1246, 2434, 1668, 2562, 172, 2179, 1965, 1920, 873, 6587, 60, 822, 920, 4238, 2341, 3236, 3755, 1408, 711, 2704, 3144, 3977, 4534, 1012, 221, 124, 4117, 4372, 2034, 1953, 1162, 3970, 3885, 3438, 968, 5439, 138, 7180, 2426, 2359, 674, 1040, 2940, 13], [1553, 1650, 1541, 1948, 1963, 1466, 1463, 3133, 1941, 1930, 1542, 0, 3291, 1316, 1450, 3941, 3753, 3236, 1556, 1593, 1089, 893, 4477, 1306, 6338, 1199, 3015, 2464, 4912, 2174, 564, 5472, 7216, 2601, 4407, 1641, 3559, 2556, 1331, 1137, 4897, 1207, 2583, 3429, 2218, 1506, 1715, 4282, 2500, 4402, 4486, 993, 7672, 1886, 2327, 2884, 1492, 4907, 1326, 3545, 3396, 2102, 1970, 2025, 5260, 808, 1240, 2477, 4776, 492, 3920, 2109, 4085, 4116, 4119, 2236, 983, 4992, 2106, 2669, 3311, 3615, 3145, 1394, 3185, 850, 1373, 1704, 974, 593, 3085, 2352, 6821, 1592, 2185, 1762, 5128, 3126, 4743, 5295, 2360, 932, 3064, 3489, 4352, 5417, 2478, 1566, 1437, 5375, 5265, 777, 2872, 1299, 2746, 3578, 4710, 2430, 5294, 1487, 8461, 3613, 3128, 1587, 2268, 3402, 1553], [4708, 4703, 4388, 4931, 3091, 4642, 4729, 3913, 3645, 5097, 4699, 3291, 0, 4591, 4684, 3358, 7039, 6476, 2876, 4874, 3076, 4182, 7672, 4054, 9464, 4022, 6282, 5639, 2244, 5256, 3795, 7681, 10502, 5748, 2743, 4930, 4077, 5629, 4576, 4308, 4253, 3578, 5866, 6285, 5356, 4580, 4947, 4906, 5708, 4567, 7313, 4277, 10942, 5060, 3437, 4904, 2841, 8144, 1978, 6831, 5173, 4376, 4586, 5117, 8495, 3193, 2393, 5758, 7827, 3262, 7107, 4309, 5892, 6967, 1333, 4323, 4250, 8179, 4917, 5871, 3884, 819, 3174, 3815, 5080, 3076, 2179, 4832, 3441, 2754, 5545, 5565, 9410, 4736, 5079, 5050, 6721, 5090, 7926, 8358, 5641, 3991, 6092, 6457, 5238, 8592, 5701, 4786, 4578, 7609, 6841, 3379, 5098, 4540, 3705, 5928, 7047, 5655, 7560, 4687, 10517, 6902, 5070, 4419, 5020, 6452, 4708], [530, 786, 1076, 1513, 2604, 443, 560, 3503, 2625, 755, 520, 1316, 4591, 0, 256, 4663, 2450, 1927, 2594, 287, 2094, 495, 3181, 1559, 5274, 1074, 1834, 1540, 6065, 1082, 943, 5162, 5913, 1379, 5371, 381, 3944, 1418, 179, 471, 5513, 1560, 1277, 2805, 1043, 691, 456, 4897, 1224, 4785, 3416, 468, 6359, 709, 3146, 3063, 2309, 3735, 2639, 2290, 3611, 1922, 1529, 952, 3949, 1801, 2491, 1168, 3555, 1386, 2632, 1987, 4168, 3049, 5427, 2570, 344, 3885, 1841, 1663, 3728, 4856, 4127, 1532, 2925, 1707, 2541, 667, 1760, 1842, 2438, 1074, 6181, 575, 1338, 557, 4752, 2835, 3451, 4058, 1155, 791, 2286, 2732, 4428, 4316, 1189, 369, 526, 4622, 4887, 1641, 2457, 643, 3507, 3379, 3943, 1140, 4960, 385, 7675, 2344, 2851, 1110, 1558, 2554, 530], [282, 546, 888, 1750, 2528, 210, 790, 3359, 2869, 520, 274, 1450, 4684, 256, 0, 4570, 2385, 1797, 2806, 345, 2304, 713, 3029, 1811, 5336, 963, 1881, 1695, 6077, 836, 1147, 5376, 5835, 1173, 5329, 487, 3798, 1184, 124, 405, 5394, 1485, 1226, 2993, 814, 473, 267, 5150, 1052, 4631, 3180, 708, 6259, 474, 3385, 3317, 2278, 3762, 2757, 2280, 3864, 1730, 1313, 701, 3821, 2006, 2660, 1111, 3356, 1436, 2471, 1801, 4416, 2812, 5566, 2824, 478, 3940, 2084, 1789, 3590, 4909, 4355, 1418, 2703, 1717, 2587, 412, 1985, 1932, 2188, 903, 6345, 325, 1085, 675, 4510, 2611, 3295, 3867, 1215, 755, 2455, 2897, 4233, 4371, 1031, 126, 313, 4367, 4644, 1855, 2225, 894, 3751, 3612, 3688, 983, 5172, 136, 7421, 2322, 2628, 915, 1311, 2702, 282], [4398, 4211, 3768, 5852, 2065, 4400, 5122, 1493, 5546, 4673, 4396, 3941, 3358, 4663, 4570, 0, 6721, 5943, 4817, 4903, 4633, 4557, 6793, 5236, 9899, 3609, 6445, 6179, 2628, 4604, 4454, 9403, 9899, 5090, 1253, 5031, 1264, 4846, 4530, 4198, 1012, 3104, 5700, 7323, 4785, 4177, 4742, 7571, 5217, 1298, 5724, 4670, 10142, 4663, 5669, 6717, 2459, 8289, 3486, 6768, 7174, 3121, 3577, 4530, 7670, 4506, 4130, 5588, 6555, 3514, 6283, 3024, 7903, 5477, 4667, 6048, 4395, 8500, 6042, 6322, 1275, 2721, 5941, 3155, 3030, 3123, 2779, 4421, 4771, 3452, 3914, 5129, 10734, 4391, 4187, 5216, 3939, 3105, 6974, 7048, 5784, 3877, 6885, 7328, 2245, 8929, 5259, 4597, 4292, 5247, 4027, 4593, 3386, 5049, 6070, 7507, 4885, 5231, 9229, 4481, 7745, 6782, 3072, 3764, 3961, 7187, 4398], [2440, 2559, 2992, 2736, 4782, 2478, 2385, 5334, 4506, 2092, 2445, 3753, 7039, 2450, 2385, 6721, 0, 813, 4780, 2166, 4322, 2870, 1253, 3454, 3399, 3248, 1090, 1916, 8445, 2118, 3291, 5064, 3465, 1643, 7615, 2114, 5733, 1906, 2482, 2785, 7416, 3788, 1174, 2781, 1939, 2631, 2137, 6349, 1507, 6482, 2669, 2785, 3935, 2114, 5064, 4268, 4619, 1720, 5077, 528, 4718, 3612, 3147, 2199, 1681, 4073, 4851, 1283, 2079, 3818, 1055, 3708, 4954, 2463, 7824, 4114, 2792, 2079, 3030, 1692, 5577, 7293, 6118, 3648, 4143, 4097, 4971, 2365, 3931, 4291, 3230, 1610, 5249, 2428, 2546, 2013, 5358, 4038, 1496, 2373, 1487, 3130, 2252, 2446, 5787, 2450, 1473, 2302, 2567, 4469, 5464, 3885, 3622, 2599, 5312, 3917, 3913, 1507, 4850, 2414, 7067, 410, 4068, 2987, 2797, 2153, 2440], [1781, 1849, 2263, 2653, 4046, 1839, 2036, 4538, 4305, 1402, 1789, 3236, 6476, 1927, 1797, 5943, 813, 0, 4448, 1667, 3961, 2401, 1271, 3208, 4202, 2556, 1317, 1962, 7758, 1357, 2848, 5522, 4085, 854, 6872, 1664, 4931, 1105, 1910, 2170, 6617, 3087, 795, 3112, 1195, 1944, 1532, 6348, 784, 5673, 2129, 2339, 4475, 1434, 4860, 4302, 3926, 2521, 4552, 1100, 4802, 2825, 2367, 1458, 2026, 3685, 4412, 855, 1828, 3218, 760, 2922, 5148, 1853, 7352, 4026, 2254, 2856, 2992, 1810, 4780, 6666, 5896, 2924, 3331, 3455, 4351, 1678, 3591, 3727, 2425, 917, 5915, 1760, 1757, 1630, 4605, 3226, 1546, 2264, 1309, 2498, 2525, 2829, 4977, 3243, 779, 1691, 1912, 3839, 4717, 3509, 2810, 2254, 5159, 4150, 3239, 824, 5306, 1790, 6607, 1040, 3257, 2252, 1998, 2539, 1781], [2989, 3141, 3090, 2231, 3161, 2891, 2422, 4386, 798, 3324, 2977, 1556, 2876, 2594, 2806, 4817, 4780, 4448, 0, 2809, 504, 2101, 5717, 1364, 6702, 2755, 3822, 3048, 4972, 3618, 1661, 4871, 8155, 3971, 4905, 2788, 4770, 3985, 2684, 2600, 5826, 2697, 3690, 3449, 3619, 2997, 3047, 2852, 3809, 5566, 5967, 2137, 8688, 3278, 873, 2072, 2645, 5537, 1343, 4439, 2432, 3635, 3525, 3472, 6415, 806, 689, 3607, 6146, 1972, 5188, 3632, 3172, 5596, 3204, 1454, 2342, 5497, 2126, 3298, 4517, 3504, 1591, 2914, 4701, 2192, 2057, 3148, 858, 1602, 4640, 3661, 6542, 3034, 3705, 2823, 6641, 4650, 5993, 6645, 3294, 2468, 3340, 3660, 5711, 5888, 3766, 2932, 2894, 6930, 6778, 954, 4419, 2203, 1296, 3063, 6263, 3717, 4734, 2887, 10016, 4535, 4649, 3136, 3811, 3700, 2989], [598, 861, 1230, 1478, 2853, 547, 537, 3703, 2774, 660, 592, 1593, 4874, 287, 345, 4903, 2166, 1667, 2809, 0, 2313, 736, 2930, 1683, 5014, 1297, 1564, 1353, 6348, 1000, 1182, 5060, 5629, 1198, 5637, 146, 4142, 1286, 375, 710, 5734, 1807, 993, 2660, 912, 809, 343, 4998, 1005, 4975, 3270, 677, 6080, 620, 3310, 3099, 2578, 3460, 2918, 2005, 3643, 2069, 1642, 895, 3682, 2029, 2747, 885, 3344, 1671, 2388, 2142, 4163, 2908, 5696, 2652, 630, 3621, 1826, 1445, 3933, 5142, 4314, 1755, 3020, 1987, 2827, 685, 1960, 2127, 2450, 860, 6002, 631, 1343, 332, 4794, 2926, 3202, 3838, 889, 1051, 2115, 2556, 4568, 4052, 959, 376, 654, 4568, 4926, 1859, 2530, 704, 3654, 3324, 3891, 910, 4854, 465, 7596, 2058, 2945, 1256, 1593, 2359, 598], [2486, 2641, 2605, 1879, 2846, 2389, 1947, 4066, 933, 2821, 2474, 1089, 3076, 2094, 2304, 4633, 4322, 3961, 504, 2313, 0, 1600, 5231, 992, 6403, 2281, 3396, 2654, 5057, 3115, 1158, 4866, 7725, 3470, 4848, 2299, 4468, 3481, 2181, 2099, 5631, 2270, 3213, 3212, 3116, 2497, 2546, 3218, 3311, 5286, 5465, 1639, 8244, 2775, 1244, 2101, 2332, 5165, 1279, 4002, 2542, 3188, 3051, 2969, 5942, 304, 689, 3126, 5647, 1539, 4697, 3192, 3273, 5094, 3569, 1435, 1839, 5154, 1841, 2900, 4215, 3621, 2082, 2474, 4266, 1807, 1857, 2645, 400, 1256, 4161, 3163, 6435, 2531, 3208, 2343, 6209, 4210, 5505, 6147, 2839, 1980, 3028, 3383, 5354, 5556, 3269, 2429, 2392, 6449, 6347, 456, 3960, 1729, 1667, 2999, 5780, 3221, 4712, 2384, 9536, 4094, 4211, 2652, 3322, 3389, 2486], [934, 1145, 1292, 1352, 2498, 835, 598, 3521, 2168, 1232, 922, 893, 4182, 495, 713, 4557, 2870, 2401, 2101, 736, 1600, 0, 3663, 1148, 5501, 1136, 2131, 1650, 5765, 1544, 451, 5028, 6331, 1871, 5165, 759, 3963, 1896, 595, 638, 5456, 1499, 1706, 2780, 1525, 1016, 947, 4476, 1716, 4814, 3892, 116, 6798, 1186, 2676, 2734, 2125, 4030, 2211, 2653, 3281, 2094, 1777, 1404, 4415, 1307, 2012, 1605, 4048, 1100, 3118, 2140, 3885, 3523, 4967, 2186, 304, 4136, 1625, 1830, 3732, 4499, 3642, 1552, 3158, 1474, 2216, 1091, 1273, 1465, 2792, 1567, 6191, 982, 1727, 870, 5046, 3077, 3935, 4551, 1469, 771, 2329, 2772, 4566, 4564, 1678, 838, 872, 5028, 5182, 1148, 2733, 493, 3049, 3183, 4349, 1630, 4834, 811, 8098, 2721, 3089, 1335, 1907, 2640, 934], [2968, 2978, 3339, 3855, 5051, 3040, 3303, 5322, 5557, 2579, 2977, 4477, 7672, 3181, 3029, 6793, 1253, 1271, 5717, 2930, 5231, 3663, 0, 4466, 4127, 3677, 2301, 3087, 8814, 2432, 4111, 6290, 3110, 1927, 7824, 2933, 5667, 2078, 3148, 3377, 7347, 4180, 2045, 4032, 2318, 3095, 2764, 7529, 1980, 6317, 1721, 3604, 3376, 2618, 6114, 5457, 5013, 2573, 5780, 1779, 5929, 3715, 3310, 2564, 880, 4954, 5671, 2117, 888, 4415, 567, 3811, 6196, 1664, 8594, 5240, 3498, 3008, 4177, 2887, 5559, 7808, 7156, 3984, 3911, 4612, 5516, 2841, 4861, 4941, 2954, 2127, 6315, 2939, 2710, 2898, 4695, 3813, 277, 1121, 2520, 3683, 3497, 3697, 5468, 3287, 2000, 2915, 3097, 3546, 4780, 4778, 3450, 3522, 6400, 5163, 3101, 2049, 6078, 3003, 5904, 1660, 3846, 3317, 2878, 3404, 2968], [2063, 2289, 2421, 888, 3267, 1966, 1191, 4419, 1103, 2306, 2052, 1306, 4054, 1559, 1811, 5236, 3454, 3208, 1364, 1683, 992, 1148, 4466, 0, 5415, 2205, 2465, 1685, 5962, 2639, 901, 4170, 6796, 2878, 5621, 1616, 4850, 2960, 1706, 1782, 6200, 2423, 2422, 2267, 2583, 2162, 1992, 3340, 2666, 5697, 4952, 1113, 7339, 2261, 1654, 1630, 2796, 4183, 2168, 3088, 2168, 3180, 2906, 2510, 5113, 876, 1662, 2355, 4984, 1778, 3965, 3213, 2818, 4588, 4546, 1043, 1450, 4164, 885, 1935, 4605, 4558, 2691, 2551, 4264, 2153, 2556, 2214, 615, 1799, 3938, 2528, 5586, 2111, 2868, 1593, 6175, 4189, 4743, 5457, 1976, 1838, 2040, 2409, 5581, 4565, 2608, 1927, 2014, 6168, 6312, 711, 3863, 987, 1976, 2274, 5488, 2562, 3994, 1928, 9230, 3188, 4198, 2466, 3054, 2401, 2063], [5503, 5700, 6140, 4535, 7863, 5501, 4904, 8605, 6081, 5250, 5504, 6338, 9464, 5274, 5336, 9899, 3399, 4202, 6702, 5014, 6403, 5501, 4127, 5415, 0, 6296, 3457, 3876, 11249, 5384, 5779, 3863, 3121, 4976, 10642, 4895, 9025, 5253, 5387, 5723, 10681, 6819, 4220, 3296, 5192, 5725, 5159, 6877, 4777, 9811, 5840, 5387, 3824, 5255, 6538, 5132, 7580, 1681, 7530, 3184, 5275, 6880, 6407, 5425, 3703, 6272, 7076, 4328, 4973, 6597, 4298, 6971, 5008, 5729, 9895, 5433, 5580, 1401, 4579, 3674, 8846, 9919, 7486, 6746, 7523, 6957, 7704, 5488, 6027, 6930, 6625, 4833, 2736, 5511, 5847, 4718, 8721, 7417, 4191, 4959, 4126, 6061, 3376, 3046, 9172, 977, 4718, 5304, 5609, 7671, 8821, 6088, 6997, 5044, 6572, 4176, 7195, 4736, 3727, 5421, 9831, 3200, 7447, 6150, 6118, 3015, 5503], [816, 709, 380, 2477, 1571, 800, 1592, 2433, 3075, 1161, 812, 1199, 4022, 1074, 963, 3609, 3248, 2556, 2755, 1297, 2281, 1136, 3677, 2205, 6296, 0, 2841, 2612, 5207, 1247, 1314, 6157, 6640, 1756, 4390, 1429, 2875, 1611, 927, 604, 4442, 542, 2136, 3856, 1373, 618, 1150, 5427, 1774, 3719, 3385, 1227, 7013, 1136, 3505, 3830, 1375, 4709, 2249, 3207, 4370, 976, 771, 1117, 4526, 1988, 2381, 2021, 3810, 863, 3113, 1012, 5001, 3021, 5050, 3238, 877, 4899, 2760, 2732, 2657, 4132, 4343, 460, 2063, 947, 1848, 885, 2098, 1402, 1887, 1650, 7247, 822, 1078, 1616, 3989, 1991, 3921, 4341, 2177, 372, 3354, 3800, 3430, 5329, 1789, 996, 697, 4177, 4126, 1913, 1695, 1586, 3916, 4319, 3513, 1750, 5960, 879, 7263, 3237, 1999, 420, 1097, 3627, 816], [2053, 2263, 2697, 1680, 4408, 2047, 1556, 5181, 3471, 1833, 2053, 3015, 6282, 1834, 1881, 6445, 1090, 1317, 3822, 1564, 3396, 2131, 2301, 2465, 3457, 2841, 0, 838, 7883, 2029, 2489, 4209, 4335, 1747, 7200, 1454, 5610, 2014, 1936, 2271, 7244, 3365, 849, 1800, 1838, 2276, 1707, 5260, 1486, 6419, 3445, 2025, 4877, 1830, 4025, 3179, 4140, 1906, 4305, 634, 3635, 3473, 3005, 2037, 2761, 3177, 3984, 936, 3052, 3198, 1960, 3560, 3901, 3163, 6953, 3041, 2156, 2060, 1954, 605, 5418, 6628, 5080, 3291, 4249, 3537, 4340, 2050, 2997, 3595, 3456, 1489, 4732, 2063, 2500, 1288, 5765, 4145, 2561, 3410, 679, 2614, 1223, 1513, 5882, 2491, 1409, 1850, 2155, 5130, 5885, 2985, 3721, 1743, 4251, 2877, 4508, 1408, 3993, 1965, 7922, 745, 4171, 2710, 2781, 1225, 2053], [1945, 2202, 2582, 851, 4115, 1899, 1062, 5041, 2646, 1882, 1941, 2464, 5639, 1540, 1695, 6179, 1916, 1962, 3048, 1353, 2654, 1650, 3087, 1685, 3876, 2612, 838, 0, 7375, 2176, 1904, 3787, 5128, 2085, 6814, 1209, 5481, 2305, 1696, 2009, 7047, 3082, 1240, 1339, 2014, 2161, 1635, 4445, 1806, 6320, 4036, 1535, 5691, 1859, 3197, 2371, 3770, 2516, 3678, 1469, 2851, 3420, 2986, 2125, 3594, 2468, 3284, 1252, 3778, 2748, 2684, 3494, 3192, 3717, 6221, 2204, 1785, 2545, 1117, 253, 5267, 6053, 4251, 3070, 4344, 3122, 3833, 2007, 2257, 3056, 3680, 1738, 4651, 1974, 2608, 1023, 6036, 4246, 3355, 4175, 721, 2308, 767, 1204, 5915, 2965, 1724, 1721, 2006, 5599, 6164, 2276, 3837, 1175, 3415, 2215, 4945, 1700, 3575, 1817, 8506, 1582, 4267, 2608, 2880, 1015, 1945], [6007, 5910, 5502, 6786, 3769, 5969, 6358, 3915, 5766, 6366, 6001, 4912, 2244, 6065, 6077, 2628, 8445, 7758, 4972, 6348, 5057, 5765, 8814, 5962, 11249, 5207, 7883, 7375, 0, 6419, 5472, 9838, 11840, 6936, 1405, 6440, 3828, 6745, 5994, 5673, 3074, 4672, 7301, 8227, 6567, 5823, 6314, 7146, 6978, 3887, 8038, 5875, 12184, 6340, 5630, 7040, 3833, 9788, 3798, 8350, 7356, 5143, 5510, 6305, 9684, 5090, 4378, 7187, 8754, 4687, 8261, 5052, 8086, 7743, 3071, 6420, 5732, 9897, 6846, 7579, 3758, 1481, 5416, 4844, 5427, 4364, 3550, 6090, 5365, 4320, 6179, 6855, 11488, 6020, 6105, 6597, 6562, 5479, 9034, 9275, 7208, 5324, 7942, 8346, 4872, 10324, 6995, 6150, 5879, 7811, 6652, 5253, 5657, 6208, 5926, 8026, 7388, 6956, 9704, 6036, 10371, 8397, 5450, 5518, 5951, 8291, 6007], [632, 555, 918, 2467, 2691, 728, 1536, 3235, 3703, 341, 643, 2174, 5256, 1082, 836, 4604, 2118, 1357, 3618, 1000, 3115, 1544, 2432, 2639, 5384, 1247, 2029, 2176, 6419, 0, 1963, 5958, 5423, 518, 5517, 1116, 3646, 385, 951, 1040, 5317, 1757, 1189, 3513, 194, 686, 661, 5975, 617, 4428, 2353, 1543, 5775, 384, 4218, 4098, 2595, 3728, 3412, 2204, 4642, 1506, 1035, 150, 3283, 2814, 3411, 1095, 2613, 2018, 1867, 1600, 5154, 1983, 6235, 3639, 1278, 3992, 2819, 2180, 3477, 5377, 5180, 1577, 2224, 2185, 3089, 474, 2812, 2559, 1506, 554, 6728, 588, 472, 1247, 3863, 2121, 2676, 3138, 1506, 1290, 2929, 3344, 3854, 4409, 668, 715, 738, 3568, 3992, 2673, 1699, 1689, 4585, 4287, 2892, 650, 5747, 736, 6603, 2202, 2146, 903, 753, 3102, 632], [1338, 1515, 1564, 1404, 2431, 1239, 936, 3544, 1801, 1665, 1326, 564, 3795, 943, 1147, 4454, 3291, 2848, 1661, 1182, 1158, 451, 4111, 901, 5779, 1314, 2489, 1904, 5472, 1963, 0, 4999, 6744, 2315, 4962, 1194, 3980, 2326, 1025, 974, 5391, 1531, 2137, 2884, 1960, 1374, 1391, 4142, 2165, 4831, 4315, 513, 7224, 1618, 2281, 2530, 1996, 4367, 1817, 3043, 3066, 2287, 2042, 1819, 4856, 861, 1570, 2040, 4495, 941, 3567, 2317, 3716, 3944, 4535, 1926, 686, 4439, 1596, 2115, 3739, 4159, 3219, 1651, 3376, 1332, 1936, 1497, 857, 1154, 3113, 2016, 6287, 1384, 2094, 1280, 5298, 3304, 4383, 4999, 1852, 954, 2504, 2931, 4683, 4863, 2128, 1272, 1253, 5380, 5436, 711, 2993, 751, 2670, 3116, 4704, 2079, 4814, 1229, 8461, 3119, 3311, 1610, 2242, 2840, 1338], [5651, 5917, 6236, 3681, 7424, 5585, 4604, 8533, 4074, 5653, 5644, 5472, 7681, 5162, 5376, 9403, 5064, 5522, 4871, 5060, 4866, 5028, 6290, 4170, 3863, 6157, 4209, 3787, 9838, 5958, 4999, 0, 6781, 5850, 9712, 4918, 8972, 6084, 5339, 5590, 10368, 6506, 4957, 2458, 5799, 5846, 5380, 3579, 5571, 9824, 7646, 4932, 7487, 5626, 4250, 2800, 6964, 4116, 6138, 4551, 2519, 7078, 6687, 5899, 6386, 4929, 5502, 4997, 7142, 5929, 6094, 7137, 1851, 7371, 7609, 3441, 5283, 3709, 3415, 3822, 8734, 8363, 4831, 6579, 8077, 6313, 6681, 5742, 4653, 5956, 7463, 5517, 1982, 5688, 6377, 4749, 9820, 7984, 6499, 7395, 4488, 5797, 3056, 2698, 9579, 3762, 5488, 5434, 5681, 9329, 9949, 4821, 7589, 4575, 4042, 1897, 8693, 5469, 217, 5510, 12110, 4660, 8002, 6270, 6642, 2985, 5651], [5857, 5933, 6339, 5975, 8104, 5908, 5822, 8431, 7764, 5485, 5865, 7216, 10502, 5913, 5835, 9899, 3465, 4085, 8155, 5629, 7725, 6331, 3110, 6796, 3121, 6640, 4335, 5128, 11840, 5423, 6744, 6781, 0, 4907, 10908, 5576, 8775, 5111, 5938, 6228, 10451, 7170, 4637, 5354, 5274, 6027, 5579, 9219, 4868, 9407, 4528, 6243, 711, 5514, 8306, 7207, 8010, 2874, 8540, 3724, 7529, 6804, 6379, 5536, 2240, 7495, 8290, 4745, 3541, 7271, 3621, 6901, 7498, 4623, 11266, 7253, 6255, 3168, 6190, 4876, 8668, 10740, 9352, 6999, 7005, 7531, 8418, 5761, 7327, 7753, 6053, 4996, 5855, 5839, 5767, 5467, 7525, 6910, 2952, 3201, 4904, 6567, 5081, 4995, 8517, 3026, 4857, 5743, 5988, 6113, 7585, 7304, 6556, 6030, 8481, 6498, 5875, 4899, 6611, 5851, 7480, 3636, 6943, 6325, 5961, 4791, 5857], [1057, 1053, 1435, 2547, 3203, 1138, 1702, 3693, 3971, 673, 1067, 2601, 5748, 1379, 1173, 5090, 1643, 854, 3971, 1198, 3470, 1871, 1927, 2878, 4976, 1756, 1747, 2085, 6936, 518, 2315, 5850, 4907, 0, 6025, 1267, 4092, 279, 1296, 1473, 5774, 2272, 911, 3393, 394, 1169, 925, 6174, 281, 4849, 2083, 1843, 5260, 716, 4506, 4219, 3111, 3304, 3876, 1799, 4752, 1974, 1514, 640, 2771, 3175, 3827, 856, 2185, 2496, 1361, 2070, 5205, 1727, 6699, 3823, 1649, 3598, 2904, 2030, 3935, 5887, 5502, 2093, 2556, 2687, 3591, 920, 3137, 3029, 1715, 370, 6477, 1023, 906, 1333, 4024, 2451, 2178, 2697, 1368, 1763, 2795, 3178, 4205, 4005, 363, 1049, 1182, 3519, 4146, 3018, 2027, 1893, 4851, 4279, 2861, 387, 5636, 1116, 6477, 1778, 2479, 1419, 1157, 2913, 1057], [5204, 5059, 4624, 6353, 2834, 5186, 5758, 2659, 5690, 5527, 5201, 4407, 2743, 5371, 5329, 1253, 7615, 6872, 4905, 5637, 4848, 5165, 7824, 5621, 10642, 4390, 7200, 6814, 1405, 5517, 4962, 9712, 10908, 6025, 0, 5751, 2499, 5803, 5266, 4932, 1712, 3851, 6525, 7833, 5685, 4998, 5537, 7448, 6113, 2485, 6878, 5280, 11196, 5508, 5691, 6938, 3063, 9090, 3585, 7596, 7335, 4110, 4531, 5422, 8703, 4797, 4235, 6410, 7664, 4068, 7292, 4014, 8075, 6610, 3925, 6279, 5064, 9256, 6484, 6989, 2469, 1958, 5737, 3969, 4205, 3694, 3067, 5258, 5076, 3841, 5035, 6006, 11204, 5208, 5144, 5925, 5187, 4270, 8024, 8171, 6524, 4587, 7463, 7893, 3488, 9687, 6143, 5379, 5085, 6492, 5273, 4925, 4505, 5644, 6052, 7835, 6111, 6109, 9556, 5262, 8980, 7625, 4238, 4630, 4950, 7791, 5204], [742, 1005, 1373, 1353, 2977, 691, 437, 3842, 2714, 779, 737, 1641, 4930, 381, 487, 5031, 2114, 1664, 2788, 146, 2299, 759, 2933, 1616, 4895, 1429, 1454, 1209, 6440, 1116, 1194, 4918, 5576, 1267, 5751, 0, 4281, 1379, 503, 834, 5869, 1931, 948, 2516, 1012, 953, 472, 4911, 1052, 5116, 3348, 682, 6040, 742, 3257, 2990, 2689, 3356, 2965, 1922, 3532, 2213, 1786, 1020, 3664, 2022, 2762, 848, 3382, 1757, 2401, 2285, 4040, 2989, 5724, 2562, 710, 3506, 1704, 1307, 4072, 5218, 4271, 1888, 3164, 2085, 2909, 825, 1934, 2192, 2583, 914, 5859, 775, 1477, 190, 4930, 3069, 3207, 3868, 775, 1167, 1971, 2412, 4712, 3937, 997, 520, 798, 4680, 5062, 1846, 2672, 630, 3591, 3190, 4005, 950, 4711, 609, 7698, 1982, 3088, 1399, 1731, 2217, 742], [3577, 3350, 2925, 5311, 1623, 3603, 4465, 444, 5399, 3783, 3578, 3559, 4077, 3944, 3798, 1264, 5733, 4931, 4770, 4142, 4468, 3963, 5667, 4850, 9025, 2875, 5610, 5481, 3828, 3646, 3980, 8972, 8775, 4092, 2499, 4281, 0, 3829, 3787, 3477, 1690, 2469, 4808, 6726, 3838, 3352, 3918, 7618, 4260, 853, 4496, 4067, 8980, 3782, 5641, 6441, 2137, 7374, 3554, 5849, 6946, 2146, 2619, 3601, 6536, 4270, 4122, 4703, 5361, 3075, 5184, 2056, 7643, 4269, 5406, 5787, 3739, 7628, 5559, 5586, 254, 3611, 6126, 2424, 1807, 2715, 2761, 3562, 4501, 3214, 2732, 4195, 10122, 3559, 3193, 4470, 2764, 1891, 5829, 5840, 4984, 3209, 6228, 6674, 1164, 8050, 4314, 3794, 3493, 3995, 2866, 4306, 2220, 4441, 6065, 7096, 3622, 4294, 8783, 3686, 6600, 5847, 1857, 2907, 2937, 6494, 3577], [1008, 935, 1263, 2705, 2994, 1101, 1814, 3434, 4039, 665, 1019, 2556, 5629, 1418, 1184, 4846, 1906, 1105, 3985, 1286, 3481, 1896, 2078, 2960, 5253, 1611, 2014, 2305, 6745, 385, 2326, 6084, 5111, 279, 5803, 1379, 3829, 0, 1304, 1420, 5513, 2104, 1171, 3627, 378, 1069, 970, 6283, 531, 4579, 2000, 1885, 5440, 712, 4563, 4363, 2936, 3579, 3795, 2077, 4902, 1726, 1277, 532, 2942, 3182, 3792, 1105, 2229, 2400, 1519, 1823, 5382, 1633, 6618, 3936, 1644, 3876, 3061, 2267, 3677, 5734, 5538, 1908, 2278, 2555, 3458, 853, 3168, 2942, 1443, 568, 6745, 966, 662, 1476, 3766, 2173, 2315, 2755, 1596, 1673, 3031, 3424, 3927, 4282, 611, 1059, 1119, 3327, 3890, 3036, 1749, 1988, 4921, 4477, 2660, 621, 5870, 1099, 6322, 2054, 2201, 1240, 895, 3164, 1008], [362, 611, 903, 1691, 2479, 270, 737, 3347, 2756, 641, 351, 1331, 4576, 179, 124, 4530, 2482, 1910, 2684, 375, 2181, 595, 3148, 1706, 5387, 927, 1936, 1696, 5994, 951, 1025, 5339, 5938, 1296, 5266, 503, 3787, 1304, 0, 337, 5368, 1434, 1316, 2974, 936, 514, 386, 5045, 1172, 4625, 3299, 597, 6368, 595, 3269, 3232, 2209, 3828, 2642, 2358, 3780, 1749, 1351, 813, 3936, 1884, 2538, 1203, 3479, 1336, 2591, 1815, 4342, 2930, 5448, 2727, 355, 3994, 2018, 1806, 3574, 4812, 4235, 1386, 2747, 1631, 2490, 509, 1866, 1823, 2268, 1023, 6343, 408, 1172, 690, 4576, 2657, 3414, 3990, 1262, 681, 2449, 2893, 4255, 4425, 1149, 249, 348, 4465, 4711, 1733, 2280, 816, 3638, 3557, 3786, 1100, 5136, 223, 7525, 2405, 2674, 935, 1385, 2708, 362], [419, 544, 663, 1916, 2144, 338, 998, 3035, 2769, 803, 408, 1137, 4308, 471, 405, 4198, 2785, 2170, 2600, 710, 2099, 638, 3377, 1782, 5723, 604, 2271, 2009, 5673, 1040, 974, 5590, 6228, 1473, 4932, 834, 3477, 1420, 337, 0, 5043, 1099, 1630, 3261, 1085, 402, 650, 5097, 1402, 4319, 3373, 698, 6641, 762, 3253, 3370, 1876, 4161, 2407, 2684, 3917, 1492, 1144, 891, 4188, 1796, 2373, 1515, 3642, 1049, 2813, 1549, 4513, 3002, 5227, 2822, 336, 4330, 2220, 2131, 3260, 4513, 4178, 1062, 2535, 1314, 2191, 568, 1828, 1565, 2159, 1258, 6646, 457, 1121, 1019, 4411, 2451, 3637, 4162, 1598, 351, 2752, 3198, 3991, 4761, 1393, 486, 303, 4412, 4547, 1671, 2099, 1019, 3642, 3776, 3734, 1348, 5390, 380, 7490, 2726, 2464, 704, 1278, 3023, 419], [5195, 4985, 4548, 6777, 2966, 5210, 6001, 2084, 6549, 5432, 5195, 4897, 4253, 5513, 5394, 1012, 7416, 6617, 5826, 5734, 5631, 5456, 7347, 6200, 10681, 4442, 7244, 7047, 3074, 5317, 5391, 10368, 10451, 5774, 1712, 5869, 1690, 5513, 5368, 5043, 0, 3970, 6462, 8234, 5507, 4971, 5540, 8581, 5933, 1122, 6102, 5567, 10638, 5428, 6680, 7707, 3406, 9041, 4496, 7515, 8172, 3813, 4285, 5263, 8212, 5495, 5140, 6354, 7003, 4451, 6871, 3719, 8898, 5903, 5525, 7039, 5269, 9282, 6985, 7173, 1842, 3544, 6945, 3983, 3453, 4062, 3782, 5198, 5756, 4433, 4400, 5861, 11646, 5183, 4872, 6057, 3849, 3546, 7502, 7465, 6601, 4741, 7772, 8218, 2194, 9706, 5984, 5406, 5101, 5322, 3907, 5574, 3899, 5947, 7082, 8473, 5078, 5961, 10190, 5293, 7501, 7518, 3512, 4536, 4620, 8060, 5195], [1357, 1239, 842, 2844, 1047, 1336, 2032, 2028, 3147, 1698, 1352, 1207, 3578, 1560, 1485, 3104, 3788, 3087, 2697, 1807, 2270, 1499, 4180, 2423, 6819, 542, 3365, 3082, 4672, 1757, 1531, 6506, 7170, 2272, 3851, 1931, 2469, 2104, 1434, 1099, 3970, 0, 2675, 4275, 1897, 1158, 1686, 5482, 2307, 3321, 3750, 1606, 7531, 1675, 3513, 4045, 841, 5243, 1939, 3746, 4571, 962, 1022, 