{'nodes': [(0, 8.096, 7.64, 0, 48000, 0, False), (1, 1.0, 8.0, 23312, 28348, 20, False), (2, 6.5, 1.5, 16950, 24458, 50, True), (3, 6.5, 1.5, 11551, 16500, 30, True), (4, 6.0, 4.0, 715, 6001, 50, True), (5, 9.5, 5.5, 26866, 36331, 40, True), (6, 3.5, 4.5, 15607, 21261, 10, True), (7, 4.5, 5.0, 29847, 34370, 40, True), (8, 12.0, 8.5, 32997, 37369, 10, True), (9, 6.5, 5.0, 32882, 41747, 30, True), (10, 0, 8.0, 31867, 37563, 30, True), (11, 0, 11.0, 26977, 32557, 50, True), (12, 10.5, 13.0, 0, 6429, 50, True), (13, 11.5, 5.0, 7436, 13572, 20, False), (14, 0, 12.5, 17485, 22381, 30, True), (15, 7.0, 4.0, 10188, 14199, 20, True), (16, 14.0, 4.0, 13867, 21704, 50, True), (17, 7.0, 7.0, 20337, 21436, 10, True), (18, 9.0, 4.5, 29840, 35140, 20, True), (19, 9.0, 14.0, 0, 5926, 30, True), (20, 3.0, 3.5, 16039, 22815, 20, True), (21, 12.0, 2.5, 8853, 16735, 10, True), (22, 2.5, 0.5, 23047, 26255, 30, True), (23, 1.0, 0.5, 31551, 37650, 20, True), (24, 13.5, 0, 35473, 41404, 50, True), (25, 12.5, 9.0, 2972, 8054, 20, True), (26, 4.5, 8.0, 25462, 31142, 40, True), (27, 10.5, 14.0, 6955, 13156, 40, True), (28, 6.5, 2.0, 21480, 25906, 40, True), (29, 10.5, 8.5, 29798, 35311, 40, True), (30, 10.5, 1.5, 39989, 46442, 50, True), (31, 14.0, 13.0, 6455, 11773, 20, True), (32, 1.5, 1.5, 41683, 47395, 30, True), (33, 9.0, 11.5, 19208, 22948, 40, True), (34, 13.5, 10.0, 39295, 44791, 40, True), (35, 13.0, 0.5, 35362, 41864, 20, False), (36, 10.0, 4.0, 12815, 18662, 20, False), (37, 13.0, 12.0, 29376, 35114, 30, False), (38, 11.0, 14.0, 35737, 42483, 10, True), (39, 10.5, 2.0, 40071, 46937, 10, True), (40, 8.5, 3.5, 15504, 25055, 50, False), (41, 10.5, 5.5, 30589, 34075, 10, True), (42, 8.5, 11.0, 12776, 17688, 10, True), (43, 8.5, 8.0, 18129, 24258, 10, True), (44, 7.0, 6.0, 32799, 38638, 20, True), (45, 13.5, 3.5, 30048, 35647, 20, True), (46, 8.0, 3.5, 7505, 11660, 30, True), (47, 11.5, 6.0, 18066, 25107, 20, True), (48, 9.0, 3.0, 0, 5855, 20, True), (49, 6.5, 1.0, 32093, 34169, 10, True), (50, 6.5, 8.5, 8186, 13098, 10, True), (51, 1.0, 8.5, 38430, 43037, 40, True), (52, 13.5, 14.0, 29110, 37561, 10, True), (53, 9.0, 8.5, 16894, 25112, 10, True), (54, 0.5, 6.5, 12453, 19321, 30, True), (55, 2.0, 13.0, 5424, 13013, 10, True), (56, 14.5, 12.5, 544, 11955, 20, True), (57, 13.5, 11.0, 44491, 47477, 10, True), (58, 7.5, 6.5, 10628, 16087, 20, True), (59, 9.0, 10.0, 31344, 33605, 50, True), (60, 8.0, 8.5, 42650, 45034, 40, True), (61, 6.5, 14.0, 38356, 43642, 20, True), (62, 11.5, 4.0, 17018, 23923, 20, False), (63, 2.0, 13.5, 8497, 14962, 20, True), (64, 9.0, 10.0, 32328, 38088, 50, True), (65, 11.5, 11.0, 5201, 12036, 30, True), (66, 2.0, 14.5, 10410, 19074, 50, True), (67, 14.5, 9.0, 35617, 40784, 20, True), (68, 13.5, 9.5, 597, 3740, 20, True), (69, 12.5, 12.5, 29101, 34279, 50, True), (70, 8.5, 1.0, 25813, 35146, 40, True), (71, 15.0, 11.0, 2747, 7552, 50, True), (72, 14.0, 4.5, 20292, 26195, 30, True), (73, 11.0, 7.5, 36518, 41890, 50, True), (74, 10.0, 13.5, 38896, 42535, 40, True), (75, 6.5, 8.5, 11431, 14701, 20, False), (76, 3.5, 0.5, 31905, 37105, 10, True), (77, 7.0, 14.5, 15922, 24417, 20, True), (78, 8.0, 7.0, 13066, 19491, 30, True), (79, 3.5, 9.5, 38885, 46508, 20, True), (80, 14.0, 11.0, 36724, 45975, 10, True), (81, 8.5, 3.5, 22428, 28667, 30, True), (82, 3.5, 15.0, 4276, 8626, 30, False), (83, 0, 10.5, 38819, 43474, 10, True), (84, 0, 9.5, 0, 6126, 50, True), (85, 6.5, 13.5, 18070, 25129, 20, True), (86, 11.5, 6.0, 21694, 27575, 50, True), (87, 9.0, 10.5, 23382, 29730, 30, True), (88, 2.5, 0, 36792, 43296, 40, True), (89, 3.0, 14.5, 25872, 31851, 50, True), (90, 15.0, 3.0, 31731, 36324, 20, True), (91, 14.0, 10.0, 13795, 17691, 50, True), (92, 13.0, 12.5, 29996, 37050, 40, True), (93, 9.5, 6.0, 29592, 33728, 10, True), (94, 0, 10.5, 11312, 16511, 40, True), (95, 0, 7.5, 18886, 24650, 40, False), (96, 14.0, 7.5, 31602, 40800, 30, True), (97, 2.0, 2.0, 17853, 24915, 40, True), (98, 14.0, 0.5, 1589, 8088, 50, True), (99, 14.0, 4.0, 849, 7408, 30, True), (100, 4.0, 12.5, 21636, 25758, 20, True), (101, 13.0, 8.0, 31829, 38371, 10, True), (102, 5.0, 5.0, 23720, 27971, 10, True), (103, 12.0, 5.5, 32525, 39641, 40, True), (104, 13.0, 15.0, 38121, 43078, 10, True), (105, 4.5, 12.0, 41911, 46908, 50, False), (106, 6.0, 1.5, 23856, 30460, 10, True), (107, 7.5, 13.5, 35058, 40878, 20, True), (108, 6.5, 7.0, 1484, 10595, 10, False), (109, 11.0, 14.5, 42436, 46767, 10, True), (110, 13.5, 1.5, 12155, 19477, 40, True), (111, 9.0, 11.0, 21272, 26579, 40, True), (112, 4.0, 0.5, 32074, 38745, 30, True), (113, 9.0, 12.0, 40090, 42486, 10, True), (114, 0, 12.0, 16363, 23832, 50, True), (115, 12.0, 4.5, 7919, 13823, 20, True), (116, 10.5, 6.5, 8171, 14594, 50, True), (117, 3.5, 3.0, 26267, 33240, 40, True), (118, 4.5, 3.5, 0, 9523, 30, True), (119, 14.5, 14.5, 20834, 26749, 20, True), (120, 2.5, 12.5, 38699, 44392, 20, True), (121, 8.0, 11.0, 21646, 24566, 20, True), (122, 15.0, 13.0, 2371, 9318, 10, True), (123, 2.5, 1.0, 11487, 17777, 30, True), (124, 13.5, 11.5, 6020, 10775, 30, True), (125, 0.5, 6.0, 25379, 33230, 20, True), (126, 8.096, 7.64, 0, 48000, 0, False)], 'F': 20.0, 'ct': 0.083, 'cd': 0.021, 'truck_cap': 100, 'drone_cap': 20, 'truck_speed': 40, 'drone_speed': 40, 'a': 1, 'b': 2, 'max_flight_time': 30, 'ttt': [[0, 2133, 1904, 1904, 1261, 769, 1671, 1339, 1200, 926, 2432, 2631, 1763, 1293, 2834, 1141, 2082, 382, 981, 1928, 1971, 1937, 2722, 3021, 2808, 1384, 1085, 2041, 1759, 767, 1979, 2393, 2704, 1190, 1770, 2600, 1233, 1970, 2098, 1840, 1249, 967, 1016, 163, 593, 2043, 1243, 1135, 1419, 2050, 545, 2145, 2505, 375, 2305, 2436, 2413, 1910, 387, 759, 261, 1968, 1496, 2538, 759, 1436, 2754, 1965, 1716, 1969, 1997, 2304, 2007, 873, 1849, 545, 2548, 2085, 195, 1488, 2039, 1249, 2604, 2577, 2493, 1823, 1135, 901, 2842, 2565, 2497, 1908, 2072, 649, 2577, 2430, 1773, 2492, 2780, 2082, 1908, 1476, 1222, 1337, 2654, 1696, 1947, 1768, 517, 2236, 2455, 1045, 2470, 1337, 2760, 1504, 799, 1960, 1646, 2816, 2225, 1009, 2623, 2606, 1993, 2332, 1], [2133, 0, 2555, 2555, 1922, 2659, 1291, 1384, 3304, 1880, 301, 950, 3222, 3277, 1384, 2164, 4081, 1826, 2621, 3001, 1478, 3691, 2296, 2251, 4453, 3464, 1051, 3372, 2443, 2855, 3454, 4180, 1957, 2621, 3799, 4246, 2956, 3796, 3500, 3372, 2625, 2948, 2424, 2251, 1898, 3987, 2497, 3208, 2831, 2672, 1658, 151, 4161, 2406, 475, 1531, 4270, 3857, 2002, 2475, 2106, 2443, 3372, 1678, 2475, 3277, 1974, 4062, 3778, 3706, 3079, 4296, 4040, 3005, 3165, 1658, 2373, 2655, 2122, 876, 4003, 2625, 2231, 809, 542, 2334, 3208, 2515, 2443, 2041, 4461, 3947, 3846, 2621, 809, 336, 3904, 1826, 4503, 4081, 1623, 3601, 1501, 3385, 4169, 1596, 2461, 2555, 1678, 3579, 4228, 2564, 2424, 2684, 1238, 3464, 2886, 1678, 1711, 4496, 1424, 2286, 4461, 2149, 3895, 619, 2133], [1904, 2555, 0, 1, 766, 1501, 1274, 1210, 2672, 1051, 2759, 3454, 3654, 1832, 3834, 766, 2373, 1658, 1173, 3825, 1210, 1678, 1238, 1678, 2149, 2882, 2041, 3938, 151, 2420, 1201, 4120, 1501, 3093, 3304, 1974, 1291, 3706, 3987, 1210, 850, 1698, 2913, 2041, 1359, 2185, 751, 2019, 876, 151, 2101, 2672, 4299, 2231, 2344, 3706, 4081, 3541, 1531, 2659, 2149, 3751, 1678, 3846, 2659, 3222, 4128, 3291, 3190, 3760, 619, 3825, 2424, 2251, 3751, 2101, 950, 3904, 1711, 2564, 3632, 850, 4150, 3332, 3093, 3601, 2019, 2803, 1283, 4040, 2590, 3402, 3834, 1623, 3332, 2655, 2882, 1359, 2271, 2373, 3385, 2759, 1143, 2041, 4496, 3208, 151, 3613, 1651, 4128, 2101, 2948, 809, 3239, 3706, 1880, 1922, 1007, 850, 4580, 3512, 2886, 4291, 1210, 3663, 2251, 1904], [1904, 2555, 1, 0, 766, 1501, 1274, 1210, 2672, 1051, 2759, 3454, 3654, 1832, 3834, 766, 2373, 1658, 1173, 3825, 1210, 1678, 1238, 1678, 2149, 2882, 2041, 3938, 151, 2420, 1201, 4120, 1501, 3093, 3304, 1974, 1291, 3706, 3987, 1210, 850, 1698, 2913, 2041, 1359, 2185, 751, 2019, 876, 151, 2101, 2672, 4299, 2231, 2344, 3706, 4081, 3541, 1531, 2659, 2149, 3751, 1678, 3846, 2659, 3222, 4128, 3291, 3190, 3760, 619, 3825, 2424, 2251, 3751, 2101, 950, 3904, 1711, 2564, 3632, 850, 4150, 3332, 3093, 3601, 2019, 2803, 1283, 4040, 2590, 3402, 3834, 1623, 3332, 2655, 2882, 1359, 2271, 2373, 3385, 2759, 1143, 2041, 4496, 3208, 151, 3613, 1651, 4128, 2101, 2948, 809, 3239, 3706, 1880, 1922, 1007, 850, 4580, 3512, 2886, 4291, 1210, 3663, 2251, 1904], [1261, 1922, 766, 766, 0, 1143, 766, 542, 2251, 336, 2164, 2767, 3020, 1678, 3122, 301, 2401, 950, 913, 3133, 913, 1856, 1486, 1832, 2551, 2461, 1283, 3291, 619, 1910, 1545, 3613, 1545, 2424, 2882, 2349, 1201, 3190, 3355, 1478, 766, 1424, 2231, 1416, 672, 2256, 619, 1757, 950, 913, 1359, 2019, 3751, 1623, 1813, 2956, 3607, 3079, 876, 2013, 1478, 3005, 1651, 3093, 2013, 2672, 3372, 2959, 2791, 3211, 1173, 3422, 2406, 1832, 3093, 1359, 1291, 3165, 1083, 1813, 3190, 766, 3385, 2655, 2443, 2855, 1757, 2149, 1596, 3277, 2718, 3001, 3304, 1210, 2655, 2085, 2621, 1343, 2621, 2401, 2621, 2420, 425, 1856, 3913, 2443, 751, 2886, 913, 3490, 2373, 2286, 1210, 2564, 3001, 1807, 1545, 809, 475, 4054, 2759, 2185, 3819, 1384, 3183, 1757, 1261], [769, 2659, 1501, 1501, 1143, 0, 1826, 1508, 1173, 913, 2948, 3294, 2271, 619, 3541, 876, 1424, 876, 336, 2555, 2041, 1173, 2582, 2959, 2041, 1384, 1678, 2569, 1384, 950, 1238, 2625, 2684, 1807, 1807, 1832, 475, 2216, 2590, 1093, 672, 301, 1678, 809, 766, 1343, 751, 619, 766, 1623, 1274, 2705, 2819, 913, 2718, 3183, 2582, 2041, 672, 1359, 1007, 2705, 751, 3291, 1359, 1757, 3516, 1832, 1698, 2286, 1384, 2334, 1384, 751, 2406, 1274, 2344, 2803, 637, 2164, 2133, 672, 3372, 3222, 3093, 2564, 619, 1508, 2672, 3332, 1813, 1910, 2349, 151, 3222, 2913, 1478, 2484, 2019, 1424, 2672, 1291, 1359, 751, 3038, 2461, 1596, 2475, 1007, 2738, 1698, 1658, 2231, 1957, 3454, 809, 425, 1951, 1617, 3090, 2971, 1711, 2791, 2497, 2164, 2705, 769], [1671, 1291, 1274, 1274, 766, 1826, 0, 336, 2819, 913, 1486, 2216, 3304, 2406, 2621, 1062, 3155, 1291, 1651, 3294, 336, 2621, 1238, 1416, 3291, 3020, 1093, 3541, 1173, 2420, 2286, 4054, 1083, 2672, 3425, 3093, 1957, 3632, 3632, 2231, 1531, 2122, 2461, 1832, 1143, 3016, 1384, 2443, 1711, 1384, 1501, 1416, 4139, 2041, 1083, 2590, 4081, 3579, 1343, 2334, 1807, 2990, 2406, 2738, 2334, 3093, 3035, 3566, 3355, 3613, 1832, 3964, 3151, 2424, 3332, 1501, 1201, 3179, 1545, 1501, 3706, 1531, 3151, 2085, 1832, 2847, 2443, 2443, 1384, 3005, 3480, 3557, 3727, 1856, 2085, 1384, 3277, 876, 3372, 3155, 2406, 3038, 475, 2569, 4249, 2271, 1173, 2956, 1173, 3751, 3133, 2555, 1210, 2791, 2484, 2551, 2185, 451, 425, 4461, 2420, 2373, 4291, 1093, 3663, 1007, 1671], [1339, 1384, 1210, 1210, 542, 1508, 336, 0, 2484, 601, 1623, 2251, 3001, 2101, 2625, 809, 2867, 961, 1359, 3020, 637, 2373, 1478, 1711, 3090, 2684, 901, 3246, 1083, 2085, 2085, 3727, 1384, 2373, 3090, 2886, 1678, 3304, 3332, 2013, 1283, 1807, 2164, 1501, 809, 2738, 1143, 2122, 1478, 1343, 1210, 1486, 3819, 1711, 1283, 2515, 3751, 3246, 1007, 2019, 1486, 2767, 2122, 2659, 2019, 2767, 2948, 3232, 3020, 3291, 1698, 3629, 2855, 2090, 3038, 1210, 1384, 2948, 1210, 1384, 3372, 1283, 3016, 2133, 1910, 2621, 2122, 2133, 1617, 2886, 3208, 3222, 3402, 1531, 2133, 1545, 2948, 1173, 3155, 2867, 2256, 2705, 151, 2256, 3938, 2101, 1143, 2705, 850, 3454, 2898, 2251, 1359, 2497, 2497, 2256, 1856, 672, 451, 4139, 2330, 2085, 3961, 1343, 3332, 1238, 1339], [1200, 3304, 2672, 2672, 2251, 1173, 2819, 2484, 0, 1957, 3604, 3678, 1424, 1062, 3796, 2019, 1478, 1567, 1501, 1880, 3090, 1801, 3727, 4081, 2590, 213, 2256, 1711, 2555, 451, 2149, 1478, 3787, 1274, 637, 2420, 1478, 1093, 1678, 2002, 1832, 1007, 1291, 1062, 1678, 1567, 1922, 766, 1880, 2791, 1651, 3301, 1711, 901, 3503, 3291, 1416, 876, 1478, 1007, 1201, 2334, 1359, 3355, 1007, 766, 3500, 766, 542, 1210, 2484, 1173, 1343, 425, 1617, 1651, 3503, 2344, 1283, 2569, 961, 1832, 3211, 3651, 3613, 2231, 766, 1083, 3825, 3246, 1880, 751, 1238, 1062, 3651, 3613, 672, 3579, 2475, 1478, 2684, 336, 2349, 901, 1974, 2484, 2767, 2019, 1711, 1826, 2149, 1173, 3395, 1384, 3751, 1201, 751, 3038, 2705, 1951, 3093, 1416, 1623, 3632, 1007, 3532, 1200], [926, 1880, 1051, 1051, 336, 913, 913, 601, 1957, 0, 2149, 2655, 2684, 1501, 2978, 336, 2271, 619, 766, 2803, 1143, 1813, 1807, 2133, 2582, 2164, 1083, 2956, 901, 1596, 1596, 3291, 1832, 2090, 2582, 2373, 1093, 2867, 3020, 1501, 751, 1210, 1898, 1083, 336, 2149, 637, 1531, 961, 1201, 1051, 1957, 3422, 1291, 1856, 2755, 3291, 2767, 542, 1678, 1143, 2701, 1531, 2886, 1678, 2344, 3155, 2684, 2497, 2882, 1343, 3122, 2256, 1545, 2759, 1051, 1623, 2855, 751, 1623, 2882, 751, 3133, 2555, 2373, 2551, 1531, 1813, 1922, 3038, 2621, 2705, 2978, 950, 2555, 2090, 2373, 1623, 2625, 2271, 2373, 2149, 451, 1658, 3579, 2185, 1062, 2569, 601, 3155, 2349, 1951, 1545, 2231, 2867, 1658, 1283, 1083, 751, 3727, 2551, 1856, 3503, 1698, 2867, 1826, 926], [2432, 301, 2759, 2759, 2164, 2948, 1486, 1623, 3604, 2149, 0, 901, 3490, 3566, 1351, 2420, 4369, 2122, 2898, 3246, 1623, 3961, 2373, 2271, 4709, 3763, 1351, 3629, 2655, 3155, 3706, 4461, 2002, 2898, 4095, 4503, 3232, 4081, 3760, 3629, 2886, 3239, 2705, 2551, 2185, 4270, 2755, 3503, 3090, 2867, 1957, 336, 4433, 2705, 475, 1617, 4556, 4150, 2296, 2767, 2406, 2655, 3654, 1757, 2767, 3566, 2041, 4361, 4076, 3987, 3304, 4590, 4330, 3304, 3425, 1957, 2484, 2867, 2420, 1143, 4296, 2886, 2349, 751, 451, 2555, 3503, 2803, 2515, 2149, 4744, 4244, 4128, 2913, 751, 151, 4204, 1898, 4766, 4369, 1807, 3901, 1750, 3678, 4430, 1807, 2655, 2791, 1974, 3834, 4496, 2847, 2551, 2956, 1201, 3751, 3183, 1832, 1910, 4768, 1545, 2564, 4744, 2231, 4185, 619, 2432], [2631, 950, 3454, 3454, 2767, 3294, 2216, 2251, 3678, 2655, 901, 0, 3208, 3892, 451, 2971, 4697, 2420, 3332, 2847, 2424, 4413, 3239, 3165, 5225, 3799, 1623, 3277, 3332, 3239, 4249, 4244, 2886, 2705, 4062, 5014, 3663, 3913, 3422, 4150, 3402, 3557, 2551, 2705, 2582, 4634, 3291, 3763, 3613, 3579, 2090, 809, 4150, 2803, 1359, 850, 4374, 4051, 2625, 2718, 2515, 2149, 4040, 961, 2718, 3451, 1210, 4392, 4076, 3778, 3938, 4501, 4632, 3464, 3093, 2090, 3321, 2349, 2684, 1143, 4201, 3402, 1596, 151, 451, 2090, 3763, 2705, 3385, 1384, 5101, 4212, 3927, 3222, 151, 1051, 4330, 2767, 5251, 4697, 1283, 4003, 2344, 3961, 4081, 1384, 3372, 2373, 2291, 3464, 4953, 2701, 3372, 2718, 301, 4095, 3428, 2621, 2625, 4476, 876, 2401, 4541, 3093, 4054, 1508, 2631], [1763, 3222, 3654, 3654, 3020, 2271, 3304, 3001, 1424, 2684, 3490, 3208, 0, 2420, 3155, 2898, 2898, 2085, 2590, 542, 3632, 3183, 4453, 4711, 4003, 1343, 2344, 301, 3512, 1351, 3451, 1051, 4382, 637, 1274, 3825, 2705, 809, 336, 3301, 2913, 2251, 850, 1617, 2349, 2990, 2948, 2122, 3035, 3796, 1807, 3155, 950, 1424, 3579, 2551, 1210, 1083, 2149, 1007, 1545, 1238, 2718, 2555, 1007, 672, 2590, 1698, 1384, 619, 3651, 1478, 2759, 1658, 213, 1807, 4299, 1143, 1951, 2349, 1210, 2913, 2185, 3239, 3321, 1210, 2122, 876, 4580, 2296, 3291, 1384, 766, 2122, 3239, 3557, 1957, 4171, 3895, 2898, 1957, 1678, 2913, 2296, 961, 1826, 3706, 913, 2164, 475, 3566, 751, 4228, 542, 3165, 2590, 1951, 3663, 3372, 1283, 2406, 961, 1351, 4328, 1007, 3663, 1763], [1293, 3277, 1832, 1832, 1678, 619, 2406, 2101, 1062, 1501, 3566, 3892, 2420, 0, 4120, 1384, 809, 1478, 766, 2803, 2590, 766, 3020, 3428, 1617, 1238, 2286, 2718, 1750, 1093, 1093, 2515, 3179, 2090, 1617, 1424, 542, 2149, 2705, 950, 1007, 336, 2013, 1274, 1384, 751, 1143, 301, 961, 1922, 1832, 3321, 2767, 1291, 3332, 3727, 2424, 1898, 1283, 1678, 1486, 3090, 301, 3825, 1678, 1801, 4032, 1501, 1478, 2271, 1501, 2085, 766, 766, 2590, 1832, 2755, 3155, 1210, 2755, 1951, 1007, 3843, 3825, 3706, 2959, 301, 1813, 3090, 3825, 1210, 1678, 2296, 672, 3825, 3532, 1062, 2990, 1545, 809, 3183, 1007, 1951, 213, 3035, 2971, 1957, 2819, 1617, 2855, 1210, 1951, 2625, 2231, 4040, 213, 542, 2475, 2149, 2990, 3516, 2085, 2621, 2956, 2041, 3315, 1293], [2834, 1384, 3834, 3834, 3122, 3541, 2621, 2625, 3796, 2978, 1351, 451, 3155, 4120, 0, 3304, 4915, 2672, 3613, 2738, 2847, 4687, 3678, 3613, 5521, 3895, 1910, 3183, 3706, 3372, 4563, 4204, 3332, 2718, 4120, 5309, 3938, 3904, 3332, 4456, 3715, 3787, 2590, 2886, 2867, 4868, 3613, 3964, 3927, 3964, 2291, 1238, 4076, 2956, 1807, 619, 4351, 4076, 2882, 2803, 2684, 2002, 4291, 672, 2803, 3480, 850, 4476, 4150, 3751, 4291, 4523, 4838, 3626, 3016, 2291, 3751, 2185, 2913, 1384, 4225, 3715, 1291, 601, 901, 1974, 3964, 2767, 3825, 1083, 5328, 4267, 3901, 3454, 601, 1501, 4461, 3208, 5533, 4915, 1201, 4128, 2705, 4169, 3972, 1359, 3760, 2271, 2555, 3355, 5225, 2738, 3796, 2705, 151, 4328, 3629, 3038, 3020, 4392, 751, 2443, 4503, 3532, 4062, 1957, 2834], [1141, 2164, 766, 766, 301, 876, 1062, 809, 2019, 336, 2420, 2971, 2898, 1384, 3304, 0, 2101, 901, 619, 3060, 1210, 1567, 1711, 2085, 2291, 2231, 1416, 3179, 619, 1711, 1291, 3422, 1813, 2330, 2655, 2085, 901, 3001, 3232, 1210, 475, 1143, 2149, 1283, 601, 1957, 336, 1478, 672, 913, 1359, 2251, 3579, 1478, 2090, 3090, 3402, 2867, 766, 1898, 1384, 3005, 1351, 3222, 1898, 2497, 3490, 2705, 2555, 3038, 1007, 3190, 2106, 1596, 2990, 1359, 1486, 3151, 950, 1957, 2971, 475, 3464, 2867, 2672, 2855, 1478, 2041, 1807, 3372, 2420, 2767, 3122, 961, 2867, 2349, 2349, 1617, 2349, 2101, 2705, 2164, 672, 1567, 3760, 2515, 809, 2855, 913, 3372, 2090, 2185, 1384, 2475, 3190, 1508, 1291, 1093, 766, 3872, 2886, 2122, 3613, 1623, 2978, 2041, 1141], [2082, 4081, 2373, 2373, 2401, 1424, 3155, 2867, 1478, 2271, 4369, 4697, 2898, 809, 4915, 2101, 0, 2286, 1508, 3355, 3304, 751, 3607, 4040, 1210, 1567, 3093, 3179, 2330, 1711, 1291, 2701, 3825, 2705, 1807, 1093, 1201, 2420, 3133, 1210, 1658, 1143, 2672, 2041, 2185, 213, 1807, 961, 1531, 2424, 2625, 4128, 3005, 2019, 4120, 4501, 2555, 2106, 2090, 2344, 2251, 3751, 751, 4593, 2344, 2231, 4785, 1508, 1658, 2590, 1880, 2122, 151, 1384, 3093, 2625, 3321, 3787, 2013, 3557, 2101, 1658, 4563, 4632, 4513, 3632, 961, 2461, 3654, 4563, 425, 1801, 2569, 1478, 4632, 4330, 1051, 3651, 1051, 1, 3938, 1238, 2718, 751, 3315, 3727, 2515, 3454, 2424, 3277, 766, 2582, 3179, 2831, 4838, 619, 1291, 3165, 2855, 3155, 4291, 2767, 2718, 3566, 2256, 4095, 2082], [382, 1826, 1658, 1658, 950, 876, 1291, 961, 1567, 619, 2122, 2420, 2085, 1478, 2672, 901, 2286, 0, 961, 2185, 1596, 2019, 2373, 2655, 2867, 1757, 809, 2349, 1508, 1143, 1957, 2767, 2334, 1478, 2149, 2655, 1274, 2344, 2420, 1832, 1143, 1143, 1283, 542, 301, 2216, 1093, 1384, 1343, 1807, 475, 1856, 2867, 751, 1957, 2344, 2791, 2291, 213, 1083, 542, 2106, 1623, 2461, 1083, 1807, 2705, 2330, 2090, 2334, 1856, 2684, 2231, 1210, 2149, 475, 2216, 2251, 301, 1291, 2420, 1143, 2621, 2349, 2231, 1957, 1384, 1210, 2497, 2551, 2684, 2286, 2443, 809, 2349, 2106, 2106, 2122, 2867, 2286, 1880, 1826, 850, 1567, 3001, 1678, 1678, 1957, 151, 2551, 2555, 1343, 2149, 1617, 2582, 1678, 1062, 1596, 1291, 3183, 2133, 1238, 3001, 2251, 2373, 1974, 382], [981, 2621, 1173, 1173, 913, 336, 1651, 1359, 1501, 766, 2898, 3332, 2590, 766, 3613, 619, 1508, 961, 0, 2851, 1826, 1083, 2291, 2684, 1910, 1711, 1711, 2886, 1062, 1283, 1007, 2959, 2424, 2101, 2133, 1698, 336, 2551, 2913, 876, 336, 542, 1957, 1062, 751, 1384, 425, 876, 451, 1291, 1416, 2684, 3155, 1201, 2621, 3304, 2913, 2373, 751, 1651, 1238, 2948, 766, 3422, 1651, 2090, 3663, 2133, 2019, 2621, 1062, 2655, 1501, 1083, 2718, 1416, 2041, 3060, 809, 2231, 2461, 336, 3557, 3246, 3090, 2803, 876, 1801, 2373, 3500, 1856, 2231, 2684, 475, 3246, 2847, 1750, 2231, 1922, 1508, 2831, 1596, 1210, 950, 3372, 2625, 1274, 2738, 1062, 3060, 1623, 1951, 1922, 2251, 3516, 901, 751, 1711, 1384, 3425, 3093, 1974, 3122, 2216, 2497, 2590, 981], [1928, 3001, 3825, 3825, 3133, 2555, 3294, 3020, 1880, 2803, 3246, 2847, 542, 2803, 2738, 3060, 3355, 2185, 2851, 0, 3629, 3566, 4496, 4709, 4413, 1832, 2251, 451, 3678, 1711, 3778, 1531, 4374, 751, 1807, 4225, 3016, 1343, 601, 3629, 3155, 2590, 913, 1807, 2475, 3428, 3165, 2515, 3301, 3972, 1813, 2913, 1351, 1651, 3402, 2122, 1711, 1623, 2296, 1201, 1678, 751, 3093, 2106, 1201, 1173, 2106, 2231, 1910, 1143, 3904, 2013, 3222, 2041, 336, 1813, 4374, 619, 2122, 2133, 1750, 3155, 1678, 2898, 3020, 766, 2515, 1051, 4632, 1807, 3760, 1922, 1283, 2406, 2898, 3332, 2461, 4169, 4320, 3355, 1567, 2164, 2956, 2705, 1238, 1478, 3857, 475, 2231, 619, 3987, 901, 4320, 601, 2767, 2990, 2296, 3691, 3428, 1658, 2002, 950, 1826, 4361, 1545, 3503, 1928], [1971, 1478, 1210, 1210, 913, 2041, 336, 637, 3090, 1143, 1623, 2424, 3632, 2590, 2847, 1210, 3304, 1596, 1826, 3629, 0, 2718, 913, 1083, 3321, 3294, 1424, 3872, 1143, 2705, 2330, 4361, 751, 3001, 3706, 3133, 2106, 3938, 3961, 2296, 1651, 2330, 2791, 2133, 1416, 3151, 1501, 2659, 1807, 1291, 1832, 1617, 4456, 2344, 1173, 2867, 4382, 3872, 1623, 2655, 2122, 3321, 2555, 3016, 2655, 3402, 3315, 3825, 3629, 3927, 1813, 4246, 3315, 2684, 3663, 1832, 913, 3512, 1832, 1807, 3995, 1651, 3454, 2286, 2013, 3179, 2659, 2767, 1062, 3301, 3604, 3834, 4037, 2090, 2286, 1501, 3512, 542, 3422, 3304, 2718, 3291, 751, 2767, 4573, 2590, 1083, 3291, 1486, 4081, 3208, 2882, 950, 3122, 2705, 2718, 2424, 213, 451, 4775, 2705, 2705, 4593, 766, 3961, 1062, 1971], [1937, 3691, 1678, 1678, 1856, 1173, 2621, 2373, 1801, 1813, 3961, 4413, 3183, 766, 4687, 1567, 751, 2019, 1083, 3566, 2718, 0, 2913, 3355, 876, 1957, 2791, 3480, 1658, 1856, 542, 3208, 3165, 2847, 2296, 672, 751, 2867, 3464, 475, 1093, 1007, 2759, 1957, 1832, 542, 1238, 1062, 913, 1711, 2443, 3760, 3480, 2013, 3654, 4351, 3093, 2590, 1807, 2424, 2164, 3825, 475, 4461, 2424, 2555, 4687, 2090, 2149, 3005, 1143, 2705, 850, 1531, 3355, 2443, 2621, 3901, 1807, 3304, 2621, 1093, 4536, 4328, 4169, 3691, 1062, 2564, 2948, 4501, 913, 2330, 3016, 1291, 4328, 3901, 1617, 3005, 850, 751, 3843, 1678, 2231, 901, 3763, 3632, 1826, 3566, 2133, 3613, 542, 2705, 2475, 2990, 4593, 601, 1283, 2555, 2271, 3678, 4139, 2819, 3277, 2886, 2738, 3607, 1937], [2722, 2296, 1238, 1238, 1486, 2582, 1238, 1478, 3727, 1807, 2373, 3239, 4453, 3020, 3678, 1711, 3607, 2373, 2291, 4496, 913, 2913, 0, 451, 3304, 3938, 2330, 4709, 1283, 3395, 2420, 5097, 425, 3834, 4361, 3151, 2484, 4673, 4787, 2443, 2013, 2831, 3629, 2882, 2133, 3422, 1880, 3165, 2090, 1210, 2684, 2443, 5225, 3093, 1898, 3754, 5092, 4563, 2344, 3454, 2913, 4225, 2898, 3904, 3454, 4150, 4204, 4413, 4265, 4687, 1807, 4898, 3654, 3304, 4503, 2684, 301, 4413, 2555, 2718, 4673, 2013, 4361, 3093, 2803, 4081, 3165, 3579, 151, 4204, 3825, 4476, 4785, 2672, 3093, 2231, 4040, 475, 3451, 3607, 3629, 3872, 1545, 3222, 5372, 3503, 1093, 4180, 2291, 4915, 3315, 3706, 451, 3964, 3532, 3093, 3001, 809, 1083, 5533, 3601, 3557, 5304, 151, 4668, 1757, 2722], [3021, 2251, 1678, 1678, 1832, 2959, 1416, 1711, 4081, 2133, 2271, 3165, 4711, 3428, 3613, 2085, 4040, 2655, 2684, 4709, 1083, 3355, 451, 0, 3754, 4291, 2484, 4953, 1711, 3727, 2867, 5411, 336, 4081, 4711, 3601, 2898, 4987, 5041, 2886, 2424, 3222, 3872, 3183, 2443, 3857, 2286, 3557, 2515, 1658, 2913, 2401, 5521, 3395, 1807, 3763, 5420, 4898, 2655, 3727, 3190, 4374, 3321, 3913, 3727, 4456, 4212, 4787, 4622, 4987, 2256, 5251, 4081, 3663, 4744, 2913, 751, 4570, 2867, 2803, 5014, 2424, 4415, 3016, 2718, 4236, 3557, 3843, 475, 4244, 4267, 4831, 5092, 3038, 3016, 2122, 4430, 542, 3901, 4040, 3712, 4246, 1807, 3626, 5647, 3607, 1531, 4361, 2555, 5162, 3763, 3961, 901, 4204, 3464, 3512, 3372, 1062, 1384, 5836, 3629, 3787, 5631, 475, 4996, 1658, 3021], [2808, 4453, 2149, 2149, 2551, 2041, 3291, 3090, 2590, 2582, 4709, 5225, 4003, 1617, 5521, 2291, 1210, 2867, 1910, 4413, 3321, 876, 3304, 3754, 0, 2718, 3613, 4296, 2185, 2705, 1007, 3904, 3629, 3706, 3001, 213, 1596, 3604, 4267, 1083, 1832, 1880, 3626, 2831, 2655, 1051, 1957, 1898, 1623, 2122, 3304, 4536, 4201, 2886, 4361, 5208, 3763, 3301, 2655, 3291, 3038, 4697, 1343, 5321, 3291, 3355, 5553, 2718, 2851, 3763, 1531, 3332, 1359, 2373, 4185, 3304, 3005, 4768, 2672, 4139, 3304, 1832, 5409, 5132, 4953, 4563, 1898, 3428, 3301, 5372, 1007, 3005, 3754, 2164, 5132, 4634, 2256, 3503, 213, 1210, 4711, 2406, 2959, 1711, 4503, 4501, 2296, 4433, 2971, 4415, 451, 3566, 2855, 3846, 5420, 1424, 2149, 3133, 2898, 4361, 4996, 3691, 3927, 3315, 3451, 4296, 2808], [1384, 3464, 2882, 2882, 2461, 1384, 3020, 2684, 213, 2164, 3763, 3799, 1343, 1238, 3895, 2231, 1567, 1757, 1711, 1832, 3294, 1957, 3938, 4291, 2718, 0, 2420, 1617, 2767, 619, 2330, 1283, 3995, 1291, 425, 2555, 1678, 913, 1567, 2185, 2041, 1210, 1343, 1238, 1880, 1678, 2133, 950, 2085, 3001, 1807, 3454, 1531, 1062, 3678, 3372, 1210, 672, 1678, 1093, 1359, 2344, 1531, 3428, 1093, 672, 3557, 601, 336, 1051, 2684, 961, 1424, 637, 1545, 1807, 3715, 2334, 1478, 2705, 751, 2041, 3246, 3778, 3754, 2251, 950, 1143, 4037, 3294, 1951, 542, 1062, 1274, 3778, 3778, 637, 3787, 2590, 1567, 2759, 336, 2551, 1062, 1807, 2564, 2978, 2019, 1898, 1711, 2271, 1210, 3607, 1384, 3857, 1359, 961, 3246, 2913, 1757, 3179, 1478, 1416, 3843, 809, 3712, 1384], [1085, 1051, 2041, 2041, 1283, 1678, 1093, 901, 2256, 1083, 1351, 1623, 2344, 2286, 1910, 1416, 3093, 809, 1711, 2251, 1424, 2791, 2330, 2484, 3613, 2420, 0, 2547, 1898, 1807, 2655, 3222, 2149, 1711, 2767, 3402, 2041, 2819, 2655, 2547, 1807, 1951, 1501, 1201, 961, 3020, 1711, 2185, 2019, 2185, 619, 1062, 3246, 1359, 1283, 1678, 3291, 2847, 1007, 1478, 1062, 1898, 2420, 1813, 1478, 2286, 2090, 3016, 2738, 2755, 2420, 3277, 3038, 1957, 2334, 619, 2271, 2090, 1093, 542, 2990, 1807, 2122, 1545, 1424, 1757, 2185, 1545, 2475, 2002, 3490, 2913, 2886, 1617, 1545, 1359, 2855, 1951, 3632, 3093, 1359, 2551, 913, 2373, 3304, 1201, 2002, 1880, 672, 2759, 3332, 1623, 2256, 1807, 1807, 2484, 1856, 1531, 1351, 3579, 1478, 1384, 3490, 2185, 2898, 1343, 1085], [2041, 3372, 3938, 3938, 3291, 2569, 3541, 3246, 1711, 2956, 3629, 3277, 301, 2718, 3183, 3179, 3179, 2349, 2886, 451, 3872, 3480, 4709, 4953, 4296, 1617, 2547, 0, 3796, 1651, 3751, 1093, 4622, 876, 1501, 4120, 3005, 961, 151, 3601, 3208, 2551, 1083, 1898, 2621, 3277, 3239, 2420, 3332, 4081, 2041, 3294, 901, 1711, 3751, 2569, 1283, 1274, 2424, 1283, 1813, 1201, 3016, 2555, 1283, 950, 2555, 1922, 1623, 751, 3947, 1623, 3038, 1957, 213, 2041, 4563, 1062, 2231, 2497, 1384, 3208, 2122, 3321, 3428, 1210, 2420, 1143, 4838, 2256, 3566, 1596, 876, 2420, 3321, 3706, 2216, 4413, 4185, 3179, 2002, 1951, 3165, 2590, 809, 1898, 3987, 913, 2420, 213, 3857, 1007, 4496, 751, 3208, 2886, 2251, 3913, 3629, 1210, 2443, 1173, 1384, 4580, 1173, 3843, 2041], [1759, 2443, 151, 151, 619, 1384, 1173, 1083, 2555, 901, 2655, 3332, 3512, 1750, 3706, 619, 2330, 1508, 1062, 3678, 1143, 1658, 1283, 1711, 2185, 2767, 1898, 3796, 0, 2291, 1210, 3995, 1508, 2948, 3190, 2002, 1210, 3579, 3846, 1201, 751, 1596, 2767, 1898, 1210, 2149, 637, 1922, 809, 301, 1951, 2555, 4169, 2090, 2251, 3566, 3961, 3422, 1384, 2515, 2002, 3601, 1617, 3706, 2515, 3090, 3987, 3190, 3079, 3629, 672, 3715, 2373, 2133, 3607, 1951, 1007, 3754, 1567, 2424, 3516, 751, 4003, 3211, 2978, 3451, 1922, 2659, 1343, 3895, 2569, 3291, 3706, 1501, 3211, 2555, 2791, 1351, 2296, 2330, 3239, 2655, 1007, 1957, 4361, 3060, 213, 3464, 1501, 3987, 2106, 2803, 876, 3093, 3579, 1813, 1807, 950, 751, 4453, 3372, 2738, 4171, 1238, 3541, 2164, 1759], [767, 2855, 2420, 2420, 1910, 950, 2420, 2085, 451, 1596, 3155, 3239, 1351, 1093, 3372, 1711, 1711, 1143, 1283, 1711, 2705, 1856, 3395, 3727, 2705, 619, 1807, 1651, 2291, 0, 2101, 1711, 3422, 1007, 1007, 2515, 1359, 1291, 1658, 1951, 1617, 901, 961, 619, 1291, 1750, 1678, 809, 1711, 2551, 1201, 2851, 1880, 451, 3060, 2886, 1698, 1173, 1083, 637, 751, 2041, 1384, 2959, 637, 809, 3122, 1210, 950, 1343, 2330, 1545, 1596, 336, 1508, 1201, 3190, 2085, 876, 2122, 1291, 1617, 2867, 3208, 3165, 1922, 809, 751, 3503, 2882, 2133, 1143, 1416, 809, 3208, 3165, 1093, 3211, 2621, 1711, 2291, 766, 1957, 1007, 2090, 2085, 2497, 1750, 1283, 1807, 2286, 876, 3093, 1143, 3321, 1283, 601, 2672, 2344, 2164, 2684, 1062, 1910, 3291, 1274, 3093, 767], [1979, 3454, 1201, 1201, 1545, 1238, 2286, 2085, 2149, 1596, 3706, 4249, 3451, 1093, 4563, 1291, 1291, 1957, 1007, 3778, 2330, 542, 2420, 2867, 1007, 2330, 2655, 3751, 1210, 2101, 0, 3607, 2701, 3035, 2705, 809, 766, 3239, 3754, 151, 850, 1201, 2913, 2041, 1711, 1083, 961, 1384, 637, 1210, 2420, 3541, 3857, 2149, 3355, 4291, 3512, 2990, 1750, 2590, 2231, 3938, 809, 4413, 2590, 2867, 4661, 2551, 2564, 3355, 619, 3155, 1384, 1807, 3604, 2420, 2122, 4040, 1813, 3190, 3038, 850, 4563, 4150, 3961, 3796, 1384, 2738, 2443, 4503, 1424, 2759, 3385, 1384, 4150, 3629, 2085, 2555, 1093, 1291, 3834, 2090, 1957, 1283, 4120, 3629, 1351, 3712, 2041, 3904, 901, 2886, 1974, 3183, 4456, 1007, 1501, 2149, 1898, 4081, 4081, 2948, 3706, 2406, 3133, 3291, 1979], [2393, 4180, 4120, 4120, 3613, 2625, 4054, 3727, 1478, 3291, 4461, 4244, 1051, 2515, 4204, 3422, 2701, 2767, 2959, 1531, 4361, 3208, 5097, 5411, 3904, 1283, 3222, 1093, 3995, 1711, 3607, 0, 5097, 1567, 913, 3763, 2956, 425, 950, 3464, 3294, 2484, 1757, 2231, 2971, 2855, 3372, 2231, 3355, 4246, 2625, 4128, 336, 2019, 4496, 3601, 213, 619, 2759, 1750, 2251, 2271, 2803, 3604, 1750, 961, 3629, 1210, 1062, 475, 3961, 672, 2551, 1880, 1210, 2625, 4898, 2149, 2547, 3321, 601, 3294, 3208, 4267, 4330, 2256, 2231, 1678, 5208, 3332, 3016, 901, 336, 2497, 4267, 4513, 1651, 4885, 3751, 2701, 3005, 1531, 3613, 2330, 672, 2867, 4204, 1957, 2882, 1007, 3454, 1617, 4803, 1531, 4212, 2621, 2216, 4351, 4032, 475, 3454, 1898, 301, 4987, 475, 4563, 2393], [2704, 1957, 1501, 1501, 1545, 2684, 1083, 1384, 3787, 1832, 2002, 2886, 4382, 3179, 3332, 1813, 3825, 2334, 2424, 4374, 751, 3165, 425, 336, 3629, 3995, 2149, 4622, 1508, 3422, 2701, 5097, 0, 3751, 4413, 3464, 2659, 4673, 4711, 2705, 2185, 2956, 3541, 2867, 2133, 3651, 2041, 3291, 2296, 1508, 2582, 2106, 5199, 3079, 1531, 3454, 5110, 4593, 2344, 3402, 2867, 4040, 3093, 3604, 3402, 4139, 3904, 4503, 4328, 4668, 2106, 4953, 3857, 3372, 4413, 2582, 672, 4236, 2555, 2475, 4711, 2185, 4095, 2738, 2443, 3901, 3291, 3516, 542, 3927, 4076, 4536, 4775, 2755, 2738, 1856, 4161, 213, 3763, 3825, 3385, 3964, 1486, 3372, 5321, 3277, 1351, 4026, 2231, 4831, 3601, 3632, 809, 3872, 3183, 3277, 3090, 751, 1083, 5516, 3315, 3454, 5321, 336, 4687, 1384, 2704], [1190, 2621, 3093, 3093, 2424, 1807, 2672, 2373, 1274, 2090, 2898, 2705, 637, 2090, 2718, 2330, 2705, 1478, 2101, 751, 3001, 2847, 3834, 4081, 3706, 1291, 1711, 876, 2948, 1007, 3035, 1567, 3751, 0, 1424, 3512, 2271, 1210, 961, 2886, 2406, 1856, 213, 1062, 1757, 2755, 2420, 1813, 2551, 3239, 1173, 2564, 1545, 901, 2959, 2149, 1678, 1359, 1567, 451, 950, 1062, 2373, 2185, 451, 766, 2286, 1813, 1478, 1093, 3155, 1807, 2582, 1343, 672, 1173, 3691, 1083, 1384, 1757, 1508, 2406, 1957, 2718, 2767, 961, 1813, 301, 3964, 2013, 3122, 1567, 1238, 1658, 2718, 2956, 1922, 3541, 3626, 2705, 1531, 1596, 2291, 2013, 1596, 1359, 3133, 751, 1545, 1083, 3291, 151, 3626, 151, 2705, 2286, 1567, 3038, 2755, 1880, 1974, 336, 1856, 3706, 1351, 3038, 1190], [1770, 3799, 3304, 3304, 2882, 1807, 3425, 3090, 637, 2582, 4095, 4062, 1274, 1617, 4120, 2655, 1807, 2149, 2133, 1807, 3706, 2296, 4361, 4711, 3001, 425, 2767, 1501, 3190, 1007, 2705, 913, 4413, 1424, 0, 2855, 2085, 619, 1416, 2564, 2461, 1623, 1531, 1617, 2291, 1951, 2555, 1343, 2497, 3422, 2149, 3778, 1201, 1424, 4040, 3566, 809, 301, 2085, 1351, 1711, 2420, 1898, 3607, 1351, 672, 3706, 425, 151, 809, 3090, 542, 1658, 1062, 1486, 2149, 4139, 2373, 1880, 3005, 336, 2461, 3355, 4054, 4054, 2349, 1343, 1359, 4461, 3428, 2149, 151, 766, 1698, 4054, 4120, 766, 4204, 2855, 1807, 2948, 619, 2959, 1424, 1508, 2767, 3402, 2085, 2286, 1545, 2551, 1384, 4032, 1478, 4095, 1711, 1384, 3663, 3332, 1384, 3385, 1678, 1007, 4265, 451, 4081, 1770], [2600, 4246, 1974, 1974, 2349, 1832, 3093, 2886, 2420, 2373, 4503, 5014, 3825, 1424, 5309, 2085, 1093, 2655, 1698, 4225, 3133, 672, 3151, 3601, 213, 2555, 3402, 4120, 2002, 2515, 809, 3763, 3464, 3512, 2855, 0, 1384, 3451, 4095, 876, 1623, 1678, 3428, 2625, 2443, 913, 1750, 1711, 1416, 1957, 3093, 4328, 4054, 2684, 4161, 4996, 3629, 3155, 2443, 3093, 2831, 4496, 1143, 5110, 3093, 3183, 5342, 2590, 2705, 3604, 1359, 3208, 1238, 2185, 4003, 3093, 2851, 4570, 2461, 3927, 3165, 1623, 5201, 4921, 4744, 4361, 1711, 3232, 3155, 5162, 961, 2867, 3601, 1957, 4921, 4430, 2122, 3332, 301, 1093, 4501, 2251, 2755, 1531, 4351, 4291, 2122, 4236, 2759, 4244, 336, 3372, 2701, 3654, 5208, 1238, 1951, 2948, 2705, 4225, 4785, 3490, 3799, 3155, 3304, 4098, 2600], [1233, 2956, 1291, 1291, 1201, 475, 1957, 1678, 1478, 1093, 3232, 3663, 2705, 542, 3938, 901, 1201, 1274, 336, 3016, 2106, 751, 2484, 2898, 1596, 1678, 2041, 3005, 1210, 1359, 766, 2956, 2659, 2271, 2085, 1384, 0, 2564, 3016, 619, 475, 475, 2149, 1283, 1083, 1062, 619, 751, 425, 1384, 1711, 3020, 3179, 1384, 2948, 3613, 2886, 2349, 1062, 1826, 1478, 3179, 451, 3727, 1826, 2149, 3961, 2019, 1957, 2659, 1007, 2582, 1210, 1093, 2851, 1711, 2216, 3277, 1083, 2555, 2420, 475, 3834, 3579, 3425, 3038, 751, 1974, 2551, 3787, 1531, 2164, 2705, 619, 3579, 3179, 1596, 2475, 1596, 1201, 3122, 1501, 1531, 751, 3422, 2913, 1416, 2948, 1384, 3165, 1291, 2122, 2085, 2420, 3843, 619, 766, 1974, 1658, 3428, 3402, 2185, 3090, 2424, 2484, 2913, 1233], [1970, 3796, 3706, 3706, 3190, 2216, 3632, 3304, 1093, 2867, 4081, 3913, 809, 2149, 3904, 3001, 2420, 2344, 2551, 1343, 3938, 2867, 4673, 4987, 3604, 913, 2819, 961, 3579, 1291, 3239, 425, 4673, 1210, 619, 3451, 2564, 0, 850, 3093, 2886, 2090, 1384, 1807, 2547, 2555, 2959, 1856, 2956, 3834, 2216, 3751, 619, 1596, 4098, 3315, 475, 336, 2334, 1343, 1832, 2041, 2443, 3332, 1343, 542, 3385, 1007, 766, 213, 3566, 672, 2271, 1478, 1007, 2216, 4476, 1951, 2122, 2948, 425, 2886, 2990, 3927, 3972, 2002, 1856, 1283, 4785, 3093, 2767, 672, 151, 2085, 3927, 4128, 1384, 4461, 3464, 2420, 2705, 1201, 3190, 1974, 901, 2551, 3787, 1711, 2461, 961, 3155, 1238, 4382, 1201, 3901, 2271, 1813, 3927, 3607, 876, 3155, 1531, 672, 4563, 213, 4161, 1970], [2098, 3500, 3987, 3987, 3355, 2590, 3632, 3332, 1678, 3020, 3760, 3422, 336, 2705, 3332, 3232, 3133, 2420, 2913, 601, 3961, 3464, 4787, 5041, 4267, 1567, 2655, 151, 3846, 1658, 3754, 950, 4711, 961, 1416, 4095, 3016, 850, 0, 3604, 3239, 2555, 1173, 1951, 2684, 3239, 3277, 2406, 3355, 4128, 2133, 3425, 751, 1757, 3872, 2718, 1143, 1173, 2484, 1343, 1880, 1351, 3005, 2705, 1343, 913, 2705, 1832, 1545, 637, 3972, 1501, 2990, 1951, 336, 2133, 4634, 1210, 2286, 2625, 1274, 3239, 2271, 3464, 3566, 1359, 2406, 1210, 4915, 2406, 3512, 1501, 751, 2443, 3464, 3834, 2149, 4501, 4150, 3133, 2149, 1898, 3246, 2569, 672, 2041, 4040, 1062, 2497, 151, 3825, 1083, 4563, 850, 3355, 2867, 2256, 3995, 3706, 1062, 2590, 1274, 1238, 4661, 1062, 3961, 2098], [1840, 3372, 1210, 1210, 1478, 1093, 2231, 2013, 2002, 1501, 3629, 4150, 3301, 950, 4456, 1210, 1210, 1832, 876, 3629, 2296, 475, 2443, 2886, 1083, 2185, 2547, 3601, 1201, 1951, 151, 3464, 2705, 2886, 2564, 876, 619, 3093, 3604, 0, 751, 1051, 2767, 1898, 1596, 1007, 876, 1238, 542, 1238, 2291, 3454, 3712, 2002, 3291, 4171, 3372, 2847, 1623, 2443, 2090, 3796, 672, 4291, 2443, 2718, 4536, 2420, 2424, 3208, 672, 3020, 1291, 1658, 3454, 2291, 2149, 3895, 1678, 3079, 2898, 751, 4430, 4054, 3872, 3654, 1238, 2590, 2475, 4374, 1384, 2621, 3239, 1238, 4054, 3557, 1957, 2551, 1143, 1210, 3706, 1951, 1880, 1143, 3972, 3500, 1359, 3566, 1922, 3754, 913, 2738, 2002, 3035, 4351, 876, 1351, 2122, 1856, 3938, 3961, 2803, 3566, 2420, 2990, 3232, 1840], [1249, 2625, 850, 850, 766, 672, 1531, 1283, 1832, 751, 2886, 3402, 2913, 1007, 3715, 475, 1658, 1143, 336, 3155, 1651, 1093, 2013, 2424, 1832, 2041, 1807, 3208, 751, 1617, 850, 3294, 2185, 2406, 2461, 1623, 475, 2886, 3239, 751, 0, 850, 2251, 1351, 876, 1501, 151, 1173, 213, 961, 1617, 2705, 3490, 1508, 2564, 3454, 3246, 2705, 950, 1957, 1508, 3208, 913, 3579, 1957, 2424, 3834, 2443, 2344, 2956, 751, 2978, 1678, 1416, 3035, 1617, 1750, 3332, 1062, 2344, 2791, 1, 3763, 3304, 3122, 3060, 1173, 2106, 2085, 3691, 1957, 2555, 3020, 809, 3304, 2819, 2041, 2002, 1880, 1658, 3020, 1910, 1143, 1210, 3706, 2819, 961, 3016, 1210, 3385, 1617, 2256, 1623, 2555, 3607, 1093, 1083, 1508, 1201, 3760, 3246, 2256, 3454, 1951, 2831, 2515, 1249], [967, 2948, 1698, 1698, 1424, 301, 2122, 1807, 1007, 1210, 3239, 3557, 2251, 336, 3787, 1143, 1143, 1143, 542, 2590, 2330, 1007, 2831, 3222, 1880, 1210, 1951, 2551, 1596, 901, 1201, 2484, 2956, 1856, 1623, 1678, 475, 2090, 2555, 1051, 850, 0, 1757, 961, 1062, 1083, 961, 336, 876, 1807, 1501, 2990, 2705, 1007, 3016, 3402, 2420, 1880, 950, 1424, 1173, 2819, 542, 3503, 1424, 1678, 3715, 1596, 1501, 2185, 1478, 2133, 1093, 619, 2406, 1501, 2582, 2898, 876, 2420, 1957, 850, 3541, 3490, 3372, 2684, 336, 1567, 2913, 3516, 1545, 1711, 2231, 336, 3490, 3208, 1210, 2759, 1832, 1143, 2867, 1062, 1658, 451, 2948, 2655, 1807, 2564, 1283, 2705, 1501, 1711, 2461, 2002, 3706, 542, 301, 2231, 1898, 2956, 3190, 1813, 2625, 2755, 2013, 3005, 967], [1016, 2424, 2913, 2913, 2231, 1678, 2461, 2164, 1291, 1898, 2705, 2551, 850, 2013, 2590, 2149, 2672, 1283, 1957, 913, 2791, 2759, 3629, 3872, 3626, 1343, 1501, 1083, 2767, 961, 2913, 1757, 3541, 213, 1531, 3428, 2149, 1384, 1173, 2767, 2251, 1757, 0, 901, 1567, 2705, 2256, 1750, 2406, 3060, 961, 2373, 1750, 766, 2755, 2041, 1856, 1501, 1384, 336, 766, 1083, 2286, 2090, 336, 901, 2216, 1898, 1567, 1283, 3001, 1951, 2555, 1291, 876, 961, 3490, 1143, 1210, 1567, 1651, 2251, 1922, 2555, 2590, 961, 1750, 213, 3760, 1957, 3093, 1678, 1424, 1531, 2555, 2759, 1957, 3332, 3557, 2672, 1424, 1623, 2085, 1957, 1807, 1238, 2948, 809, 1343, 1291, 3222, 151, 3428, 336, 2569, 2216, 1478, 2831, 2551, 2085, 1856, 151, 2041, 3500, 1508, 2831, 1016], [163, 2251, 2041, 2041, 1416, 809, 1832, 1501, 1062, 1083, 2551, 2705, 1617, 1274, 2886, 1283, 2041, 542, 1062, 1807, 2133, 1957, 2882, 3183, 2831, 1238, 1201, 1898, 1898, 619, 2041, 2231, 2867, 1062, 1617, 2625, 1283, 1807, 1951, 1898, 1351, 961, 901, 0, 751, 2019, 1359, 1083, 1508, 2185, 619, 2256, 2344, 213, 2443, 2461, 2251, 1750, 542, 619, 213, 1898, 1501, 2555, 619, 1274, 2759, 1826, 1567, 1807, 2101, 2149, 1957, 766, 1711, 619, 2705, 2002, 336, 1567, 1880, 1351, 2582, 2659, 2590, 1757, 1083, 766, 3001, 2555, 2461, 1757, 1910, 672, 2659, 2555, 1658, 2655, 2791, 2041, 1910, 1351, 1384, 1291, 2497, 1698, 2090, 1678, 672, 2090, 2461, 913, 2625, 1210, 2819, 1486, 751, 2122, 1807, 2655, 2251, 913, 2461, 2767, 1832, 2475, 163], [593, 1898, 1359, 1359, 672, 766, 1143, 809, 1678, 336, 2185, 2582, 2349, 1384, 2867, 601, 2185, 301, 751, 2475, 1416, 1832, 2133, 2443, 2655, 1880, 961, 2621, 1210, 1291, 1711, 2971, 2133, 1757, 2291, 2443, 1083, 2547, 2684, 1596, 876, 1062, 1567, 751, 0, 2090, 809, 1351, 1083, 1508, 766, 1951, 3093, 961, 1957, 2582, 2978, 2461, 213, 1343, 809, 2406, 1478, 2705, 1343, 2019, 2959, 2424, 2216, 2555, 1567, 2831, 2149, 1283, 2424, 766, 1957, 2551, 425, 1486, 2582, 876, 2898, 2497, 2349, 2256, 1351, 1478, 2251, 2819, 2564, 2420, 2655, 751, 2497, 2149, 2149, 1922, 2672, 2185, 2149, 1898, 672, 1508, 3246, 1951, 1384, 2256, 336, 2819, 2373, 1617, 1880, 1898, 2767, 1567, 1062, 1384, 1062, 3402, 2373, 1531, 3190, 2019, 2555, 1951, 593], [2043, 3987, 2185, 2185, 2256, 1343, 3016, 2738, 1567, 2149, 4270, 4634, 2990, 751, 4868, 1957, 213, 2216, 1384, 3428, 3151, 542, 3422, 3857, 1051, 1678, 3020, 3277, 2149, 1750, 1083, 2855, 3651, 2755, 1951, 913, 1062, 2555, 3239, 1007, 1501, 1083, 2705, 2019, 2090, 0, 1651, 961, 1359, 2231, 2582, 4040, 3151, 2019, 4003, 4476, 2718, 2251, 2013, 2373, 2231, 3787, 619, 4573, 2373, 2330, 4775, 1678, 1801, 2718, 1678, 2296, 336, 1416, 3179, 2582, 3133, 3834, 1957, 3500, 2256, 1501, 4573, 4563, 4433, 3663, 961, 2497, 3464, 4563, 475, 1957, 2705, 1416, 4563, 4225, 1210, 3480, 913, 213, 3927, 1359, 2590, 751, 3454, 3715, 2330, 3500, 2349, 3385, 601, 2625, 2990, 2886, 4787, 542, 1274, 3005, 2701, 3315, 4265, 2791, 2886, 3385, 2401, 3972, 2043], [1243, 2497, 751, 751, 619, 751, 1384, 1143, 1922, 637, 2755, 3291, 2948, 1143, 3613, 336, 1807, 1093, 425, 3165, 1501, 1238, 1880, 2286, 1957, 2133, 1711, 3239, 637, 1678, 961, 3372, 2041, 2420, 2555, 1750, 619, 2959, 3277, 876, 151, 961, 2256, 1359, 809, 1651, 0, 1291, 336, 876, 1567, 2582, 3557, 1531, 2424, 3372, 3332, 2791, 913, 1974, 1501, 3183, 1062, 3500, 1974, 2484, 3760, 2555, 2443, 3020, 766, 3079, 1826, 1501, 3060, 156