{'nodes': [(0, 0, 0, 0, 48000, 0, False), (1, -10.876049018013788, -10.612487278997122, 9800, 16319, 50, True), (2, 5.172548989376328, 20.03637000338599, 10797, 18734, 20, True), (3, 3.220364658579097, 5.34498776393983, 18146, 27163, 50, True), (4, -10.705480730573571, -0.6171974241659042, 4118, 8622, 50, False), (5, 3.829919199125395, -14.109456321952022, 19133, 23431, 40, True), (6, 0.2485889725737462, 3.759920687039517, 4368, 12369, 30, True), (7, -15.61442188649265, -10.932919660580428, 26871, 30486, 10, True), (8, 9.71592542476819, 6.204543728625598, 38731, 44514, 50, True), (9, 2.8023803541031675, 8.458027353983436, 33690, 38135, 50, True), (10, -7.9160865764867365, -2.3196012432979574, 41491, 48000, 50, True), (11, -2.45392532081405, -0.6764674028482885, 9280, 18064, 50, True), (12, 13.28228505083234, -0.06525691556798083, 16642, 20724, 40, True), (13, -18.644230063442585, -6.9869173562937865, 34503, 38337, 50, True), (14, 4.3982943495776885, 2.3685378643462287, 36531, 43171, 30, True), (15, 2.35838382844088, -7.035948107852117, 0, 5434, 30, True), (16, 0.13929704715971808, -0.6015769395648739, 20064, 28559, 20, False), (17, 11.700730551950988, -16.42949000429875, 5251, 10320, 20, True), (18, 5.461966310944636, -8.944485589042708, 1600, 7290, 30, True), (19, 1.24949861716757, 0.7110550371907884, 26098, 30760, 40, True), (20, 11.454760272176195, 1.8409155149287622, 11444, 20480, 20, True), (21, -12.787877696952982, -1.7032059217464555, 22603, 28561, 50, True), (22, 0.5742732805753851, 0.2973222168039614, 34068, 36148, 50, True), (23, -0.25861252066185797, 8.864853061361709, 32582, 35640, 50, True), (24, 1.2653599734430323, -13.589530135402885, 28655, 32154, 20, True), (25, -0.10791283589634533, -13.703963785420154, 31244, 36449, 10, True), (26, -2.8084155153098886, 3.0324639468388885, 28558, 32691, 40, True), (27, 4.6881006540896735, 2.8782069481884505, 0, 8746, 20, True), (28, 0.016314157194107948, -0.19286170884142637, 20562, 21872, 50, True), (29, -13.13860038313389, 2.882812600521038, 11211, 14884, 10, True), (30, 0.35598237723351683, 0.22786264481033647, 8336, 13941, 30, True), (31, -3.1204604012649155, -11.315714138366575, 2023, 12036, 40, True), (32, -1.3583980083220846, -0.419691071170806, 33507, 42213, 50, True), (33, -7.056160357680501, -6.094234557051983, 29265, 32471, 10, True), (34, 24.353401449685418, -0.3386686527897841, 24294, 28531, 10, True), (35, -1.649057214646836, 0.3381680084223283, 8954, 12984, 50, True), (36, -0.3083382685986391, 0.09204798124235684, 9491, 16503, 20, True), (37, -6.855108887146762, -3.097741265953161, 19872, 28365, 20, True), (38, 6.199967601092965, 1.2100014144424425, 33738, 39584, 30, True), (39, -0.44056452448647304, -5.991098685647996, 20288, 25188, 20, True), (40, -3.3060318770297537, -4.388631904576194, 25315, 31995, 30, True), (41, -4.927724908097137, 2.67334096319308, 5012, 12841, 40, True), (42, -11.549344599057573, 4.21715269073408, 2556, 10411, 30, True), (43, 14.07464031251059, -2.503812453887746, 39909, 45243, 30, True), (44, -0.18591761885716765, 1.9186755102839617, 25037, 30010, 50, True), (45, 7.905600948009535, 5.875804943417358, 14853, 20431, 10, True), (46, 1.362142639329835, -0.7711257498356536, 23342, 26323, 20, True), (47, -11.094737753792014, 9.201382576017272, 13092, 17482, 50, True), (48, -3.4088925336973643, -3.8288310471068656, 3516, 10742, 10, True), (49, 0.9036044259576845, 1.21669374193855, 27789, 35474, 50, True), (50, 8.737319179993621, -14.72731142599036, 20194, 23689, 10, True), (51, -0.6480652093421861, -3.8673481787759005, 10169, 14483, 50, True), (52, -3.3814423489378114, -2.542855767938395, 23854, 32860, 10, True), (53, 1.3875922463346715, 10.601769574883177, 18837, 25532, 20, True), (54, 4.643828949779622, -6.255038451416924, 37156, 40940, 40, True), (55, 1.0569502102271102, -1.1478405145861263, 21949, 27718, 20, False), (56, 3.654928032668128, -2.8713628955868944, 11504, 19219, 20, True), (57, -2.1780394789408524, 14.340147408490854, 20970, 27619, 30, True), (58, 3.470155250379264, 9.026877383833098, 20865, 29212, 10, True), (59, 7.748880014500266, 14.149430613281824, 21806, 26025, 20, True), (60, 3.5548383687455543, -1.4978791208199542, 37135, 44471, 20, True), (61, 0.6889648143510237, 1.6501491630223775, 5794, 11488, 10, True), (62, 6.362838696077145, -2.360139963993643, 16029, 18646, 20, True), (63, -0.4177360758022039, 7.477501443754344, 30324, 38152, 10, True), (64, 2.819668426639778, -5.606439697491303, 39657, 45240, 30, True), (65, 1.083869636095563, -9.926308238777647, 13079, 13150, 10, False), (66, 4.904218666035017, 8.596865567428136, 35465, 44302, 40, True), (67, 0.3822652328834853, 2.5955971599682375, 19002, 23276, 30, True), (68, 2.172997400567678, 3.0544776061430112, 30731, 32262, 20, True), (69, 12.077451351870996, 1.5931444374038395, 12590, 20100, 40, False), (70, -3.40191019631238, -0.3217714563678096, 26384, 29268, 30, False), (71, -0.44465153012262754, -2.179732200310276, 2541, 5565, 20, False), (72, -4.4068105852426696, -13.310440640027334, 25967, 30589, 20, True), (73, 5.541876024535915, 6.330853711839758, 28488, 31985, 50, True), (74, -2.1187328931359404, -1.9923216229156864, 19033, 24198, 40, False), (75, -3.2125634869969457, 0.03295458548593043, 7556, 11975, 50, True), (76, -1.676471616715714, -0.3125812363911884, 26464, 35096, 50, True), (77, -0.5808071001671928, -0.8755811578135392, 16000, 23737, 40, True), (78, 12.445402725200521, -7.420024264477742, 19332, 27044, 20, True), (79, -4.20593843210385, -6.052094759198961, 27239, 30275, 30, True), (80, -8.121124898323181, 4.29982588141214, 23011, 26589, 20, True), (81, 0.5192961014239039, 11.240802212867555, 9759, 16691, 30, True), (82, -0.0920904864798789, 9.746318317910653, 12610, 15557, 40, True), (83, 2.8383752446677852, -7.801887553347256, 12291, 20005, 10, True), (84, -16.638815116771724, 4.554428940470262, 29030, 36263, 20, True), (85, 2.425732937070476, 0.23104610237159903, 23752, 29267, 40, True), (86, -0.3001451734386206, -10.584860198714843, 30834, 37446, 10, True), (87, -9.901887642296579, 4.067682041141542, 13897, 20626, 30, False), (88, 4.2863100876168225, -7.279008400841335, 29266, 34843, 10, True), (89, 0.13417602695514372, 0.05098224923999468, 167, 5841, 20, True), (90, 4.415517645052092, 10.302947823815284, 25254, 29807, 20, True), (91, -6.152046952842597, -0.8773644446526638, 192, 5443, 30, True), (92, 2.4668165420203567, 1.9701519770061249, 9223, 14305, 50, True), (93, -3.6349014325725957, 3.293255082459939, 35776, 39444, 40, True), (94, 1.4279774565226047, 2.4653009255717797, 36437, 41774, 30, True), (95, -9.535012794176968, 15.880446418926125, 18060, 22388, 50, True), (96, 1.9386308064838584, 3.8515012800213926, 11053, 15473, 20, True), (97, -12.295101106166785, -7.72084095373763, 20392, 26532, 50, False), (98, -0.055870736520027095, 14.67014439673742, 14837, 22027, 10, True), (99, 2.573225879387338, 5.835438856591846, 27123, 36064, 30, True), (100, 4.0065236129013, 1.200415841656313, 4597, 9517, 20, True), (101, 4.805964935727426, 17.616320189418847, 5440, 16408, 40, True), (102, 5.486732858789582, -11.853700551010355, 40441, 45059, 10, True), (103, -1.1370039697477898, -8.62566226493714, 2461, 10021, 50, True), (104, -7.134480251791844, 13.591486462412389, 7238, 13105, 10, False), (105, -23.729447560674974, 5.488485165990528, 26217, 33188, 30, True), (106, 2.6878852966412508, 3.2481638245040014, 37622, 46601, 40, True), (107, -4.7719977916492535, -3.1842220013329645, 40296, 48000, 50, True), (108, -4.647077787186748, -3.7359402099122727, 0, 4754, 10, True), (109, 0.31846444108318417, -0.3985903539596179, 33103, 41565, 10, True), (110, -1.6347498036714898, 1.7170225974570372, 35717, 39702, 20, True), (111, 2.2450654645926162, -11.85197806031589, 34714, 41002, 20, True), (112, 4.581171869007574, -5.227847530008117, 21690, 29011, 20, True), (113, 1.784377648103219, 5.109942327755525, 10260, 19757, 20, True), (114, -2.714791705210225, -0.5729635413188431, 7145, 17510, 30, True), (115, 5.9796476913681715, 1.746956709187322, 20200, 24335, 50, True), (116, -0.006906656475178771, -0.18501503196825017, 1913, 4528, 40, True), (117, -1.584019242672607, -13.790705374779407, 35176, 40108, 50, True), (118, 3.2212231606547124, -5.239033803311272, 0, 4782, 50, True), (119, 5.767335436415271, 9.353639151170434, 25600, 32101, 20, False), (120, 2.452011081567037, -1.2815363416650618, 5459, 10201, 10, True), (121, -1.290419849312973, 1.4087842366966565, 4327, 9474, 10, True), (122, -1.9872953017958577, -3.200059125373151, 42053, 47716, 40, True), (123, -3.8321130288089127, 5.460528959043394, 12729, 20582, 50, True), (124, 0.556088936740608, 5.086015113160546, 30972, 36176, 50, True), (125, -1.794739198065269, -1.168447449105595, 17222, 20088, 50, True), (126, 0, 0, 0, 48000, 0, False)], 'F': 20.0, 'ct': 0.083, 'cd': 0.021, 'truck_cap': 100, 'drone_cap': 20, 'truck_speed': 40, 'drone_speed': 40, 'a': 1, 'b': 2, 'max_flight_time': 30, 'ttt': [[0, 4560, 6209, 1873, 3218, 4387, 1131, 5719, 3459, 2674, 2476, 765, 3986, 5974, 1500, 2227, 186, 6052, 3145, 432, 3482, 3871, 195, 2662, 4095, 4112, 1241, 1651, 59, 4036, 128, 3522, 428, 2798, 7308, 506, 98, 2258, 1896, 1803, 1649, 1683, 3690, 4290, 579, 2956, 471, 4325, 1539, 456, 5138, 1177, 1270, 3209, 2338, 469, 1395, 4352, 2902, 4841, 1158, 537, 2037, 2248, 1884, 2997, 2970, 788, 1126, 3656, 1026, 668, 4207, 2525, 873, 965, 513, 316, 4348, 2212, 2758, 3377, 2925, 2492, 5176, 732, 3178, 3212, 2535, 44, 3364, 1865, 948, 1472, 856, 5558, 1295, 4356, 4402, 1914, 1256, 5479, 3920, 2611, 4606, 7308, 1266, 1722, 1790, 154, 712, 3620, 2086, 1625, 833, 1870, 57, 4165, 1846, 3298, 831, 574, 1131, 2002, 1536, 643, 1], [4560, 0, 10380, 6389, 3000, 4536, 5453, 1426, 7977, 7042, 2643, 3909, 7909, 2573, 6015, 4114, 4466, 6995, 4928, 4978, 7672, 2735, 4746, 6656, 3751, 3362, 4756, 6180, 4523, 4106, 4684, 2337, 4185, 1776, 11010, 4297, 4514, 2558, 6232, 3425, 2941, 4368, 4454, 7872, 4942, 7499, 4712, 5946, 3028, 5009, 6013, 3677, 3305, 7352, 4837, 4570, 4940, 7929, 7297, 9296, 5121, 5058, 5735, 6270, 4376, 3595, 7459, 5208, 5670, 7800, 3817, 4025, 2104, 7079, 3687, 3936, 4144, 4252, 7063, 2425, 4550, 7395, 6913, 4201, 4868, 5149, 3174, 4415, 4658, 4599, 7774, 3247, 5503, 4704, 5388, 7959, 5798, 967, 8251, 6375, 5701, 9689, 4924, 2983, 7348, 6182, 5819, 2885, 2784, 4547, 4624, 3955, 4911, 6057, 3882, 6271, 4520, 2947, 4527, 7799, 4882, 4614, 3473, 5266, 5827, 3932, 4560], [6209, 10380, 0, 4447, 7816, 10253, 5102, 11191, 4369, 3547, 7773, 6623, 6504, 10807, 5306, 8166, 6374, 11115, 8696, 5917, 5776, 8461, 6081, 3728, 10157, 10246, 5636, 5151, 6264, 7528, 6117, 9730, 6443, 8656, 8396, 6255, 6206, 7823, 5657, 7989, 7757, 6027, 6907, 7271, 5669, 4328, 6347, 5865, 7609, 5790, 10485, 7382, 7245, 3051, 7890, 6475, 6888, 2791, 3343, 1929, 6479, 5679, 6729, 4125, 7726, 9073, 3434, 5427, 5174, 5909, 6628, 6876, 10410, 4114, 6962, 6508, 6442, 6508, 8522, 8318, 6181, 2986, 3469, 8382, 8025, 5999, 9333, 6589, 8200, 6184, 2930, 7136, 5481, 5676, 5391, 4586, 4952, 9840, 2249, 4332, 5663, 735, 9568, 8805, 4169, 9708, 5092, 7579, 7717, 6302, 5864, 9608, 7582, 4593, 6621, 5493, 6263, 10350, 7606, 3211, 6448, 5916, 7295, 5141, 4695, 6697, 6209], [1873, 6389, 4447, 0, 4546, 5840, 1011, 7469, 1967, 943, 4057, 2483, 3428, 7532, 961, 3724, 2010, 7011, 4340, 1512, 2686, 5248, 1711, 1486, 5712, 5802, 1938, 862, 1920, 4964, 1760, 5349, 2210, 4614, 6566, 2096, 1899, 3945, 1530, 3575, 3517, 2573, 4445, 4019, 1450, 1416, 1919, 4449, 3397, 1421, 6246, 2998, 3087, 1671, 3507, 2054, 2469, 3148, 1108, 2971, 2056, 1345, 2497, 1266, 3289, 4627, 1100, 1186, 757, 2887, 2616, 2512, 6047, 758, 2723, 2504, 2246, 2188, 4726, 4082, 3418, 1947, 1654, 3947, 5963, 1554, 4895, 3956, 3802, 1839, 1531, 3376, 1038, 2148, 1019, 4964, 591, 6086, 2966, 245, 1267, 3713, 5205, 4391, 3972, 8086, 650, 3508, 3605, 1932, 1819, 5168, 3199, 438, 2515, 1361, 1922, 5920, 3176, 1426, 2002, 1797, 3003, 2117, 804, 2467, 1873], [3218, 3000, 7816, 4546, 0, 5951, 3540, 3428, 6460, 4883, 981, 2477, 7199, 3054, 4620, 4368, 3254, 8228, 5457, 3610, 6690, 706, 3396, 4234, 5297, 5053, 2611, 4737, 3220, 1280, 3329, 3935, 2806, 1975, 10519, 2733, 3127, 1375, 5102, 3477, 2493, 1996, 1473, 7457, 3247, 5914, 3622, 2949, 2393, 3527, 7208, 3172, 2273, 4950, 4907, 3533, 4362, 5166, 5145, 7092, 4287, 3486, 5148, 3928, 4326, 4507, 5439, 3464, 4018, 6868, 2194, 3115, 4252, 5302, 2610, 2257, 2711, 3039, 7240, 2543, 1667, 4899, 4451, 4600, 2362, 3949, 4324, 1427, 4923, 3259, 5597, 1369, 4028, 2425, 3757, 4963, 4024, 2185, 5590, 4430, 4448, 7183, 5914, 3744, 4396, 4316, 4183, 1940, 2045, 3309, 2811, 5144, 4791, 4123, 2398, 5057, 3213, 4808, 4403, 5778, 3953, 2890, 2729, 2754, 3788, 2679, 3218], [4387, 4536, 10253, 5840, 5951, 0, 5468, 5912, 6346, 6778, 4994, 4450, 5080, 7074, 4947, 2168, 4202, 2463, 1626, 4514, 5305, 6222, 4432, 7002, 786, 1189, 5516, 5104, 4330, 7205, 4427, 2248, 4393, 4057, 7416, 4636, 4439, 4604, 4652, 2753, 3619, 5680, 7178, 4645, 4958, 6120, 4070, 8305, 3773, 4682, 1485, 3354, 4090, 7450, 2370, 3977, 3373, 8724, 6943, 8560, 3785, 4822, 3607, 6601, 2570, 1502, 6821, 5118, 5174, 5322, 4672, 3803, 2484, 6155, 4051, 4741, 4458, 4186, 3273, 3415, 6585, 7671, 7254, 1917, 8311, 4324, 1630, 6835, 2055, 4391, 7327, 4973, 4842, 5682, 5025, 9851, 5419, 5204, 8713, 5996, 4594, 9523, 841, 2221, 8939, 10146, 5220, 4173, 4020, 4247, 5024, 828, 2675, 5799, 4512, 4801, 4334, 1628, 2668, 7064, 3872, 4903, 3710, 6306, 5843, 4234, 4387], [1131, 5453, 5102, 1011, 3540, 5468, 0, 6488, 2934, 1605, 3055, 1559, 4076, 6522, 1314, 3301, 1310, 6964, 4121, 964, 3412, 4241, 1044, 1540, 5215, 5241, 944, 1359, 1189, 4026, 1061, 4635, 1344, 3681, 7336, 1175, 1114, 2963, 1943, 2934, 2668, 1588, 3543, 4555, 569, 2384, 1401, 3775, 2528, 789, 6104, 2305, 2183, 2082, 3282, 1493, 2238, 3257, 1853, 3845, 1864, 648, 2596, 1134, 2915, 4115, 2015, 353, 616, 3609, 1644, 1795, 5309, 1766, 1867, 1527, 1352, 1414, 4965, 3234, 2517, 2247, 1800, 3555, 5073, 1245, 4308, 3048, 3527, 1114, 2328, 2372, 856, 1174, 526, 4674, 509, 5102, 3275, 936, 1365, 4377, 4942, 3740, 3690, 7213, 749, 2572, 2687, 1249, 835, 4723, 2994, 614, 1576, 1823, 1187, 5295, 2844, 2358, 1652, 844, 2194, 1327, 409, 1602, 1131], [5719, 1426, 11191, 7469, 3428, 5912, 6488, 0, 9176, 8024, 3467, 5007, 9263, 1494, 7210, 5518, 5653, 8360, 6352, 6149, 8981, 2897, 5912, 7517, 5127, 4727, 5685, 7367, 5690, 4212, 5846, 3751, 5315, 2950, 12405, 5385, 5660, 3527, 7491, 4788, 4183, 5191, 4707, 9260, 6025, 8674, 5937, 6192, 4238, 6153, 7395, 4966, 4451, 8232, 6238, 5800, 6267, 8588, 8286, 10284, 6411, 6179, 7078, 7163, 5757, 5020, 8499, 6286, 6789, 9119, 4855, 5255, 3438, 8193, 4858, 4967, 5258, 5427, 8485, 3724, 5094, 8228, 7758, 5616, 4657, 6366, 4596, 4816, 6071, 5761, 8759, 4143, 6665, 5580, 6505, 8249, 6886, 1387, 8989, 7422, 6922, 10531, 6337, 4399, 7786, 5496, 6947, 3999, 3936, 5731, 5657, 5366, 6297, 7101, 4964, 7513, 5686, 4297, 5904, 8843, 6146, 5673, 4701, 6057, 6829, 5077, 5719], [3459, 7977, 4369, 1967, 6460, 6346, 2934, 9176, 0, 2182, 5876, 4195, 2165, 9384, 1968, 4545, 3526, 6817, 4721, 3029, 1410, 7157, 3266, 3098, 6458, 6661, 3877, 1810, 3487, 6929, 3333, 6517, 3872, 6240, 4811, 3838, 3523, 5702, 1833, 4762, 5037, 4520, 6408, 2922, 3238, 553, 3266, 6309, 4957, 3039, 6287, 4337, 4726, 2826, 4037, 3409, 3275, 4324, 2057, 2456, 2960, 3034, 2760, 3065, 4104, 5490, 1613, 3003, 2453, 1555, 4396, 3953, 7228, 1254, 4320, 4299, 3938, 3750, 4170, 5566, 5383, 3147, 3129, 4682, 7923, 2828, 5866, 5921, 4362, 3417, 2011, 5214, 2520, 4100, 2729, 6465, 2439, 7815, 3880, 2147, 2279, 3728, 5565, 5514, 5521, 10037, 2288, 5180, 5241, 3447, 3663, 5863, 3761, 2403, 4248, 1746, 3491, 6891, 3948, 1516, 3130, 3603, 4505, 4072, 2769, 4102, 3459], [2674, 7042, 3547, 943, 4883, 6778, 1605, 8024, 2182, 0, 4561, 3163, 4053, 7930, 1890, 4651, 2834, 7930, 5282, 2371, 3269, 5584, 2539, 927, 6631, 6707, 2342, 1768, 2728, 5067, 2577, 6194, 2942, 5274, 6984, 2779, 2679, 4519, 2402, 4444, 4268, 2897, 4491, 4718, 2158, 1717, 2803, 4176, 4131, 2247, 7181, 3841, 3787, 772, 4449, 2930, 3409, 2313, 264, 2263, 2996, 2140, 3418, 1011, 4220, 5540, 633, 1904, 1633, 3463, 3226, 3338, 6880, 1042, 3466, 3107, 2955, 2979, 5574, 4835, 3507, 1081, 951, 4879, 5950, 2472, 5789, 4033, 4743, 2647, 736, 3882, 1950, 2477, 1845, 4320, 1407, 6640, 2052, 791, 2208, 2813, 6148, 5261, 3356, 8010, 1564, 4168, 4288, 2761, 2422, 6096, 4141, 1051, 3176, 2229, 2727, 6804, 4112, 930, 2925, 2446, 3782, 2185, 1217, 3201, 2674], [2476, 2643, 7773, 4057, 981, 4994, 3055, 3467, 5876, 4561, 0, 1712, 6396, 3511, 3954, 3393, 2472, 7250, 4480, 2897, 5945, 1474, 2666, 4067, 4362, 4142, 2220, 4091, 2465, 2212, 2598, 3059, 2049, 1162, 9700, 2043, 2395, 396, 4366, 2500, 1517, 1747, 2245, 6598, 2646, 5346, 2823, 3586, 1427, 2852, 6231, 2230, 1363, 4778, 3950, 2716, 3476, 5287, 4823, 6820, 3451, 2844, 4285, 3702, 3369, 3536, 5053, 2894, 3430, 6113, 1482, 2243, 3462, 4801, 1743, 1579, 1967, 2244, 6298, 1580, 1988, 4792, 4315, 3622, 3333, 3197, 3373, 2008, 3953, 2519, 5295, 685, 3371, 2119, 3150, 5483, 3489, 2087, 5617, 3987, 3730, 7096, 4935, 2779, 4780, 5292, 3594, 979, 1070, 2538, 2241, 4181, 3850, 3667, 1647, 4345, 2459, 3932, 3455, 5397, 3127, 2282, 1799, 2637, 3377, 1870, 2476], [765, 3909, 6623, 2483, 2477, 4450, 1559, 5007, 4195, 3163, 1712, 0, 4725, 5214, 2250, 2394, 779, 6354, 3435, 1187, 4241, 3116, 955, 2938, 4032, 3972, 1119, 2394, 756, 3380, 887, 3199, 339, 2134, 8044, 390, 685, 1508, 2658, 1706, 1144, 1250, 3099, 4990, 1035, 3678, 1146, 3938, 989, 1157, 5390, 1101, 626, 3575, 2709, 1064, 1948, 4507, 3412, 5400, 1820, 1174, 2694, 2522, 2167, 2972, 3552, 1300, 1784, 4413, 305, 754, 3836, 3191, 408, 313, 259, 566, 4907, 1697, 2264, 3686, 3207, 2664, 4537, 1490, 3043, 2650, 2832, 808, 3886, 1112, 1677, 1243, 1499, 5403, 1894, 3632, 4661, 2469, 2019, 5905, 4114, 2418, 4506, 6646, 1942, 1026, 1130, 837, 760, 3638, 2515, 2153, 85, 2633, 750, 3944, 2186, 3892, 1484, 717, 771, 1888, 1951, 248, 765], [3986, 7909, 6504, 3428, 7199, 5080, 4076, 9263, 2165, 4053, 6396, 4725, 0, 9801, 2764, 3889, 3947, 4933, 3551, 3618, 793, 7837, 3815, 4867, 5429, 5735, 4917, 2726, 3981, 7976, 3880, 5968, 4394, 6365, 3323, 4482, 4078, 6110, 2160, 4485, 5144, 5525, 7560, 770, 4085, 2405, 3583, 7825, 5134, 3734, 4606, 4333, 5055, 4794, 3189, 3683, 3009, 6340, 4014, 4577, 2951, 3814, 2188, 4693, 3553, 4707, 3616, 3952, 3463, 616, 5007, 4168, 6631, 3013, 4657, 4950, 4489, 4167, 2222, 5546, 6554, 5116, 4977, 3900, 9084, 3259, 5155, 7066, 3460, 3946, 4094, 5836, 3303, 5175, 3637, 8352, 3601, 8011, 5964, 3669, 2810, 5883, 4241, 5032, 7370, 11229, 3331, 5498, 5491, 3891, 4508, 4845, 3036, 3784, 4803, 2258, 3988, 6071, 3395, 3616, 3271, 4395, 4677, 5396, 4120, 4536, 3986], [5974, 2573, 10807, 7532, 3054, 7074, 6522, 1494, 9384, 7930, 3511, 5214, 9801, 0, 7462, 6302, 5953, 9535, 7257, 6400, 9411, 2367, 6167, 7284, 6294, 5916, 5623, 7601, 5959, 3391, 6098, 4836, 5548, 3488, 13054, 5553, 5897, 3725, 7849, 5470, 4668, 5034, 3979, 9908, 6149, 8851, 6286, 5360, 4669, 6361, 8537, 5480, 4770, 7998, 6991, 6165, 6804, 8084, 8192, 10145, 6861, 6353, 7630, 6982, 6453, 5985, 8472, 6392, 6935, 9570, 4992, 5648, 4675, 8284, 5180, 5087, 5471, 5722, 9329, 4342, 4630, 7935, 7496, 6450, 3515, 6683, 5609, 4229, 6881, 6017, 8648, 4173, 6881, 5459, 6657, 7385, 6980, 1918, 8563, 7438, 7227, 10198, 7386, 5276, 7075, 4043, 7099, 4316, 4312, 6023, 5733, 6436, 6989, 7123, 5153, 7839, 5953, 5511, 6582, 8814, 6557, 5784, 5126, 5805, 6805, 5349, 5974], [1500, 6015, 5306, 961, 4620, 4947, 1314, 7210, 1968, 1890, 3954, 2250, 2764, 7462, 0, 2888, 1559, 6051, 3410, 1069, 2124, 5300, 1306, 2399, 4880, 5009, 2172, 177, 1524, 5264, 1373, 4685, 1920, 4273, 6042, 1915, 1569, 3754, 644, 2899, 3075, 2800, 4817, 3251, 1383, 1489, 1311, 5081, 2991, 1105, 5292, 2408, 2761, 2631, 2589, 1456, 1589, 4099, 2018, 3675, 1188, 1134, 1537, 2107, 2440, 3821, 1876, 1208, 700, 2316, 2476, 1994, 5396, 1238, 2353, 2389, 1993, 1784, 3803, 3613, 3801, 2906, 2592, 3088, 6346, 874, 4135, 4321, 2895, 1457, 2381, 3313, 593, 2427, 893, 5824, 863, 5853, 3926, 1176, 371, 4577, 4280, 3694, 4829, 8491, 578, 3217, 3275, 1480, 1821, 4316, 2281, 1137, 2310, 511, 1529, 5170, 2310, 2136, 1242, 1732, 2543, 2639, 1413, 2141, 1500], [2227, 4114, 8166, 3724, 4368, 2168, 3301, 5518, 4545, 4651, 3393, 2394, 3889, 6302, 2888, 0, 2043, 3975, 1094, 2349, 3814, 4818, 2265, 4835, 1994, 2134, 3396, 3056, 2171, 5521, 2261, 2087, 2278, 2839, 6899, 2519, 2284, 3007, 2730, 897, 1877, 3643, 5368, 3770, 2794, 4217, 1904, 6327, 1981, 2515, 2999, 1311, 2188, 5300, 726, 1810, 1310, 6557, 4831, 6559, 1701, 2655, 1848, 4434, 452, 949, 4753, 2951, 3029, 3900, 2655, 1683, 2769, 4123, 2024, 2701, 2353, 2049, 3029, 1992, 4632, 5512, 5089, 272, 6677, 2181, 1331, 4963, 584, 2229, 5239, 3153, 2703, 3584, 2865, 7747, 3270, 4402, 6553, 3863, 2521, 7433, 1724, 1153, 6813, 8683, 3088, 2432, 2324, 2084, 2887, 1446, 861, 3649, 2466, 2851, 2175, 2347, 599, 5023, 1728, 2761, 1740, 4185, 3678, 2158, 2227], [186, 4466, 6374, 2010, 3254, 4202, 1310, 5653, 3526, 2834, 2472, 779, 3947, 5953, 1559, 2043, 0, 5881, 2970, 517, 3474, 3893, 301, 2843, 3912, 3932, 1405, 1719, 129, 4119, 258, 3361, 454, 2717, 7266, 607, 249, 2229, 1899, 1627, 1537, 1811, 3794, 4220, 763, 3035, 371, 4474, 1440, 593, 4962, 1009, 1207, 3383, 2170, 321, 1256, 4537, 3057, 4980, 1060, 696, 1941, 2430, 1704, 2813, 3109, 963, 1256, 3642, 1067, 506, 4050, 2638, 797, 1024, 553, 232, 4222, 2092, 2883, 3556, 3106, 2308, 5267, 731, 2999, 3323, 2359, 197, 3515, 1890, 1042, 1628, 999, 5734, 1442, 4299, 4583, 2066, 1281, 5643, 3738, 2438, 4786, 7391, 1386, 1666, 1717, 82, 877, 3435, 1925, 1784, 857, 1889, 133, 3991, 1671, 3432, 724, 741, 1008, 2175, 1712, 606, 186], [6052, 6995, 11115, 7011, 8228, 2463, 6964, 8360, 6817, 7930, 7250, 6354, 4933, 9535, 6051, 3975, 5881, 0, 2924, 6024, 5483, 8574, 6028, 8395, 3245, 3637, 7284, 6164, 6002, 9440, 6047, 4705, 6199, 6426, 6142, 6431, 6128, 6856, 5544, 4804, 5773, 7599, 9329, 4239, 6560, 6789, 5630, 10291, 5903, 6207, 1026, 5286, 6151, 8681, 3716, 5588, 4731, 10127, 8027, 9251, 5104, 6352, 4515, 8042, 4201, 3736, 7781, 6642, 6508, 5409, 6625, 5618, 4923, 7075, 5997, 6665, 6285, 5946, 2713, 5699, 8605, 8954, 8614, 3712, 10580, 5721, 4006, 8935, 3534, 6041, 8313, 7104, 6177, 7496, 6453, 11600, 6753, 7659, 9975, 7220, 5772, 10422, 2316, 4508, 10633, 12500, 6494, 6342, 6210, 5899, 6757, 3153, 3983, 7115, 6430, 5718, 6008, 4064, 4213, 7938, 5325, 6621, 5712, 8053, 7270, 6113, 6052], [3145, 4928, 8696, 4340, 5457, 1626, 4121, 6352, 4721, 5282, 4480, 3435, 3551, 7257, 3410, 1094, 2970, 2924, 0, 3161, 3703, 5891, 3137, 5613, 1879, 2199, 4367, 3555, 3093, 6614, 3150, 2672, 3276, 3853, 6229, 3509, 3218, 4091, 3055, 1981, 2965, 4677, 6454, 3227, 3674, 4507, 2744, 7370, 3073, 3342, 1995, 2384, 3276, 5991, 844, 2687, 1902, 7353, 5425, 6963, 2307, 3487, 1995, 5234, 1278, 1347, 5266, 3784, 3733, 3734, 3711, 2695, 3238, 4584, 3087, 3746, 3361, 3025, 2145, 3028, 5692, 6235, 5851, 859, 7770, 2900, 1798, 6041, 613, 3137, 5784, 4243, 3396, 4576, 3632, 8702, 3983, 5341, 7276, 4519, 3076, 7972, 874, 1983, 7746, 9770, 3752, 3524, 3413, 2993, 3843, 1302, 1147, 4359, 3512, 3212, 3099, 2567, 1300, 5491, 2471, 3709, 2823, 5144, 4460, 3192, 3145], [432, 4978, 5917, 1512, 3610, 4514, 964, 6149, 3029, 2371, 2897, 1187, 3618, 6400, 1069, 2349, 517, 6024, 3161, 0, 3081, 4274, 239, 2489, 4291, 4345, 1403, 1220, 460, 4366, 306, 3840, 854, 3222, 6939, 878, 504, 2687, 1494, 2075, 2052, 1945, 3982, 3968, 564, 2528, 447, 4496, 1952, 185, 5149, 1488, 1699, 2969, 2326, 562, 1296, 4217, 2583, 4479, 959, 329, 1790, 2092, 1954, 3193, 2608, 623, 757, 3260, 1430, 1006, 4537, 2122, 1297, 1355, 931, 728, 4152, 2608, 3011, 3168, 2741, 2599, 5490, 382, 3422, 3495, 2565, 390, 3031, 2272, 526, 1658, 530, 5585, 966, 4787, 4207, 1589, 841, 5184, 3979, 2892, 4612, 7631, 876, 2152, 2217, 436, 917, 3782, 2044, 1330, 1251, 1454, 464, 4434, 1881, 2927, 699, 791, 1524, 2088, 1330, 1074, 432], [3482, 7672, 5776, 2686, 6690, 5305, 3412, 8981, 1410, 3269, 5945, 4241, 793, 9411, 2124, 3814, 3474, 5483, 3703, 3081, 0, 7351, 3298, 4098, 5548, 5813, 4295, 2055, 3486, 7386, 3366, 5892, 3904, 6043, 3925, 3958, 3569, 5690, 1589, 4274, 4807, 4922, 6939, 1523, 3493, 1613, 3129, 7117, 4773, 3172, 5038, 4015, 4642, 4005, 3175, 3247, 2735, 5550, 3224, 3857, 2574, 3231, 1981, 3944, 3422, 4707, 2824, 3330, 2809, 202, 4505, 3769, 6582, 2228, 4232, 4434, 3993, 3702, 2795, 5262, 5920, 4327, 4199, 3880, 8468, 2752, 5132, 6443, 3481, 3439, 3303, 5346, 2698, 4549, 3015, 7577, 2919, 7682, 5172, 2923, 2244, 5137, 4483, 4913, 6599, 10613, 2665, 5097, 5113, 3409, 3928, 4952, 2959, 3063, 4313, 1644, 3493, 6108, 3259, 2828, 2860, 3827, 4308, 4714, 3412, 4077, 3482], [3871, 2735, 8461, 5248, 706, 6222, 4241, 2897, 7157, 5584, 1474, 3116, 7837, 2367, 5300, 4818, 3893, 8574, 5891, 4274, 7351, 0, 4054, 4918, 5523, 5239, 3315, 5421, 3869, 1381, 3986, 4091, 3451, 2167, 11151, 3398, 3783, 1829, 5764, 3922, 2957, 2700, 1816, 8063, 3935, 6612, 4255, 3312, 2886, 4201, 7549, 3700, 2834, 5632, 5406, 4158, 4946, 5771, 5845, 7784, 4904, 4167, 5750, 4622, 4827, 4839, 6143, 4157, 4711, 7526, 2847, 3707, 4296, 6005, 3203, 2920, 3360, 3672, 7763, 2887, 2282, 5570, 5130, 5033, 2205, 4602, 4598, 1937, 5389, 3913, 6295, 2007, 4708, 3129, 4445, 5366, 4723, 1812, 6223, 5134, 5114, 7840, 6272, 4067, 4893, 3929, 4876, 2446, 2518, 3952, 3501, 5442, 5318, 4827, 3042, 5726, 3862, 4945, 4919, 6481, 4575, 3574, 3272, 3442, 4493, 3303, 3871], [195, 4746, 6081, 1711, 3396, 4432, 1044, 5912, 3266, 2539, 2666, 955, 3815, 6167, 1306, 2265, 301, 6028, 3137, 239, 3298, 4054, 0, 2583, 4172, 4206, 1306, 1458, 224, 4187, 70, 3657, 619, 2987, 7137, 668, 273, 2452, 1711, 1912, 1826, 1799, 3823, 4137, 538, 2765, 399, 4404, 1722, 294, 5131, 1303, 1462, 3102, 2315, 458, 1327, 4294, 2760, 4681, 1045, 408, 1912, 2176, 1896, 3072, 2809, 693, 957, 3474, 1208, 805, 4348, 2346, 1061, 1140, 701, 495, 4249, 2385, 2873, 3284, 2843, 2524, 5321, 557, 3276, 3341, 2532, 152, 3216, 2049, 759, 1551, 700, 5574, 1143, 4550, 4317, 1767, 1066, 5350, 3933, 2727, 4611, 7457, 1090, 1915, 1980, 223, 789, 3680, 2049, 1490, 1022, 1680, 228, 4277, 1842, 3133, 737, 652, 1302, 2037, 1438, 837, 195], [2662, 6656, 3728, 1486, 4234, 7002, 1540, 7517, 3098, 927, 4067, 2938, 4867, 7284, 2399, 4835, 2843, 8395, 5613, 2489, 4098, 4918, 2583, 0, 6753, 6772, 1911, 2331, 2720, 4261, 2599, 6116, 2806, 4930, 7884, 2593, 2633, 4099, 3006, 4458, 4081, 2327, 3664, 5489, 2085, 2609, 2932, 3253, 3925, 2322, 7576, 3822, 3549, 719, 4769, 3031, 3712, 1742, 1121, 2879, 3314, 2184, 3911, 420, 4440, 5653, 1552, 1892, 1891, 4297, 2914, 3315, 6769, 1900, 3306, 2795, 2787, 2925, 6197, 4630, 2729, 751, 270, 5087, 5082, 2713, 5836, 3232, 5032, 2648, 1468, 3417, 2225, 1955, 1986, 3490, 1643, 6149, 1744, 1245, 2632, 3034, 6451, 5255, 2504, 7115, 1904, 3861, 4004, 2785, 2185, 6261, 4471, 1283, 2927, 2840, 2717, 6809, 4359, 1815, 3152, 2259, 3657, 1482, 1161, 3046, 2662], [4095, 3751, 10157, 5712, 5297, 786, 5215, 5127, 6458, 6631, 4362, 4032, 5429, 6294, 4880, 1994, 3912, 3245, 1879, 4291, 5548, 5523, 4172, 6753, 0, 414, 5135, 5047, 4037, 6566, 4155, 1483, 4030, 3361, 7987, 4270, 4133, 3981, 4681, 2337, 3083, 5222, 6583, 5083, 4674, 6171, 3847, 7779, 3248, 4444, 2268, 2974, 3596, 7258, 2424, 3734, 3295, 8443, 6818, 8547, 3693, 4576, 3701, 6341, 2441, 1101, 6746, 4864, 5002, 5593, 4220, 3462, 1705, 6113, 3625, 4303, 4081, 3855, 3832, 2795, 6062, 7453, 7014, 1800, 7648, 4162, 1017, 6269, 2100, 4107, 7231, 4416, 4683, 5275, 4818, 9417, 5237, 4434, 8488, 5842, 4514, 9423, 1370, 1655, 8536, 9434, 5070, 3610, 3448, 3968, 4675, 599, 2700, 5613, 4084, 4814, 4040, 858, 2574, 7015, 3711, 4565, 3267, 5917, 5608, 3839, 4095], [4112, 3362, 10246, 5802, 5053, 1189, 5241, 4727, 6661, 6707, 4142, 3972, 5735, 5916, 5009, 2134, 3932, 3637, 2199, 4345, 5813, 5239, 4206, 6772, 414, 0, 5087, 5180, 4055, 6329, 4183, 1154, 4004, 3092, 8363, 4239, 4140, 3772, 4859, 2317, 2956, 5123, 6380, 5423, 4688, 6348, 3906, 7622, 3125, 4487, 2672, 2956, 3490, 7307, 2652, 3784, 3441, 8437, 6904, 8683, 3824, 4613, 3919, 6356, 2584, 1189, 6858, 4893, 5075, 5868, 4135, 3460, 1296, 6246, 3566, 4226, 4046, 3852, 4212, 2605, 5913, 7487, 7036, 1980, 7390, 4250, 939, 6089, 2336, 4128, 7330, 4255, 4766, 5209, 4874, 9316, 5303, 4074, 8513, 5918, 4640, 9512, 1769, 1555, 8457, 9132, 5155, 3453, 3287, 3995, 4650, 899, 2907, 5674, 4017, 4983, 4057, 445, 2730, 7139, 3806, 4549, 3202, 5858, 5642, 3796, 4112], [1241, 4756, 5636, 1938, 2611, 5516, 944, 5685, 3877, 2342, 2220, 1119, 4917, 5623, 2172, 3396, 1405, 7284, 4367, 1403, 4295, 3315, 1306, 1911, 5135, 5087, 0, 2250, 1287, 3100, 1270, 4306, 1124, 3021, 8212, 881, 1159, 2205, 2758, 2800, 2232, 646, 2647, 5331, 856, 3326, 1694, 3100, 2067, 1241, 6356, 2170, 1682, 2597, 3573, 1709, 2627, 3399, 2605, 4600, 2344, 1129, 3193, 1515, 3094, 4060, 2854, 967, 1495, 4488, 1023, 1718, 4927, 2694, 1523, 909, 1060, 1351, 5548, 2758, 1640, 2658, 2174, 3666, 4175, 1782, 4155, 2152, 3756, 1258, 3076, 1544, 1615, 261, 1283, 4352, 1446, 4303, 3589, 1821, 2118, 4937, 5113, 3534, 3424, 6320, 1651, 1957, 2105, 1394, 530, 4717, 3326, 1513, 1083, 2665, 1281, 5061, 3072, 3197, 2042, 668, 1887, 792, 1184, 1297, 1241], [1651, 6180, 5151, 862, 4737, 5104, 1359, 7367, 1810, 1768, 4091, 2394, 2726, 7601, 177, 3056, 1719, 6164, 3555, 1220, 2055, 5421, 1458, 2331, 5047, 5180, 2250, 0, 1678, 5349, 1525, 4861, 2067, 4435, 5979, 2049, 1717, 3901, 676, 3075, 3242, 2886, 4889, 3247, 1491, 1320, 1482, 5102, 3155, 1241, 5421, 2581, 2917, 2521, 2741, 1627, 1753, 4009, 1881, 3505, 1357, 1256, 1651, 2063, 2607, 3992, 1718, 1296, 757, 2251, 2611, 2163, 5572, 1068, 2512, 2520, 2137, 1942, 3869, 3782, 3867, 2804, 2511, 3253, 6419, 1046, 4308, 4393, 3051, 1609, 2230, 3443, 721, 2501, 987, 5782, 876, 6007, 3814, 1092, 544, 4423, 4427, 3869, 4787, 8562, 611, 3372, 3433, 1640, 1930, 4480, 2433, 1100, 2451, 516, 1683, 5344, 2476, 1970, 1418, 1848, 2709, 2672, 1406, 2294, 1651], [59, 4523, 6264, 1920, 3220, 4330, 1189, 5690, 3487, 2728, 2465, 756, 3981, 5959, 1524, 2171, 129, 6002, 3093, 460, 3486, 3869, 224, 2720, 4037, 4055, 1287, 1678, 0, 4054, 163, 3468, 419, 2764, 7302, 525, 131, 2239, 1903, 1746, 1607, 1715, 3714, 4275, 637, 2987, 440, 4366, 1500, 501, 5086, 1121, 1240, 3265, 2289, 425, 1356, 4410, 2955, 4889, 1132, 590, 2013, 2306, 1830, 2939, 3018, 845, 1170, 3659, 1027, 613, 4154, 2566, 839, 972, 510, 273, 4314, 2168, 2790, 3434, 2983, 2436, 5197, 735, 3120, 3239, 2483, 82, 3415, 1863, 982, 1515, 904, 5610, 1344, 4330, 4460, 1965, 1269, 5534, 3865, 2554, 4660, 7326, 1308, 1695, 1758, 111, 758, 3562, 2040, 1678, 828, 1882, 8, 4109, 1794, 3344, 801, 621, 1085, 2053, 1593, 618, 59], [4036, 4106, 7528, 4964, 1280, 7205, 4026, 4212, 6929, 5067, 2212, 3380, 7976, 3391, 5264, 5521, 4119, 9440, 6614, 4366, 7386, 1381, 4187, 4261, 6566, 6329, 3100, 5349, 4054, 0, 4127, 5214, 3671, 3254, 11290, 3531, 3940, 2603, 5824, 4648, 3670, 2465, 624, 8323, 3898, 6378, 4487, 1993, 3547, 4243, 8426, 4260, 3350, 4936, 5999, 4428, 5327, 4758, 5314, 7121, 5179, 4166, 6059, 4059, 5424, 5743, 5679, 4058, 4595, 7576, 3076, 4101, 5520, 5700, 3616, 3099, 3571, 3933, 8275, 3791, 1565, 4805, 4424, 5767, 1165, 4738, 5583, 1035, 6052, 4072, 5718, 2381, 4691, 2855, 4373, 4047, 4533, 3192, 5284, 4797, 5169, 6966, 7126, 4989, 3684, 3273, 4750, 3101, 3231, 4156, 3470, 6392, 5847, 4527, 3296, 5747, 4047, 6087, 5480, 5996, 4842, 3583, 3812, 2898, 4162, 3615, 4036], [128, 4684, 6117, 1760, 3329, 4427, 1061, 5846, 3333, 2577, 2598, 887, 3880, 6098, 1373, 2261, 258, 6047, 3150, 306, 3366, 3986, 70, 2599, 4155, 4183, 1270, 1525, 163, 4127, 0, 3618, 551, 2924, 7202, 603, 204, 2383, 1779, 1882, 1769, 1748, 3768, 4197, 534, 2830, 426, 4365, 1661, 340, 5144, 1266, 1397, 3129, 2333, 464, 1359, 4302, 2801, 4730, 1091, 439, 1963, 2188, 1901, 3055, 2859, 711, 1009, 3541, 1140, 762, 4306, 2404, 998, 1073, 632, 435, 4293, 2330, 2822, 3305, 2860, 2522, 5262, 622, 3251, 3287, 2543, 86, 3260, 1981, 822, 1511, 745, 5556, 1187, 4483, 4335, 1810, 1134, 5386, 3939, 2695, 4597, 7397, 1146, 1849, 1916, 189, 747, 3669, 2071, 1527, 953, 1749, 166, 4247, 1853, 3184, 776, 609, 1247, 2012, 1460, 770, 128], [3522, 2337, 9730, 5349, 3935, 2248, 4635, 3751, 6517, 6194, 3059, 3199, 5968, 4836, 4685, 2087, 3361, 4705, 2672, 3840, 5892, 4091, 3657, 6116, 1483, 1154, 4306, 4861, 3468, 5214, 3618, 0, 3312, 1963, 8877, 3525, 3526, 2709, 4685, 1789, 2080, 4233, 5303, 5797, 4068, 6128, 3438, 6605, 2249, 3950, 3703, 2355, 2634, 6714, 2781, 3299, 3249, 7703, 6416, 8307, 3563, 4055, 3914, 5697, 2473, 1329, 6442, 4305, 4595, 5983, 3300, 2857, 713, 5898, 2814, 3406, 3330, 3224, 4815, 1613, 4920, 6855, 6385, 2076, 6255, 3844, 875, 5045, 2532, 3548, 6869, 3262, 4325, 4386, 4355, 8384, 4798, 2957, 7851, 5422, 4322, 9000, 2588, 1004, 7570, 7978, 4705, 2490, 2321, 3435, 3936, 1619, 2946, 5144, 3226, 4777, 3468, 875, 2636, 6751, 3444, 3858, 2459, 5038, 5044, 3071, 3522], [428, 4185, 6443, 2210, 2806, 4393, 1344, 5315, 3872, 2942, 2049, 339, 4394, 5548, 1920, 2278, 454, 6199, 3276, 854, 3904, 3451, 619, 2806, 4030, 4004, 1124, 2067, 419, 3671, 551, 3312, 0, 2413, 7715, 245, 351, 1835, 2321, 1695, 1327, 1418, 3360, 4673, 786, 3361, 824, 4107, 1194, 839, 5254, 1057, 881, 3409, 2512, 758, 1675, 4436, 3184, 5155, 1510, 874, 2389, 2387, 1999, 2946, 3294, 1045, 1487, 4077, 615, 596, 3975, 2897, 525, 574, 102, 271, 4644, 1894, 2475, 3544, 3074, 2549, 4822, 1153, 3067, 2896, 2666, 471, 3655, 1446, 1354, 1308, 1204, 5472, 1620, 3946, 4545, 2217, 1682, 5719, 3999, 2464, 4548, 6942, 1639, 1319, 1402, 504, 647, 3597, 2294, 1909, 411, 2296, 413, 4013, 1995, 3630, 1173, 550, 856, 1915, 1750, 261, 428], [2798, 1776, 8656, 4614, 1975, 4057, 3681, 2950, 6240, 5274, 1162, 2134, 6365, 3488, 4273, 2839, 2717, 6426, 3853, 3222, 6043, 2167, 2987, 4930, 3361, 3092, 3021, 4435, 2764, 3254, 2924, 1963, 2413, 0, 9581, 2522, 2747, 902, 4542, 1986, 1237, 2708, 3375, 6431, 3167, 5749, 2989, 4747, 1289, 3243, 5401, 2036, 1534, 5614, 3511, 2852, 3357, 6304, 5528, 7525, 3470, 3287, 4180, 4533, 2967, 2700, 5684, 3433, 3900, 6187, 2051, 2306, 2307, 5309, 1927, 2171, 2370, 2496, 5865, 856, 3136, 5676, 5192, 3013, 4299, 3420, 2435, 3167, 3422, 2839, 6005, 1589, 3745, 2998, 3617, 6635, 4024, 1647, 6575, 4600, 3976, 7955, 4142, 1932, 5907, 6092, 4051, 1111, 1012, 2796, 2853, 3283, 3502, 4283, 2108, 4565, 2761, 2834, 3095, 6024, 3198, 2840, 1752, 3600, 4059, 2163, 2798], [7308, 11010, 8396, 6566, 10519, 7416, 7336, 12405, 4811, 6984, 9700, 8044, 3323, 13054, 6042, 6899, 7266, 6142, 6229, 6939, 3925, 11151, 7137, 7884, 7987, 8363, 8212, 5979, 7302, 11290, 7202, 8877, 7715, 9581, 0, 7804, 7401, 9400, 5467, 7630, 8387, 8832, 10858, 3152, 7394, 5276, 6900, 11014, 8395, 7051, 6371, 7576, 8348, 7633, 6175, 6994, 6257, 9097, 6867, 6612, 6250, 7125, 5432, 7794, 6652, 7551, 6422, 7246, 6733, 3729, 8328, 7461, 9466, 5989, 7958, 8272, 7810, 7483, 4157, 8739, 9842, 7950, 7934, 6833, 12386, 6582, 8010, 10362, 6371, 7268, 6781, 9154, 6603, 8468, 6930, 11272, 6842, 11216, 8597, 6793, 6123, 7964, 6632, 8042, 10330, 14531, 6589, 8780, 8761, 7212, 7822, 7479, 6111, 6966, 8122, 5549, 7309, 8766, 6509, 6289, 6578, 7712, 7950, 8634, 7323, 7849, 7308], [506, 4297, 6255, 2096, 2733, 4636, 1175, 5385, 3838, 2779, 2043, 390, 4482, 5553, 1915, 2519, 607, 6431, 3509, 878, 3958, 3398, 668, 2593, 4270, 4239, 881, 2049, 525, 3531, 603, 3525, 245, 2522, 7804, 0, 410, 1872, 2370, 1934, 1504, 1209, 3191, 4795, 647, 3314, 964, 3887, 1358, 811, 5491, 1298, 1010, 3212, 2735, 927, 1861, 4205, 3026, 5013, 1656, 805, 2537, 2174, 2232, 3188, 3164, 912, 1408, 4136, 563, 838, 4178, 2809, 714, 479, 196, 486, 4828, 2066, 2277, 3336, 2862, 2790, 4672, 1224, 3303, 2718, 2898, 543, 3501, 1400, 1329, 1069, 1123, 5230, 1507, 4007, 4327, 2080, 1717, 5534, 4239, 2695, 4304, 6803, 1568, 1413, 1518, 631, 415, 3840, 2507, 1765, 422, 2328, 518, 4240, 2222, 3503, 1324, 340, 1067, 1671, 1571, 455, 506], [98, 4514, 6206, 1899, 3127, 4439, 1114, 5660, 3523, 2679, 2395, 685, 4078, 5897, 1569, 2284, 249, 6128, 3218, 504, 3569, 3783, 273, 2633, 4133, 4140, 1159, 1717, 131, 3940, 204, 3526, 351, 2747, 7401, 410, 0, 2186, 1982, 1826, 1618, 1589, 3593, 4386, 550, 3015, 565, 4236, 1501, 497, 5210, 1193, 1215, 3195, 2416, 554, 1486, 4312, 2911, 4862, 1254, 556, 2133, 2217, 1951, 3035, 2994, 780, 1160, 3744, 937, 684, 4206, 2567, 829, 872, 429, 303, 4441, 2184, 2663, 3355, 2898, 2550, 5080, 822, 3204, 3116, 2607, 134, 3376, 1778, 1006, 1386, 883, 5487, 1315, 4293, 4375, 1929, 1337, 5478, 3984, 2628, 4539, 7211, 1307, 1662, 1737, 240, 630, 3665, 2169, 1632, 750, 1952, 124, 4183, 1919, 3324, 926, 494, 1110, 1927, 1521, 586, 98], [2258, 2558, 7823, 3945, 1375, 4604, 2963, 3527, 5702, 4519, 396, 1508, 6110, 3725, 3754, 3007, 2229, 6856, 4091, 2687, 5690, 1829, 2452, 4099, 3981, 3772, 2205, 3901, 2239, 2603, 2383, 2709, 1835, 902, 9400, 1872, 2186, 0, 4125, 2112, 1134, 1826, 2608, 6282, 2505, 5183, 2563, 3904, 1058, 2664, 5837, 1877, 1056, 4797, 3578, 2446, 3155, 5417, 4779, 6781, 3161, 2675, 3973, 3715, 2999, 3143, 4976, 2764, 3279, 5853, 1330, 1944, 3152, 4674, 1460, 1442, 1765, 1998, 5935, 1191, 2253, 4838, 4356, 3233, 3727, 2959, 2986, 2337, 3571, 2301, 5254, 700, 3184, 2148, 2994, 5751, 3363, 2143, 5708, 3897, 3505, 7132, 4541, 2387, 5008, 5681, 3439, 626, 691, 2300, 2132, 3789, 3491, 3576, 1456, 4117, 2234, 3577, 3091, 5320, 2846, 2149, 1462, 2724, 3313, 1626, 2258], [1896, 6232, 5657, 1530, 5102, 4652, 1943, 7491, 1833, 2402, 4366, 2658, 2160, 7849, 644, 2730, 1899, 5544, 3055, 1494, 1589, 5764, 1711, 3006, 4681, 4859, 2758, 676, 1903, 5824, 1779, 4685, 2321, 4542, 5467, 2370, 1982, 4125, 0, 2940, 3311, 3368, 5402, 2613, 1929, 1491, 1569, 5717, 3256, 1590, 4842, 2558, 3088, 3167, 2289, 1698, 1444, 4674, 2485, 3911, 1137, 1660, 1073, 2735, 2284, 3678, 2251, 1795, 1330, 1768, 2918, 2239, 5396, 1550, 2675, 2847, 2408, 2129, 3197, 3808, 4396, 3459, 3182, 2887, 6926, 1171, 4041, 4907, 2612, 1854, 2781, 3759, 1144, 3017, 1481, 6455, 1505, 6163, 4454, 1764, 659, 4941, 3926, 3682, 5460, 9071, 1219, 3547, 3577, 1830, 2356, 4095, 1992, 1768, 2728, 175, 1910, 5071, 2132, 2448, 1351, 2249, 2791, 3270, 2055, 2503, 1896], [1803, 3425, 7989, 3575, 3477, 2753, 2934, 4788, 4762, 4444, 2500, 1706, 4485, 5470, 2899, 897, 1627, 4804, 1981, 2075, 4274, 3922, 1912, 4458, 2337, 2317, 2800, 3075, 1746, 4648, 1882, 1789, 1695, 1986, 7630, 1934, 1826, 2112, 2940, 0, 986, 2928, 4527, 4479, 2375, 4353, 1658, 5568, 1103, 2201, 3802, 641, 1361, 5009, 1528, 1522, 1546, 6123, 4657, 6524, 1805, 2318, 2315, 4042, 986, 1267, 4662, 2589, 2826, 4392, 1920, 1144, 2498, 4110, 1302, 1990, 1744, 1536, 3890, 1131, 3853, 5179, 4723, 1125, 5800, 2056, 1380, 4144, 1471, 1822, 5102, 2301, 2544, 2947, 2599, 7107, 3039, 3595, 6200, 3662, 2538, 7256, 2502, 819, 6210, 7790, 2927, 1549, 1433, 1694, 2341, 1935, 1525, 3398, 1764, 3017, 1748, 2366, 1122, 4967, 1659, 2236, 958, 3584, 3338, 1504, 1803], [1649, 2941, 7757, 3517, 2493, 3619, 2668, 4183, 5037, 4268, 1517, 1144, 5144, 4668, 3075, 1877, 1537, 5773, 2965, 2052, 4807, 2957, 1826, 4081, 3083, 2956, 2232, 3242, 1607, 3670, 1769, 2080, 1327, 1237, 8387, 1504, 1618, 1134, 3311, 986, 0, 2175, 3576, 5246, 2112, 4561, 1773, 4700, 172, 2104, 4763, 814, 555, 4713, 2451, 1631, 2138, 5630, 4510, 6476, 2234, 2173, 2965, 3665, 1875, 2121, 4610, 2370, 2774, 4953, 1221, 1085, 2698, 4171, 803, 1328, 1318, 1335, 4813, 568, 2981, 4828, 4350, 2110, 4817, 2210, 2067, 3218, 2438, 1686, 4980, 1357, 2578, 2308, 2500, 6362, 2931, 2877, 5801, 3539, 2762, 7037, 3461, 1429, 5516, 6807, 2913, 570, 448, 1618, 1900, 2791, 2381, 3234, 1159, 3340, 1604, 2869, 1976, 4941, 1964, 1842, 534, 2960, 3070, 1068, 1649], [1683, 4368, 6027, 2573, 1996, 5680, 1588, 5191, 4520, 2897, 1747, 1250, 5525, 5034, 2800, 3643, 1811, 7599, 4677, 1945, 4922, 2700, 1799, 2327, 5222, 5123, 646, 2886, 1715, 2465, 1748, 4233, 1418, 2708, 8832, 1209, 1589, 1826, 3368, 2