{'nodes': [(0, 14.0, 15.0, 0, 48000, 0, False), (1, 15.0, 13.5, 23831, 30516, 20, True), (2, 6.0, 8.0, 30323, 33101, 30, True), (3, 2.0, 7.5, 32246, 36609, 10, True), (4, 2.0, 5.0, 17668, 24792, 50, True), (5, 4.0, 10.0, 19706, 28761, 50, True), (6, 11.0, 14.0, 41959, 47394, 50, True), (7, 4.5, 1.0, 6282, 13839, 10, True), (8, 0, 4.5, 9213, 17690, 30, True), (9, 1.5, 14.5, 11088, 16840, 40, True), (10, 14.5, 2.5, 11508, 18888, 40, True), (11, 8.0, 14.5, 4358, 13083, 30, True), (12, 13.0, 7.5, 30390, 39852, 30, True), (13, 7.5, 5.0, 18266, 24721, 50, True), (14, 5.5, 6.5, 6596, 11230, 30, True), (15, 13.0, 4.0, 8987, 12065, 20, True), (16, 14.5, 9.0, 39959, 45940, 10, True), (17, 2.0, 9.0, 35662, 39204, 20, True), (18, 1.0, 1.0, 36769, 44705, 50, True), (19, 7.0, 4.0, 30857, 34532, 40, True), (20, 12.0, 8.0, 33119, 38422, 40, True), (21, 5.0, 11.5, 29154, 34083, 50, False), (22, 6.5, 5.0, 19620, 28433, 10, True), (23, 12.5, 13.0, 0, 5815, 40, True), (24, 11.5, 2.0, 25167, 32555, 40, True), (25, 0, 6.5, 9438, 16415, 40, True), (26, 8.0, 4.0, 36196, 40001, 30, True), (27, 7.5, 12.5, 29247, 33006, 40, True), (28, 12.0, 12.5, 15777, 25858, 50, True), (29, 6.5, 3.5, 38231, 44302, 20, True), (30, 6.5, 2.5, 11272, 17442, 10, True), (31, 7.5, 12.0, 20704, 24260, 10, True), (32, 14.5, 9.0, 10344, 16531, 30, True), (33, 0.5, 10.0, 26844, 33198, 30, True), (34, 14.5, 1.0, 9359, 15119, 50, True), (35, 12.5, 2.5, 7869, 13326, 50, True), (36, 13.5, 10.0, 24719, 31360, 50, True), (37, 2.0, 12.0, 30941, 37230, 10, True), (38, 8.0, 1.0, 3799, 10783, 50, True), (39, 8.5, 1.0, 10352, 14406, 20, False), (40, 12.0, 10.0, 16738, 19976, 30, True), (41, 6.0, 5.5, 4281, 10519, 20, True), (42, 1.0, 13.5, 40474, 46508, 10, True), (43, 12.0, 14.0, 14368, 21740, 50, True), (44, 8.0, 3.0, 9938, 15953, 30, True), (45, 2.5, 0, 36612, 41901, 40, True), (46, 14.0, 12.0, 28434, 30240, 50, True), (47, 8.5, 10.5, 3011, 8404, 50, True), (48, 7.0, 14.5, 14205, 15166, 30, False), (49, 14.0, 0.5, 31859, 40312, 10, True), (50, 15.0, 7.5, 12846, 20137, 10, True), (51, 12.0, 8.5, 30332, 38297, 10, True), (52, 9.5, 1.5, 8221, 14161, 20, True), (53, 6.0, 7.0, 5205, 10028, 10, True), (54, 12.5, 11.0, 26651, 30632, 40, True), (55, 7.5, 6.5, 31027, 37196, 10, True), (56, 11.0, 6.0, 10440, 15887, 40, True), (57, 13.5, 12.5, 27106, 33572, 30, True), (58, 2.5, 3.5, 7193, 14620, 50, True), (59, 3.5, 9.0, 8611, 13689, 10, True), (60, 0.5, 2.0, 16286, 23292, 30, True), (61, 7.5, 12.0, 38490, 45593, 20, True), (62, 7.0, 11.0, 16613, 21662, 40, True), (63, 2.0, 6.5, 9102, 15012, 20, True), (64, 0.5, 3.5, 21478, 22008, 50, True), (65, 5.5, 9.5, 38479, 40882, 20, True), (66, 4.0, 2.0, 37732, 43477, 30, True), (67, 15.0, 0, 35271, 44248, 40, True), (68, 15.0, 5.5, 27647, 29685, 20, True), (69, 0.5, 2.5, 7620, 9395, 20, True), (70, 3.0, 11.5, 3924, 6116, 50, True), (71, 7.0, 8.0, 24270, 29511, 10, True), (72, 4.0, 4.0, 35234, 37659, 40, True), (73, 5.5, 14.0, 27638, 32173, 10, True), (74, 6.0, 12.5, 16337, 24615, 30, True), (75, 11.0, 14.0, 21579, 29224, 50, True), (76, 2.0, 11.0, 26143, 30106, 10, False), (77, 1.5, 2.5, 29916, 34611, 20, False), (78, 11.0, 13.5, 11132, 15310, 50, True), (79, 2.0, 0, 29602, 39339, 10, True), (80, 4.5, 14.5, 16140, 24734, 20, True), (81, 12.5, 8.5, 16882, 23723, 10, True), (82, 2.0, 7.5, 25617, 28647, 40, False), (83, 5.0, 0.5, 37849, 41591, 30, False), (84, 1.5, 5.5, 15260, 18530, 40, True), (85, 4.5, 8.0, 15254, 21953, 40, True), (86, 4.0, 7.5, 17263, 24611, 40, True), (87, 4.0, 5.0, 7708, 15252, 50, True), (88, 7.0, 0.5, 25508, 32278, 20, True), (89, 5.0, 2.5, 33034, 38466, 20, True), (90, 12.0, 12.5, 42877, 48000, 10, True), (91, 11.5, 6.5, 28812, 37110, 20, True), (92, 12.5, 5.5, 14474, 21618, 40, False), (93, 4.5, 2.5, 38932, 44727, 20, True), (94, 10.5, 7.5, 7510, 12466, 50, True), (95, 11.5, 1.0, 5366, 9792, 10, True), (96, 13.0, 3.5, 22652, 28625, 40, True), (97, 4.5, 12.5, 11791, 18333, 50, True), (98, 7.0, 10.0, 9344, 16715, 10, True), (99, 5.0, 9.0, 35718, 45223, 50, False), (100, 1.5, 7.0, 22057, 30922, 30, False), (101, 9.0, 4.5, 40445, 46455, 40, True), (102, 7.0, 2.0, 18146, 24625, 40, True), (103, 15.0, 8.0, 14717, 19509, 40, True), (104, 6.5, 12.0, 4651, 8145, 30, True), (105, 3.0, 14.0, 16888, 22709, 30, True), (106, 15.0, 12.5, 2013, 6395, 50, True), (107, 0.5, 12.5, 20441, 27539, 50, True), (108, 14.0, 4.5, 26716, 34200, 30, True), (109, 10.5, 2.0, 23122, 30477, 50, True), (110, 5.5, 14.5, 17549, 20887, 50, True), (111, 0.5, 11.5, 39474, 45273, 20, True), (112, 7.5, 5.5, 16431, 19161, 20, True), (113, 14.5, 6.5, 7345, 9364, 20, True), (114, 7.0, 6.5, 28571, 33553, 20, True), (115, 11.0, 8.0, 27180, 33554, 20, False), (116, 4.5, 9.0, 24693, 28709, 50, True), (117, 14.5, 2.0, 19719, 27395, 20, False), (118, 8.0, 3.0, 9451, 18479, 10, True), (119, 11.0, 8.5, 0, 8172, 20, True), (120, 2.0, 4.5, 11853, 16196, 20, True), (121, 0, 1.0, 22190, 29013, 40, True), (122, 14.0, 4.0, 1122, 6520, 20, True), (123, 13.0, 3.0, 39861, 45954, 30, True), (124, 8.5, 12.5, 18853, 22765, 20, True), (125, 15.0, 3.5, 21585, 26445, 20, True), (126, 14.0, 15.0, 0, 48000, 0, False)], 'F': 20.0, 'ct': 0.083, 'cd': 0.021, 'truck_cap': 100, 'drone_cap': 20, 'truck_speed': 40, 'drone_speed': 40, 'a': 1, 'b': 2, 'max_flight_time': 30, 'ttt': [[0, 542, 3190, 4246, 4687, 3355, 950, 5077, 5251, 3754, 3754, 1807, 2271, 3579, 3607, 3315, 1807, 4026, 5732, 3913, 2185, 2898, 3751, 751, 3972, 4915, 3760, 2090, 961, 4120, 4374, 2149, 1807, 4320, 4204, 3778, 1508, 3712, 4570, 4513, 1617, 3727, 3927, 672, 4026, 5671, 901, 2133, 2106, 4351, 2271, 2041, 4270, 3395, 1283, 3211, 2847, 766, 4880, 3629, 5623, 2149, 2420, 4413, 5321, 3038, 4921, 4511, 2867, 5521, 3464, 2971, 4461, 2569, 2515, 950, 3796, 5304, 1007, 5764, 2855, 2002, 4246, 5121, 4711, 3541, 3751, 4244, 4831, 4622, 961, 2659, 2886, 4711, 2484, 4267, 3464, 2948, 2582, 3246, 4453, 3490, 4430, 2122, 2424, 3315, 809, 4120, 3151, 4040, 2555, 4185, 3454, 2555, 3304, 2286, 3372, 3904, 4026, 2149, 4785, 5941, 3301, 3613, 1813, 3464, 1], [542, 0, 3165, 4296, 4661, 3464, 1210, 4898, 5249, 4062, 3304, 2122, 1898, 3402, 3541, 2913, 1359, 4128, 5631, 3727, 1880, 3060, 3607, 766, 3607, 4967, 3541, 2271, 950, 3938, 4171, 2296, 1359, 4476, 3754, 3385, 1143, 3927, 4299, 4228, 1384, 3613, 4201, 913, 3787, 5521, 542, 2149, 2420, 3913, 1801, 1750, 3961, 3332, 1062, 3079, 2551, 542, 4803, 3706, 5553, 2296, 2515, 4430, 5285, 3093, 4775, 4051, 2401, 5461, 3651, 2913, 4361, 2855, 2718, 1210, 3972, 5225, 1201, 5623, 3165, 1678, 4296, 4921, 4709, 3557, 3760, 4171, 4580, 4461, 950, 2349, 2515, 4563, 2251, 3895, 3060, 3165, 2621, 3291, 4496, 3246, 4204, 1651, 2590, 3604, 301, 4361, 2718, 3706, 2867, 4392, 3291, 2106, 3190, 2041, 3428, 3454, 3787, 1922, 4744, 5859, 2867, 3208, 1974, 3001, 542], [3190, 3165, 0, 1210, 1501, 850, 2344, 2149, 2085, 2373, 3038, 2041, 2106, 1007, 475, 2420, 2569, 1238, 2582, 1238, 1801, 1093, 913, 2461, 2443, 1856, 1343, 1424, 2251, 1359, 1658, 1283, 2569, 1757, 3304, 2555, 2330, 1698, 2185, 2231, 1898, 751, 2231, 2547, 1617, 2621, 2684, 1062, 1974, 3291, 2705, 1807, 2216, 301, 2149, 637, 1617, 2625, 1711, 809, 2443, 1283, 950, 1283, 2133, 475, 1898, 3613, 2803, 2334, 1384, 301, 1343, 1807, 1351, 2344, 1501, 2133, 2231, 2684, 2002, 1957, 1210, 2271, 1545, 451, 619, 1083, 2271, 1678, 2251, 1711, 2090, 1711, 1359, 2672, 2497, 1424, 672, 425, 1384, 1384, 1826, 2701, 1210, 2013, 3020, 2133, 2621, 2251, 1957, 1957, 876, 2590, 542, 1501, 542, 3122, 1617, 1508, 1596, 2767, 2684, 2582, 1545, 3020, 3190], [4246, 4296, 1210, 0, 751, 961, 3332, 2090, 1083, 2106, 4040, 2767, 3301, 1813, 1093, 3464, 3778, 451, 1974, 1832, 3005, 1501, 1545, 3557, 3294, 672, 2085, 2231, 3355, 1807, 2019, 2133, 3778, 876, 4228, 3490, 3532, 1351, 2655, 2759, 3093, 1343, 1826, 3579, 2251, 2256, 3846, 2149, 2582, 4169, 3901, 3016, 2882, 1210, 3321, 1678, 2738, 3763, 1210, 637, 1711, 2133, 1832, 301, 1283, 1210, 1757, 4503, 3947, 1567, 1238, 1508, 1210, 2216, 1922, 3332, 1051, 1508, 3246, 2251, 2231, 3165, 1, 2286, 619, 766, 601, 961, 2582, 1750, 3355, 2867, 3208, 1678, 2551, 3454, 3512, 1678, 1678, 1007, 213, 2286, 2231, 3904, 1910, 1974, 4180, 1567, 3712, 3038, 2349, 1283, 1757, 3763, 1531, 2705, 876, 4098, 2251, 2718, 901, 2041, 3751, 3566, 2461, 4081, 4246], [4687, 4661, 1501, 751, 0, 1617, 3819, 1416, 619, 2855, 3825, 3372, 3385, 1651, 1143, 3315, 3938, 1201, 1238, 1531, 3133, 2149, 1351, 3961, 2990, 751, 1826, 2791, 3751, 1424, 1545, 2672, 3938, 1567, 3938, 3239, 3763, 2101, 2164, 2291, 3355, 1210, 2569, 4037, 1898, 1508, 4169, 2555, 3222, 3846, 3972, 3179, 2484, 1343, 3629, 1711, 2718, 4120, 475, 1283, 1007, 2672, 2344, 451, 637, 1711, 1083, 4180, 3904, 876, 1974, 1750, 672, 2898, 2551, 3819, 1801, 766, 3715, 1501, 2948, 3321, 751, 1623, 213, 1173, 961, 601, 2019, 1173, 3751, 2886, 3155, 1062, 2659, 3093, 3332, 2373, 2122, 1501, 619, 2106, 1750, 4003, 2497, 2718, 4503, 2296, 3604, 2705, 3038, 2002, 1658, 3778, 1567, 2847, 1416, 3857, 1898, 2898, 151, 1343, 3613, 3355, 2978, 3927, 4687], [3355, 3464, 850, 961, 1617, 0, 2420, 2705, 2041, 1545, 3872, 1807, 2803, 1832, 1143, 3246, 3165, 672, 2847, 2013, 2475, 542, 1678, 2705, 3291, 1596, 2164, 1291, 2515, 2090, 2373, 1210, 3165, 1051, 4150, 3402, 2851, 850, 2956, 3020, 2401, 1478, 1384, 2684, 2420, 3035, 3060, 1359, 1623, 4139, 3385, 2443, 3038, 1083, 2569, 1486, 2420, 2948, 2002, 336, 2621, 1210, 950, 1210, 2216, 475, 2401, 4461, 3566, 2484, 542, 1083, 1801, 1283, 961, 2420, 672, 2373, 2349, 3060, 1359, 2590, 961, 2867, 1545, 619, 751, 1501, 2990, 2271, 2515, 2484, 2886, 2256, 2090, 3516, 3332, 766, 901, 425, 1173, 2231, 2564, 3355, 961, 1238, 3385, 1291, 3425, 3093, 1424, 1143, 1711, 3321, 1384, 2185, 336, 3961, 2420, 2149, 1757, 2956, 3500, 3422, 1545, 3834, 3355], [950, 1210, 2344, 3332, 3819, 2420, 0, 4361, 4361, 2855, 3607, 913, 2041, 2898, 2791, 3060, 1832, 3090, 4921, 3232, 1826, 1951, 3020, 542, 3604, 3995, 3133, 1143, 542, 3428, 3706, 1210, 1832, 3372, 4040, 3480, 1416, 2767, 4003, 3972, 1238, 2959, 3005, 301, 3422, 4915, 1083, 1291, 1210, 4150, 2291, 1678, 3778, 2582, 1007, 2484, 2401, 876, 4054, 2705, 4785, 1210, 1501, 3516, 4456, 2133, 4169, 4369, 2819, 4673, 2515, 2164, 3663, 1651, 1567, 1, 2847, 4476, 151, 4994, 1957, 1711, 3332, 4433, 3825, 2655, 2867, 3422, 4225, 3892, 542, 2256, 2590, 3964, 1957, 3904, 3208, 2002, 1698, 2344, 3541, 2913, 3796, 2164, 1478, 2401, 1283, 3183, 2990, 3604, 1658, 3239, 2759, 2484, 2551, 1801, 2461, 3751, 3422, 1651, 3927, 5110, 3133, 3355, 876, 3372, 950], [5077, 4898, 2149, 2090, 1416, 2705, 4361, 0, 1711, 4150, 3035, 4185, 3211, 1501, 1678, 2705, 3843, 2515, 1051, 1173, 3079, 3155, 1343, 4328, 2122, 2133, 1384, 3566, 4120, 961, 751, 3422, 3843, 2956, 3001, 2443, 3819, 3385, 1051, 1201, 3516, 1424, 3895, 4503, 1210, 672, 4361, 3093, 4120, 2855, 3706, 3183, 1508, 1856, 3843, 1880, 2461, 4382, 961, 2420, 1238, 3422, 3093, 1813, 1416, 2569, 336, 3165, 3428, 1283, 3183, 2231, 913, 3913, 3480, 4361, 3093, 1007, 4228, 809, 4051, 3291, 2090, 213, 1623, 2101, 1957, 1210, 766, 475, 4120, 2672, 2755, 451, 2655, 2101, 2659, 3451, 2803, 2406, 2013, 1711, 809, 3787, 3355, 3927, 4673, 3654, 3038, 1826, 4062, 3372, 1623, 3425, 1813, 2867, 2401, 3016, 1210, 2978, 1291, 1351, 2990, 2621, 3654, 3239, 5077], [5251, 5249, 2085, 1083, 619, 2041, 4361, 1711, 0, 3035, 4392, 3843, 4003, 2256, 1757, 3904, 4556, 1478, 1093, 2106, 3751, 2582, 1957, 4536, 3532, 601, 2406, 3291, 4328, 1974, 2041, 3183, 4556, 1658, 4476, 3799, 4374, 2330, 2621, 2759, 3961, 1826, 2718, 4593, 2443, 1545, 4766, 3122, 3663, 4369, 4590, 3796, 2990, 1951, 4228, 2330, 3332, 4709, 809, 1711, 766, 3183, 2867, 850, 336, 2231, 1416, 4699, 4511, 619, 2286, 2349, 1210, 3294, 3001, 4361, 2041, 751, 4265, 1478, 3291, 3938, 1083, 1922, 542, 1711, 1501, 1210, 2420, 1617, 4328, 3503, 3763, 1478, 3277, 3607, 3913, 2755, 2672, 2019, 876, 2701, 2231, 4622, 2978, 2990, 5101, 2406, 4201, 3239, 3425, 2106, 2271, 4392, 2185, 3464, 1910, 4415, 2443, 3512, 601, 1051, 4204, 3927, 3503, 4511, 5251], [3754, 4062, 2373, 2106, 2855, 1545, 2855, 4150, 3035, 0, 5309, 1951, 4040, 3372, 2684, 4673, 4236, 1658, 4054, 3557, 3706, 1384, 3222, 3332, 4803, 2443, 3706, 1898, 3208, 3626, 3901, 1951, 4236, 1384, 5623, 4885, 3846, 766, 4496, 4563, 3428, 3020, 336, 3155, 3964, 4361, 3825, 2420, 1651, 5631, 4563, 3629, 4580, 2625, 3464, 3001, 3825, 3651, 3315, 1757, 3763, 1951, 1957, 2406, 3315, 1922, 3825, 5944, 4868, 3613, 1007, 2555, 3239, 1210, 1478, 2855, 1062, 3601, 2867, 4354, 901, 3760, 2106, 4330, 2701, 2149, 2231, 2948, 4513, 3751, 3208, 3843, 4265, 3712, 3422, 5041, 4775, 1083, 2133, 1957, 2251, 3751, 4098, 4496, 1678, 475, 4095, 672, 4803, 4622, 1201, 950, 3246, 4580, 2913, 3454, 1880, 5411, 3964, 3372, 3005, 4076, 4898, 4880, 2185, 5225, 3754], [3754, 3304, 3038, 4040, 3825, 3872, 3607, 3035, 4392, 5309, 0, 4095, 1567, 2231, 2956, 637, 1951, 4228, 4076, 2296, 1813, 3927, 2515, 3208, 913, 4513, 2002, 3663, 3093, 2420, 2401, 3541, 1951, 4766, 451, 601, 2271, 4711, 2002, 1856, 2373, 2705, 5225, 3532, 1957, 3678, 2855, 3001, 4246, 619, 1508, 1951, 1531, 2886, 2621, 2420, 1486, 3016, 3613, 3834, 4204, 3541, 3402, 3938, 4212, 3422, 3155, 766, 913, 4201, 4382, 2791, 3183, 4382, 3938, 3607, 4536, 3901, 3464, 3825, 4687, 1898, 4040, 2913, 4003, 3425, 3490, 3239, 2330, 2851, 3093, 1501, 1083, 3001, 1922, 1007, 542, 4244, 3183, 3454, 4128, 1757, 2256, 1658, 3727, 4880, 3005, 5162, 619, 1210, 4501, 4994, 2286, 1201, 2551, 1957, 3579, 151, 1957, 2085, 3799, 4374, 475, 475, 3500, 336, 3754], [1807, 2122, 2041, 2767, 3372, 1807, 913, 4185, 3843, 1951, 4095, 0, 2582, 2855, 2515, 3490, 2555, 2443, 4563, 3165, 2291, 1274, 2886, 1424, 3895, 3395, 3151, 619, 1343, 3332, 3629, 766, 2555, 2625, 4496, 3846, 2133, 1951, 4051, 4054, 1807, 2767, 2122, 1210, 3451, 4653, 1951, 1210, 301, 4570, 2971, 2164, 3927, 2330, 1711, 2406, 2705, 1757, 3691, 2133, 4374, 766, 1093, 3001, 3995, 1678, 3938, 4831, 3422, 4246, 1750, 1974, 3372, 766, 850, 913, 2085, 4095, 950, 4709, 1051, 2251, 2767, 4296, 3332, 2216, 2420, 3093, 4212, 3712, 1343, 2621, 3020, 3751, 2231, 4185, 3626, 1210, 1384, 1880, 2978, 3016, 3763, 2867, 876, 1508, 2185, 2330, 3500, 3825, 751, 2424, 2705, 3093, 2420, 2149, 1957, 4228, 3451, 2013, 3500, 4709, 3629, 3763, 619, 3913, 1807], [2271, 1898, 2106, 3301, 3385, 2803, 2041, 3211, 4003, 4040, 1567, 2582, 0, 1813, 2271, 1051, 637, 3332, 4095, 2085, 336, 2684, 2090, 1658, 1711, 3913, 1832, 2231, 1531, 2291, 2461, 2133, 637, 3825, 2002, 1508, 766, 3566, 2461, 2373, 809, 2185, 4026, 1974, 2019, 3872, 1384, 1623, 2767, 2122, 601, 425, 2085, 2106, 1062, 1678, 751, 1508, 3372, 2886, 4098, 2133, 2085, 3315, 3938, 2330, 3165, 2330, 850, 4040, 3232, 1807, 2898, 2978, 2582, 2041, 3464, 3763, 1898, 3995, 3304, 336, 3301, 3190, 3503, 2555, 2701, 2803, 2767, 2831, 1531, 542, 619, 2959, 751, 2002, 1201, 2959, 1951, 2443, 3454, 1501, 2443, 619, 2373, 3579, 1617, 4040, 950, 1813, 3079, 3938, 1757, 542, 1826, 619, 2590, 1711, 2019, 672, 3422, 4361, 1093, 1351, 2019, 1343, 2271], [3579, 3402, 1007, 1813, 1651, 1832, 2898, 1501, 2256, 3372, 2231, 2855, 1813, 0, 751, 1678, 2420, 2041, 2291, 336, 1623, 2090, 301, 2831, 1501, 2296, 336, 2251, 2625, 542, 809, 2101, 2420, 2582, 2420, 1678, 2344, 2672, 1210, 1238, 2019, 475, 3211, 3020, 619, 2122, 2867, 1678, 2855, 2373, 2373, 1711, 1210, 751, 2344, 451, 1093, 2882, 1567, 1698, 2286, 2101, 1807, 1711, 2149, 1478, 1384, 2705, 2256, 2231, 2373, 913, 1093, 2767, 2296, 2898, 2443, 1951, 2759, 2231, 2990, 1832, 1813, 1545, 1807, 1274, 1291, 1051, 1359, 1062, 2625, 1283, 1508, 1173, 1173, 1698, 1711, 2424, 1508, 1416, 1898, 475, 913, 2424, 2122, 3020, 3183, 3079, 1957, 1274, 2913, 2867, 151, 2149, 475, 1384, 1501, 2286, 619, 1486, 1658, 2551, 1974, 1757, 2271, 2296, 3579], [3607, 3541, 475, 1093, 1143, 1143, 2791, 1678, 1757, 2684, 2956, 2515, 2271, 751, 0, 2373, 2803, 1291, 2133, 876, 2002, 1508, 542, 2867, 2251, 1651, 1062, 1898, 2655, 950, 1238, 1757, 2803, 1832, 3165, 2420, 2621, 1957, 1813, 1880, 2216, 336, 2497, 2978, 1291, 2149, 3038, 1501, 2443, 3122, 2867, 2041, 1922, 213, 2497, 601, 1658, 3001, 1274, 961, 2019, 1757, 1424, 1051, 1750, 901, 1424, 3454, 2867, 1922, 1678, 637, 876, 2251, 1807, 2791, 1711, 1698, 2672, 2216, 2420, 2185, 1093, 1807, 1238, 542, 542, 637, 1856, 1210, 2655, 1801, 2122, 1238, 1531, 2443, 2424, 1826, 1143, 766, 1210, 1210, 1424, 2886, 1678, 2373, 3372, 2344, 2621, 2019, 2401, 2122, 672, 2701, 451, 1711, 809, 3020, 1291, 1757, 1210, 2334, 2659, 2484, 2013, 2990, 3607], [3315, 2913, 2420, 3464, 3315, 3246, 3060, 2705, 3904, 4673, 637, 3490, 1051, 1678, 2373, 0, 1567, 3626, 3712, 1801, 1238, 3291, 1974, 2705, 751, 3972, 1501, 3038, 2569, 1957, 2002, 2913, 1567, 4161, 1007, 475, 1807, 4081, 1750, 1623, 1826, 2149, 4593, 3016, 1531, 3372, 2420, 2373, 3629, 1093, 1210, 1384, 1291, 2286, 2106, 1813, 850, 2555, 3155, 3222, 3799, 2913, 2767, 3385, 3754, 2791, 2767, 1343, 751, 3778, 3751, 2164, 2701, 3751, 3304, 3060, 3913, 3480, 2913, 3512, 4054, 1359, 3464, 2621, 3480, 2819, 2898, 2718, 2085, 2443, 2569, 876, 475, 2590, 1291, 1007, 151, 3607, 2547, 2831, 3566, 1210, 1898, 1343, 3093, 4244, 2621, 4536, 336, 961, 3872, 4374, 1711, 876, 1951, 1343, 2959, 751, 1531, 1478, 3304, 4003, 301, 301, 2886, 619, 3315], [1807, 1359, 2569, 3778, 3938, 3165, 1832, 3843, 4556, 4236, 1951, 2555, 637, 2420, 2803, 1567, 0, 3751, 4709, 2705, 809, 2948, 2684, 1343, 2286, 4415, 2461, 2349, 1291, 2913, 3093, 2286, 1, 4212, 2401, 2041, 425, 3857, 3093, 3001, 809, 2759, 4270, 1678, 2655, 4501, 913, 1856, 2791, 2555, 475, 766, 2705, 2621, 850, 2231, 1384, 1093, 3961, 3301, 4697, 2286, 2330, 3825, 4513, 2705, 3787, 2705, 1062, 4632, 3532, 2271, 3490, 3090, 2759, 1832, 3799, 4361, 1711, 4622, 3425, 619, 3778, 3825, 4040, 3016, 3183, 3372, 3402, 3454, 1291, 1173, 1210, 3579, 1283, 2564, 1711, 3179, 2271, 2851, 3947, 2133, 3079, 336, 2564, 3763, 1062, 4330, 1359, 2420, 3165, 4267, 2349, 751, 2373, 1093, 3001, 2101, 2655, 1062, 3987, 4969, 1508, 1856, 2085, 1658, 1807], [4026, 4128, 1238, 451, 1201, 672, 3090, 2515, 1478, 1658, 4228, 2443, 3332, 2041, 1291, 3626, 3751, 0, 2420, 2122, 3016, 1173, 1807, 3372, 3541, 961, 2344, 1957, 3179, 2133, 2373, 1880, 3751, 542, 4453, 3706, 3464, 901, 3001, 3093, 3016, 1596, 1384, 3355, 2547, 2705, 3712, 2002, 2231, 4413, 3927, 3005, 3183, 1343, 3208, 1813, 2847, 3607, 1658, 451, 2149, 1880, 1617, 751, 1711, 1062, 2185, 4744, 4040, 2002, 809, 1531, 1617, 1832, 1596, 3090, 601, 1957, 3020, 2701, 1813, 3155, 451, 2705, 1062, 809, 751, 1343, 2959, 2149, 3179, 2948, 3321, 2090, 2590, 3727, 3691, 1291, 1531, 901, 619, 2497, 2582, 3913, 1623, 1531, 4040, 1143, 3846, 3304, 1957, 876, 1957, 3825, 1678, 2718, 751, 4299, 2547, 2705, 1351, 2475, 3901, 3760, 2216, 4236, 4026], [5732, 5631, 2582, 1974, 1238, 2847, 4921, 1051, 1093, 4054, 4076, 4563, 4095, 2291, 2133, 3712, 4709, 2420, 0, 2013, 3913, 3372, 2041, 4987, 3165, 1678, 2286, 3964, 4775, 1813, 1711, 3834, 4709, 2705, 4051, 3480, 4622, 3315, 2101, 2251, 4265, 2019, 3751, 5110, 2185, 542, 5110, 3632, 4433, 3904, 4632, 3995, 2555, 2344, 4573, 2555, 3355, 5097, 876, 2515, 336, 3834, 3500, 1678, 766, 2886, 950, 4212, 4413, 475, 3208, 2767, 1274, 4128, 3763, 4921, 3016, 475, 4803, 425, 4185, 4120, 1974, 1210, 1359, 2349, 2149, 1501, 1807, 1283, 4775, 3557, 3706, 1143, 3454, 3151, 3678, 3607, 3246, 2684, 1807, 2621, 1826, 4697, 3691, 3947, 5436, 3454, 4040, 2867, 4270, 3155, 2373, 4374, 2443, 3663, 2621, 4062, 2185, 3751, 1093, 301, 4003, 3651, 4120, 4267, 5732], [3913, 3727, 1238, 1832, 1531, 2013, 3232, 1173, 2106, 3557, 2296, 3165, 2085, 336, 876, 1801, 2705, 2122, 2013, 0, 1922, 2330, 336, 3165, 1478, 2231, 301, 2555, 2959, 213, 475, 2406, 2705, 2655, 2424, 1711, 2655, 2831, 950, 1007, 2344, 542, 3372, 3355, 425, 1807, 3190, 2002, 3151, 2349, 2621, 2019, 1062, 950, 2672, 766, 1343, 3211, 1359, 1832, 2041, 2406, 2101, 1678, 1957, 1711, 1083, 2684, 2443, 2002, 2551, 1201, 901, 3035, 2569, 3232, 2582, 1711, 3093, 1922, 3239, 2133, 1832, 1210, 1711, 1416, 1384, 950, 1051, 751, 2959, 1545, 1711, 876, 1486, 1623, 1807, 2659, 1801, 1617, 1880, 619, 601, 2684, 2406, 3232, 3503, 3211, 2106, 1210, 3183, 2978, 475, 2373, 751, 1698, 1678, 2330, 425, 1807, 1508, 2286, 2101, 1826, 2590, 2406, 3913], [2185, 1880, 1801, 3005, 3133, 2475, 1826, 3079, 3751, 3706, 1813, 2291, 336, 1623, 2002, 1238, 809, 3016, 3913, 1922, 0, 2349, 1880, 1508, 1807, 3629, 1698, 1910, 1351, 2133, 2334, 1807, 809, 3503, 2231, 1658, 751, 3232, 2420, 2349, 601, 1951, 3691, 1801, 1922, 3727, 1343, 1291, 2461, 2330, 913, 151, 2090, 1826, 913, 1424, 672, 1424, 3155, 2569, 3892, 1807, 1750, 3035, 3706, 2002, 3001, 2564, 1173, 3825, 2898, 1501, 2684, 2655, 2251, 1826, 3133, 3557, 1678, 3843, 2978, 213, 3005, 3079, 3239, 2251, 2406, 2564, 2705, 2672, 1351, 475, 766, 2791, 475, 2106, 1384, 2625, 1617, 2122, 3165, 1384, 2344, 901, 2041, 3246, 1623, 3706, 1210, 1856, 2759, 3607, 1545, 876, 1567, 301, 2271, 1951, 1922, 336, 3179, 4169, 1343, 1531, 1711, 1623, 2185], [2898, 3060, 1093, 1501, 2149, 542, 1951, 3155, 2582, 1384, 3927, 1274, 2684, 2090, 1508, 3291, 2948, 1173, 3372, 2330, 2349, 0, 2002, 2296, 3454, 2122, 2424, 809, 2122, 2443, 2738, 766, 2948, 1424, 4249, 3516, 2590, 913, 3277, 3321, 2149, 1826, 1343, 2231, 2705, 3532, 2705, 1093, 1083, 4265, 3232, 2286, 3291, 1384, 2256, 1678, 2443, 2569, 2515, 876, 3155, 766, 619, 1750, 2755, 619, 2867, 4573, 3500, 3020, 601, 1210, 2271, 766, 425, 1951, 913, 2898, 1898, 3566, 913, 2424, 1501, 3301, 2085, 1062, 1238, 1974, 3355, 2701, 2122, 2461, 2882, 2705, 2041, 3706, 3395, 336, 751, 751, 1711, 2420, 2913, 3179, 475, 961, 3016, 1384, 3422, 3294, 913, 1351, 1951, 3222, 1617, 2085, 766, 4032, 2705, 2013, 2286, 3490, 3516, 3503, 1093, 3843, 2898], [3751, 3607, 913, 1545, 1351, 1678, 3020, 1343, 1957, 3222, 2515, 2886, 2090, 301, 542, 1974, 2684, 1807, 2041, 336, 1880, 2002, 0, 3001, 1750, 2002, 542, 2271, 2791, 451, 751, 2122, 2684, 2344, 2684, 1951, 2582, 2497, 1283, 1343, 2231, 213, 3038, 3165, 751, 1922, 3079, 1757, 2855, 2625, 2659, 1957, 1384, 619, 2547, 542, 1384, 3079, 1283, 1501, 2013, 2122, 1807, 1424, 1856, 1384, 1173, 2959, 2555, 1951, 2216, 913, 809, 2718, 2256, 3020, 2251, 1678, 2886, 2019, 2913, 2085, 1545, 1424, 1508, 1083, 1062, 751, 1359, 876, 2791, 1567, 1807, 961, 1416, 1922, 2002, 2330, 1508, 1283, 1617, 766, 913, 2705, 2101, 2898, 3402, 2882, 2256, 1501, 2867, 2655, 336, 2443, 475, 1623, 1343, 2564, 751, 1711, 1359, 2291, 2271, 2041, 2330, 2590, 3751], [751, 766, 2461, 3557, 3961, 2705, 542, 4328, 4536, 3332, 3208, 1424, 1658, 2831, 2867, 2705, 1343, 3372, 4987, 3165, 1508, 2296, 3001, 0, 3315, 4228, 3020, 1508, 213, 3372, 3629, 1531, 1343, 3712, 3651, 3151, 950, 3165, 3846, 3796, 913, 2978, 3454, 336, 3291, 4921, 542, 1416, 1711, 3778, 1813, 1359, 3566, 2655, 601, 2461, 2149, 336, 4139, 2956, 4885, 1531, 1757, 3706, 4593, 2349, 4171, 3972, 2373, 4785, 2886, 2231, 3715, 2122, 1957, 542, 3208, 4563, 475, 5014, 2443, 1351, 3557, 4374, 3995, 2831, 3038, 3503, 4098, 3872, 213, 1974, 2251, 3961, 1757, 3613, 2855, 2406, 1880, 2551, 3760, 2759, 3691, 1678, 1826, 2867, 766, 3604, 2590, 3355, 2149, 3629, 2705, 2041, 2555, 1567, 2684, 3355, 3291, 1424, 4054, 5199, 2738, 3005, 1210, 2948, 751], [3972, 3607, 2443, 3294, 2990, 3291, 3604, 2122, 3532, 4803, 913, 3895, 1711, 1501, 2251, 751, 2286, 3541, 3165, 1478, 1807, 3454, 1750, 3315, 0, 3706, 1210, 3372, 3155, 1567, 1508, 3232, 2286, 4081, 950, 336, 2475, 4139, 1093, 950, 2406, 1957, 4673, 3604, 1093, 2767, 3093, 2705, 3987, 876, 1957, 1957, 619, 2231, 2718, 1807, 1210, 3208, 2738, 3190, 3301, 3232, 3020, 3155, 3332, 2882, 2251, 1210, 1486, 3304, 3825, 2251, 2330, 4026, 3557, 3604, 3927, 3005, 3454, 2913, 4299, 1974, 3294, 2002, 3179, 2767, 2791, 2424, 1424, 1957, 3155, 1351, 1093, 2106, 1678, 301, 637, 3787, 2755, 2867, 3355, 1062, 1351, 2085, 3355, 4413, 3321, 4563, 1062, 301, 4161, 4361, 1596, 1623, 1910, 1807, 2971, 901, 1093, 1957, 2948, 3464, 961, 542, 3277, 1143, 3972], [4915, 4967, 1856, 672, 751, 1596, 3995, 2133, 601, 2443, 4513, 3395, 3913, 2296, 1651, 3972, 4415, 961, 1678, 2231, 3629, 2122, 2002, 4228, 3706, 0, 2515, 2882, 4026, 2149, 2291, 2791, 4415, 1062, 4653, 3938, 4185, 1757, 2913, 3038, 3751, 1826, 2122, 4246, 2621, 2090, 4513, 2819, 3190, 4570, 4511, 3651, 3222, 1807, 3987, 2251, 3304, 4433, 1173, 1291, 1359, 2791, 2497, 601, 913, 1880, 1807, 4905, 4511, 1210, 1750, 2149, 1416, 2791, 2547, 3995, 1478, 1283, 3913, 2041, 2755, 3799, 672, 2344, 542, 1424, 1238, 1283, 2767, 1922, 4026, 3451, 3763, 1807, 3165, 3825, 4003, 2251, 2349, 1678, 475, 2767, 2497, 4523, 2555, 2424, 4848, 1807, 4244, 3428, 2913, 1508, 2271, 4351, 2101, 3332, 1545, 4556, 2621, 3355, 850, 1651, 4267, 4040, 3122, 4590, 4915], [3760, 3541, 1343, 2085, 1826, 2164, 3133, 1384, 2406, 3706, 2002, 3151, 1832, 336, 1062, 1501, 2461, 2344, 2286, 301, 1698, 2424, 542, 3020, 1210, 2515, 0, 2555, 2819, 475, 637, 2406, 2461, 2882, 2149, 1424, 2443, 3001, 901, 913, 2164, 751, 3541, 3232, 301, 2041, 3001, 1957, 3165, 2085, 2349, 1807, 876, 1083, 2497, 766, 1083, 3038, 1658, 2019, 2330, 2406, 2122, 1951, 2256, 1813, 1343, 2420, 2149, 2296, 2705, 1238, 1201, 3093, 2621, 3133, 2767, 2002, 2990, 2164, 3321, 1910, 2085, 1384, 2002, 1596, 1596, 1238, 1093, 1007, 2819, 1291, 1424, 1143, 1291, 1384, 1508, 2759, 1826, 1750, 2149, 336, 672, 2420, 2443, 3355, 3304, 3402, 1807, 961, 3239, 3183, 475, 2090, 809, 1501, 1832, 2041, 301, 1623, 1807, 2564, 1801, 1531, 2555, 2106, 3760], [2090, 2271, 1424, 2231, 2791, 1291, 1143, 3566, 3291, 1898, 3663, 619, 2231, 2251, 1898, 3038, 2349, 1957, 3964, 2555, 1910, 809, 2271, 1508, 3372, 2882, 2555, 0, 1351, 2718, 3016, 151, 2349, 2231, 4040, 3355, 1951, 1658, 3454, 3464, 1545, 2149, 1974, 1424, 2855, 4040, 1957, 672, 619, 4095, 2705, 1807, 3355, 1711, 1567, 1801, 2216, 1801, 3090, 1596, 3787, 151, 475, 2443, 3422, 1083, 3321, 4374, 3079, 3663, 1384, 1359, 2759, 751, 451, 1143, 1711, 3500, 1093, 4098, 1083, 1922, 2231, 3678, 2767, 1623, 1832, 2484, 3604, 3093, 1351, 2164, 2582, 3133, 1750, 3654, 3165, 901, 766, 1291, 2443, 2443, 3155, 2625, 336, 1424, 2251, 2101, 3093, 3277, 850, 2122, 2101, 2767, 1807, 1711, 1384, 3787, 2855, 1596, 2913, 4120, 3211, 3294, 301, 3516, 2090], [961, 950, 2251, 3355, 3751, 2515, 542, 4120, 4328, 3208, 3093, 1343, 1531, 2625, 2655, 2569, 1291, 3179, 4775, 2959, 1351, 2122, 2791, 213, 3155, 4026, 2819, 1351, 0, 3165, 3425, 1359, 1291, 3532, 3532, 3005, 876, 3005, 3654, 3607, 751, 2767, 3315, 451, 3093, 4711, 619, 1210, 1617, 3651, 1750, 1201, 3385, 2443, 475, 2251, 1974, 451, 3927, 2759, 4673, 1359, 1567, 3500, 4382, 2149, 3961, 3857, 2286, 4573, 2718, 2019, 3503, 2002, 1801, 542, 3035, 4351, 425, 4803, 2330, 1210, 3355, 4169, 3787, 2625, 2831, 3291, 3901, 3663, 1, 1807, 2106, 3751, 1567, 3454, 2718, 2251, 1678, 2349, 3557, 2564, 3490, 1623, 1658, 2738, 901, 3451, 2475, 3183, 2041, 3464, 2497, 1951, 2344, 1384, 2484, 3239, 3093, 1238, 3843, 4987, 2621, 2867, 1051, 2847, 961], [4120, 3938, 1359, 1807, 1424, 2090, 3428, 961, 1974, 3626, 2420, 3332, 2291, 542, 950, 1957, 2913, 2133, 1813, 213, 2133, 2443, 451, 3372, 1567, 2149, 475, 2718, 3165, 0, 301, 2569, 2913, 2655, 2515, 1826, 2867, 2886, 876, 961, 2555, 619, 3425, 3557, 475, 1596, 3402, 2185, 3304, 2424, 2819, 2231, 1083, 1062, 2882, 950, 1545, 3422, 1201, 1880, 1856, 2569, 2256, 1623, 1801, 1826, 876, 2759, 2621, 1826, 2621, 1359, 766, 3165, 2705, 3428, 2625, 1531, 3291, 1711, 3355, 2344, 1807, 1007, 1617, 1478, 1416, 876, 913, 542, 3165, 1750, 1898, 672, 1698, 1678, 1951, 2767, 1957, 1711, 1832, 809, 475, 2886, 2551, 3321, 3715, 3246, 2271, 1283, 3315, 3001, 672, 2564, 913, 1910, 1757, 2443, 475, 2019, 1384, 2090, 2256, 1957, 2767, 2551, 4120], [4374, 4171, 1658, 2019, 1545, 2373, 3706, 751, 2041, 3901, 2401, 3629, 2461, 809, 1238, 2002, 3093, 2373, 1711, 475, 2334, 2738, 751, 3629, 1508, 2291, 637, 3016, 3425, 301, 0, 2867, 3093, 2882, 2443, 1801, 3079, 3155, 637, 751, 2791, 913, 3691, 3825, 475, 1416, 3632, 2475, 3604, 2330, 2959, 2443, 950, 1359, 3122, 1238, 1711, 3663, 1238, 2149, 1807, 2867, 2555, 1807, 1826, 2122, 766, 2659, 2705, 1801, 2898, 1658, 876, 3464, 3005, 3706, 2886, 1501, 3566, 1545, 3651, 2547, 2019, 751, 1750, 1757, 1678, 1062, 619, 451, 3425, 1922, 2013, 601, 1922, 1567, 1974, 3060, 2256, 2002, 2019, 961, 213, 3038, 2851, 3607, 3938, 3500, 2330, 1210, 3613, 3246, 950, 2684, 1210, 2133, 2041, 2406, 475, 2251, 1478, 2002, 2296, 1957, 3060, 2569, 4374], [2149, 2296, 1283, 2133, 2672, 1210, 1210, 3422, 3183, 1951, 3541, 766, 2133, 2101, 1757, 2913, 2286, 1880, 3834, 2406, 1807, 766, 2122, 1531, 3232, 2791, 2406, 151, 1359, 2569, 2867, 0, 2286, 2185, 3913, 3222, 1898, 1651, 3304, 3315, 1478, 2002, 2002, 1478, 2705, 3901, 1951, 542, 766, 3964, 2625, 1711, 3208, 1567, 1531, 1651, 2085, 1807, 2959, 1501, 3663, 1, 336, 2334, 3304, 961, 3179, 4246, 2978, 3541, 1359, 1210, 2621, 850, 475, 1210, 1678, 3372, 1143, 3961, 1173, 1832, 2133, 3532, 2655, 1501, 1711, 2349, 3454, 2948, 1359, 2041, 2461, 2990, 1623, 3512, 3038, 913, 619, 1173, 2344, 2296, 3005, 2551, 301, 1478, 2256, 2106, 2978, 3133, 961, 2106, 1951, 2672, 1658, 1596, 1274, 3663, 2705, 1486, 2791, 3995, 3093, 3165, 336, 3402, 2149], [1807, 1359, 2569, 3778, 3938, 3165, 1832, 3843, 4556, 4236, 1951, 2555, 637, 2420, 2803, 1567, 1, 3751, 4709, 2705, 809, 2948, 2684, 1343, 2286, 4415, 2461, 2349, 1291, 2913, 3093, 2286, 0, 4212, 2401, 2041, 425, 3857, 3093, 3001, 809, 2759, 4270, 1678, 2655, 4501, 913, 1856, 2791, 2555, 475, 766, 2705, 2621, 850, 2231, 1384, 1093, 3961, 3301, 4697, 2286, 2330, 3825, 4513, 2705, 3787, 2705, 1062, 4632, 3532, 2271, 3490, 3090, 2759, 1832, 3799, 4361, 1711, 4622, 3425, 619, 3778, 3825, 4040, 3016, 3183, 3372, 3402, 3454, 1291, 1173, 1210, 3579, 1283, 2564, 1711, 3179, 2271, 2851, 3947, 2133, 3079, 336, 2564, 3763, 1062, 4330, 1359, 2420, 3165, 4267, 2349, 751, 2373, 1093, 3001, 2101, 2655, 1062, 3987, 4969, 1508, 1856, 2085, 1658, 1807], [4320, 4476, 1757, 876, 1567, 1051, 3372, 2956, 1658, 1384, 4766, 2625, 3825, 2582, 1832, 4161, 4212, 542, 2705, 2655, 3503, 1424, 2344, 3712, 4081, 1062, 2882, 2231, 3532, 2655, 2882, 2185, 4212, 0, 4994, 4246, 3901, 751, 3516, 3613, 3451, 2133, 1062, 3654, 3079, 3060, 4095, 2406, 2373, 4953, 4415, 3480, 3715, 1880, 3613, 2349, 3372, 3972, 2041, 950, 2401, 2185, 1974, 1143, 1951, 1508, 2621, 5285, 4556, 2251, 876, 2041, 2085, 1922, 1813, 3372, 542, 2271, 3321, 3035, 1807, 3629, 876, 3155, 1384, 1343, 1291, 1832, 3454, 2625, 3532, 3464, 3846, 2551, 3093, 4265, 4228, 1416, 1951, 1384, 950, 3038, 3093, 4392, 1898, 1416, 4415, 751, 4374, 3843, 2019, 451, 2497, 4330, 2216, 3208, 1238, 4838, 3079, 3183, 1711, 2705, 4433, 4299, 2515, 4768, 4320], [4204, 3754, 3304, 4228, 3938, 4150, 4040, 3001, 4476, 5623, 451, 4496, 2002, 2420, 3165, 1007, 2401, 4453, 4051, 2424, 2231, 4249, 2684, 3651, 950, 4653, 2149, 4040, 3532, 2515, 2443, 3913, 2401, 4994, 0, 751, 2718, 4996, 1951, 1801, 2803, 2886, 5521, 3972, 2041, 3613, 3304, 3372, 4634, 213, 1957, 2373, 1508, 3122, 3060, 2672, 1832, 3464, 3678, 4081, 4212, 3913, 3751, 4098, 4267, 3715, 3165, 336, 1359, 4225, 4673, 3079, 3277, 4744, 4291, 4040, 4803, 3927, 3895, 3763, 5041, 2330, 4228, 2855, 4128, 3663, 3706, 3372, 2256, 2886, 3532, 1880, 1478, 3035, 2291, 901, 876, 4573, 3516, 3727, 4296, 1957, 2271, 2106, 4081, 5208, 3454, 5436, 1062, 1238, 4868, 5251, 2497, 1651, 2791, 2349, 3843, 301, 2041, 2484, 3895, 4351, 913, 751, 3892, 766, 4204], [3778, 3385, 2555, 3490, 3239, 3402, 3480, 2443, 3799, 4885, 601, 3846, 1508, 1678, 2420, 475, 2041, 3706, 3480, 1711, 1658, 3516, 1951, 3151, 336, 3938, 1424, 3355, 3005, 1826, 1801, 3222, 2041, 4246, 751, 0, 2271, 4249, 1424, 1283, 2256, 2149, 4775, 3454, 1359, 3093, 2886, 2684, 3961, 751, 1678, 1807, 950, 2373, 2551, 1922, 1143, 3016, 3016, 3332, 3604, 3222, 3038, 3372, 3613, 2971, 2555, 1062, 1173, 3601, 3927, 2334, 2590, 4040, 3579, 3480, 4054, 3301, 3332, 3239, 4328, 1801, 3490, 2330, 3422, 2913, 2959, 2659, 1757, 2251, 3005, 1238, 901, 2401, 1617, 542, 336, 3843, 2791, 2978, 3566, 1210, 1658, 1813, 3372, 4476, 3093, 4687, 751, 619, 4169, 4501, 1750, 1343, 2041, 1711, 3093, 619, 1359, 1856, 3208, 3778, 637, 213, 3232, 809, 3778], [1508, 1143, 2330, 3532, 3763, 2851, 1416, 3819, 4374, 3846, 2271, 2133, 766, 2344, 2621, 1807, 425, 3464, 4622, 2655, 751, 2590, 2582, 950, 2475, 4185, 2443, 1951, 876, 2867, 3079, 1898, 425, 3901, 2718, 2271, 0, 3503, 3165, 3090, 451, 2625, 3895, 1283, 2672, 4461, 619, 1508, 2373, 2855, 876, 637, 2819, 2424, 425, 2085, 1416, 751, 3834, 3016, 4580, 1898, 1974, 3607, 4361, 2406, 3727, 3035, 1424, 4503, 3183, 2041, 3372, 2684, 2373, 1416, 3464, 4246, 1291, 4573, 3020, 542, 3532, 3825, 3846, 2767, 2948, 3222, 3454, 3402, 876, 1210, 1384, 3516, 1173, 2767, 1957, 2803, 1951, 2569, 3712, 2133, 3093, 751, 2185, 3372, 876, 3972, 1658, 2564, 2755, 3927, 2251, 1093, 2216, 961, 2718, 2420, 2672, 876, 3825, 4868, 1807, 2106, 1678, 2002, 1508], [3712, 3927, 1698, 1351, 2101, 850, 2767, 3385, 2330, 766, 4711, 1951, 3566, 2672, 1957, 4081, 3857, 901, 3315, 2831, 3232, 913, 2497, 3165, 4139, 1757, 3001, 1658, 3005, 2886, 3155, 1651, 3857, 751, 4996, 4249, 3503, 0, 3760, 3834, 3060, 2291, 542, 3060, 3246, 3604, 3601, 2002, 1678, 4987, 4128, 3179, 3872, 1922, 3165, 2334, 3246, 3454, 2555, 1007, 3035, 1651, 1531, 1651, 2590, 1291, 3060, 5309, 4361, 2886, 336, 1922, 2475, 1210, 1210, 2767, 301, 2855, 2738, 3601, 1062, 3321, 1351, 3566, 1957, 1416, 1478, 2185, 3763, 2990, 3005, 3294, 3706, 2948, 2886, 4361, 4171, 766, 1617, 1274, 1508, 3079, 3355, 4081, 1351, 672, 3904, 475, 4246, 3938, 1291, 475, 2555, 4098, 2231, 2956, 1173, 4803, 3246, 2898, 2251, 3355, 4328, 4265, 1957, 4661, 3712], [4570, 4299, 2185, 2655, 2164, 2956, 4003, 1051, 2621, 4496, 2002, 4051, 2461, 1210, 1813, 1750, 3093, 3001, 2101, 950, 2420, 3277, 1283, 3846, 1093, 2913, 901, 3454, 3654, 876, 637, 3304, 3093, 3516, 1951, 1424, 3165, 3760, 0, 151, 2956, 1478, 4299, 4081, 601, 1678, 3760, 2855, 4062, 1807, 2867, 2551, 475, 1898, 3291, 1658, 1750, 3825, 1813, 2755, 2271, 3304, 3016, 2443, 2373, 2659, 1238, 2122, 2497, 2296, 3490, 2122, 1501, 3972, 3503, 4003, 3500, 2002, 3857, 1826, 4185, 2625, 2655, 913, 2373, 2349, 2291, 1698, 336, 1007, 3654, 1957, 1910, 1143, 2090, 1051, 1678, 3607, 2718, 2564, 2655, 1093, 425, 2971, 3332, 4180, 4040, 4120, 2085, 809, 4120, 3872, 1359, 2555, 1678, 2286, 2621, 1974, 601, 2424, 2085, 2401, 2013, 1617, 3454, 2231, 4570], [4513, 4228, 2231, 2759, 2291, 3020, 3972, 1201, 2759, 4563, 1856, 4054, 2373, 1238, 1880, 1623, 3001, 3093, 2251, 1007, 2349, 3321, 1343, 3796, 950, 3038, 913, 3464, 3607, 961, 751, 3315, 3001, 3613, 1801, 1283, 3090, 3834, 151, 0, 2898, 1545, 4374, 4040, 619, 1826, 3691, 2851, 4076, 1658, 2759, 2484, 336, 1951, 3232, 1678, 1678, 3763, 1951, 2831, 2420, 3315, 3035, 2555, 2515, 2705, 1384, 1974, 2373, 2443, 3557, 2149, 1623, 4003, 3532, 3972, 3579, 2149, 3825, 1974, 4225, 2551, 2759, 1062, 2497, 2420, 2373, 1807, 475, 1143, 3607, 1880, 1807, 1283, 2041, 901, 1545, 3654, 2738, 2621, 2767, 1062, 542, 2867, 3355, 4236, 3964, 4204, 1957, 672, 4150, 3961, 1384, 2443, 1711, 2231, 2684, 1826, 619, 2373, 2216, 2551, 1880, 1478, 3451, 2090, 4513], [1617, 1384, 1898, 3093, 3355, 2401, 1238, 3516, 3961, 3428, 2373, 1807, 809, 2019, 2216, 1826, 809, 3016, 4265, 2344, 601, 2149, 2231, 913, 2406, 3751, 2164, 1545, 751, 2555, 2791, 1478, 809, 3451, 2803, 2256, 451, 3060, 2956, 2898, 0, 2251, 3464, 1201, 2420, 4139, 850, 1062, 2019, 2913, 1173, 451, 2659, 2013, 336, 1711, 1238, 876, 3454, 2569, 4204, 1478, 1531, 3179, 3964, 1957, 3395, 3133, 1623, 4120, 2738, 1617, 3001, 2291, 1951, 1238, 3016, 3872, 1093, 4244, 2625, 475, 3093, 3541, 3428, 2330, 2515, 2831, 3222, 3079, 751, 1062, 1359, 3183, 876, 2705, 1974, 2373, 1501, 2122, 3277, 1880, 2831, 1083, 1757, 2956, 1173, 3532, 1757, 2443, 2373, 3480, 1910, 1291, 1832, 672, 2271, 2515, 2420, 542, 3425, 4501, 1898, 2122, 1291, 2149, 1617], [3727, 3613, 751, 1343, 1210, 1478, 2959, 1424, 1826, 3020, 2705, 2767, 2185, 475, 336, 2149, 2759, 1596, 2019, 542, 1951, 1826, 213, 2978, 1957, 1826, 751, 2149, 2767, 619, 913, 2002, 2759, 2133, 2886, 2149, 2625, 2291, 1478, 1545, 2251, 0, 2831, 3122, 961, 1957, 3093, 1678, 2718, 2831, 2767, 2013, 1596, 451, 2555, 542, 1508, 3079, 1210, 1291, 1957, 2002, 1678, 1238, 1757, 1210, 1210, 3165, 2701, 1880, 2013, 809, 751, 2555, 2101, 2959, 2041, 1623, 2831, 2041, 2738, 2149, 1343, 1531, 1351, 876, 850, 619, 1531, 950, 2767, 1678, 1951, 1007, 1478, 2133, 2185, 2149, 1384, 1093, 1424, 950, 1093, 2803, 1957, 2705, 3422, 2672, 2420, 1711, 2705, 2443, 451, 2569, 425, 1678, 1143, 2759, 961, 1750, 1238, 2251, 2443, 2231, 2231, 2767, 3727], [3927, 4201, 2231, 1826, 2569, 1384, 3005, 3895, 2718, 336, 5225, 2122, 4026, 3211, 2497, 4593, 4270, 1384, 3751, 3372, 3691, 1343, 3038, 3454, 4673, 2122, 3541, 1974, 3315, 3425, 3691, 2002, 4270, 1062, 5521, 4775, 3895, 542, 4299, 4374, 3464, 2831, 0, 3304, 3787, 4076, 3927, 2424, 1826, 5516, 4570, 3626, 4413, 2461, 3532, 2867, 3751, 3763, 3035, 1545, 3454, 2002, 1951, 2122, 3005, 1807, 3566, 5836, 4838, 3304, 850, 2443, 2990, 1359, 1531, 3005, 809, 3304, 3001, 4062, 1093, 3763, 1826, 4081, 2406, 1957, 2013, 2705, 4296, 3512, 3315, 3787, 4204, 3464, 3372, 4898, 4687, 1093, 2085, 1807, 1957, 3613, 3892, 4513, 1711, 619, 4212, 336, 4744, 4476, 1384, 619, 3093, 4563, 2767, 3425, 1711, 5321, 3787, 3355, 2718, 3763, 4831, 4785, 2271, 5162, 3927], [672, 913, 2547, 3579, 4037, 2684, 301, 4503, 4593, 3155, 3532, 1210, 1974, 3020, 2978, 3016, 1678, 3355, 5110, 3355, 1801, 2231, 3165, 336, 3604, 4246, 3232, 1424, 451, 3557, 3825, 1478, 1678, 3654, 3972, 3454, 1283, 3060, 4081, 4040, 1201, 3122, 3304, 0, 3512, 5077, 850, 1486, 1508, 4095, 2149, 1651, 3825, 2767, 913, 2625, 2420, 637, 4249, 2959, 4987, 1478, 1750, 3751, 4673, 2373, 4328, 4296, 2705, 4880, 2803, 2344, 3843, 1951, 1856, 301, 3133, 4673, 336, 5162, 2256, 1658, 3579, 4563, 4054, 2882, 3093, 3613, 4320, 4040, 451, 2256, 2555, 4120, 2002, 3904, 3165, 2296, 1922, 2582, 3787, 2990, 3901, 2013, 1757, 2701, 1007, 3480, 2913, 3629, 1957, 3532, 2886, 2373, 2705, 1826, 2705, 3678, 3512, 1678, 4139, 5309, 3060, 3315, 1143, 3277, 672], [4026, 3787, 1617, 2251, 1898, 2420, 3422, 1210, 2443, 3964, 1957, 3451, 2019, 619, 1291, 1531, 2655, 2547, 2185, 425, 1922, 2705, 751, 3291, 1093, 2621, 301, 2855, 3093, 475, 475, 2705, 2655, 3079, 2041, 1359, 2672, 3246, 601, 619, 2420, 961, 3787, 3512, 0, 1880, 3246, 2256, 3464, 1951, 2497, 2041, 637, 1343, 2755, 1062, 1274, 3294, 1658, 2251, 2271, 2705, 2420, 2085, 2256, 2090, 1238, 2286, 2231, 2256, 2959, 1531, 1238, 3385, 2913, 3422, 3001, 1957, 3277, 2013, 3607, 2133, 2251, 1173, 2090, 1832, 1807, 1343, 809, 913, 3093, 1486, 1545, 1062, 1545, 1210, 1508, 3038, 2122, 2013, 2291, 542, 425, 2582, 2738, 3626, 3541, 3632, 1856, 809, 3532, 3402, 766, 2216, 1093, 1750, 2085, 1974, 1, 1880, 1856, 2475, 1826, 1501, 2855, 2106, 4026], [5671, 5521, 2621, 2256, 1508, 3035, 4915, 672, 1545, 4361, 3678, 4653, 3872, 2122, 2149, 3372, 4501, 2705, 542, 1807, 3727, 3532, 1922, 4921, 2767, 2090, 2041, 4040, 4711, 1596, 1416, 3901, 4501, 3060, 3613, 3093, 4461, 3604, 1678, 1826, 4139, 1957, 4076, 5077, 1880, 0, 4987, 3629, 4556, 3454, 4374, 3825, 2149, 2349, 4461, 2461, 3122, 4996, 1051, 2718, 850, 3901, 3566, 1957, 1210, 2990, 751, 3751, 4098, 961, 3454, 2755, 1283, 4296, 3895, 4915, 3304, 809, 4787, 151, 4392, 3938, 2256, 766, 1678, 2475, 2296, 1567, 1359, 1062, 4711, 3332, 3425, 961, 3291, 2718, 3321, 3799, 3291, 2803, 2122, 2373, 1478, 4453, 3796, 4204, 5304, 3799, 3706, 2475, 4443, 3503, 2231, 4095, 2373, 3503, 2767, 3651, 1880, 3607, 1359, 809, 3654, 3277, 4161, 3895, 5671], [901, 542, 2684, 3846, 4169, 3060, 1083, 4361, 4766, 3825, 2855, 1951, 1384, 2867, 3038, 2420, 913, 3712, 5110, 3190, 1343, 2705, 3079, 542, 3093, 4513, 3001, 1957, 619, 3402, 3632, 1951, 913, 4095, 3304, 2886, 619, 3601, 3760, 3691, 850, 3093, 3927, 850, 3246, 4987, 0, 1711, 2231, 3451, 1384, 1210, 3428, 2831, 542, 2555, 2013, 213, 4291, 3277, 5041, 1951, 2122, 3961, 