{'nodes': [(0, 11.0, 7.5, 0, 48000, 0, False), (1, 9.0, 0.5, 25129, 31263, 50, True), (2, 9.5, 7.0, 12754, 18984, 20, True), (3, 10.0, 2.5, 26744, 37390, 40, True), (4, 14.0, 7.5, 25654, 33428, 20, True), (5, 2.5, 10.5, 29745, 33041, 20, False), (6, 14.5, 10.0, 8479, 15639, 40, True), (7, 1.0, 11.5, 3915, 12043, 30, True), (8, 8.5, 2.0, 4410, 9415, 30, True), (9, 3.0, 12.0, 23537, 29545, 40, True), (10, 6.0, 0.5, 24209, 31060, 40, True), (11, 6.5, 12.5, 26799, 29770, 30, True), (12, 7.5, 7.5, 26595, 28049, 50, True), (13, 15.0, 0, 20805, 28127, 10, True), (14, 4.5, 2.5, 24229, 28964, 20, True), (15, 10.0, 3.0, 43766, 48000, 40, True), (16, 6.0, 3.5, 27635, 30571, 40, True), (17, 0.5, 3.5, 31601, 34610, 40, False), (18, 3.0, 11.5, 1715, 5360, 10, True), (19, 8.5, 14.0, 41255, 44131, 20, True), (20, 10.0, 3.0, 5779, 9071, 20, True), (21, 6.5, 10.0, 8856, 15562, 10, True), (22, 14.5, 9.0, 12405, 17617, 30, True), (23, 11.0, 14.5, 30263, 38081, 10, True), (24, 2.5, 7.5, 11651, 19432, 50, True), (25, 13.0, 15.0, 17604, 21796, 30, True), (26, 7.0, 6.5, 30986, 37947, 40, True), (27, 11.5, 8.0, 44967, 48000, 30, True), (28, 12.5, 13.0, 17634, 24288, 10, True), (29, 5.5, 12.5, 30079, 30079, 10, True), (30, 7.5, 10.5, 31827, 35969, 20, True), (31, 7.5, 11.0, 27698, 36058, 20, True), (32, 13.5, 2.5, 21544, 27740, 10, True), (33, 8.5, 9.0, 13324, 20958, 10, True), (34, 12.0, 4.5, 20799, 29649, 40, True), (35, 4.5, 12.5, 10376, 18819, 10, True), (36, 8.0, 1.0, 38059, 43829, 40, True), (37, 13.5, 2.5, 10211, 16350, 10, True), (38, 13.0, 11.5, 8118, 12912, 30, True), (39, 6.5, 11.0, 31036, 37665, 20, False), (40, 10.5, 2.0, 26691, 31737, 50, True), (41, 6.5, 6.0, 8923, 18314, 40, True), (42, 12.5, 14.0, 29235, 35595, 50, False), (43, 11.0, 12.0, 35151, 44540, 50, True), (44, 15.0, 14.0, 39009, 47656, 50, True), (45, 15.0, 13.5, 38476, 44231, 20, True), (46, 14.5, 5.5, 14474, 16151, 40, True), (47, 0, 12.0, 36748, 45700, 30, True), (48, 8.5, 11.0, 24999, 25524, 30, False), (49, 11.5, 8.5, 40338, 48000, 50, True), (50, 11.5, 4.5, 6931, 6931, 40, True), (51, 13.5, 9.0, 34872, 39393, 10, True), (52, 13.5, 9.5, 32931, 41233, 20, False), (53, 3.0, 9.5, 18290, 25860, 50, False), (54, 6.0, 9.0, 2001, 4885, 30, True), (55, 11.5, 10.0, 6695, 10461, 30, True), (56, 8.5, 9.5, 30090, 35064, 40, False), (57, 12.5, 11.0, 38747, 43625, 10, True), (58, 4.5, 0, 33360, 41643, 50, True), (59, 2.5, 8.5, 37388, 40786, 10, True), (60, 13.5, 1.5, 13865, 22819, 10, False), (61, 11.5, 14.0, 34016, 39277, 20, True), (62, 4.0, 7.0, 17688, 26959, 10, True), (63, 6.0, 14.5, 24068, 31160, 20, True), (64, 11.0, 14.0, 4210, 10656, 50, True), (65, 13.5, 5.0, 42064, 46952, 30, True), (66, 5.0, 0, 31681, 40063, 10, True), (67, 2.5, 11.0, 3532, 11816, 20, True), (68, 8.0, 3.0, 4841, 13458, 10, True), (69, 6.0, 13.0, 41233, 48000, 40, True), (70, 6.0, 9.5, 7383, 14908, 20, True), (71, 6.5, 6.5, 6938, 13114, 10, True), (72, 1.5, 0, 35612, 43146, 50, True), (73, 5.5, 2.5, 3172, 7419, 10, True), (74, 11.0, 14.5, 0, 7486, 20, True), (75, 5.5, 9.5, 33507, 38476, 50, True), (76, 1.5, 13.5, 15648, 23210, 20, True), (77, 2.5, 9.0, 39432, 41199, 40, True), (78, 0, 5.0, 26222, 31379, 30, True), (79, 7.5, 8.0, 35008, 39506, 30, True), (80, 0, 12.5, 3505, 12819, 20, True), (81, 2.0, 13.0, 0, 10438, 40, True), (82, 3.5, 10.0, 23004, 26162, 50, True), (83, 3.5, 10.5, 32516, 38388, 10, True), (84, 11.0, 4.0, 3969, 12135, 20, True), (85, 3.5, 5.0, 23035, 29191, 50, True), (86, 3.0, 4.5, 30970, 40851, 20, True), (87, 9.5, 5.0, 38553, 44392, 10, False), (88, 11.0, 5.0, 37758, 46098, 50, False), (89, 6.5, 0, 40092, 48000, 10, True), (90, 11.5, 5.5, 24014, 29192, 40, True), (91, 2.0, 10.0, 17511, 22553, 40, True), (92, 11.5, 11.0, 1144, 7466, 20, True), (93, 10.0, 10.0, 29902, 34215, 30, True), (94, 14.5, 8.0, 8144, 14333, 10, True), (95, 7.0, 11.0, 19806, 24535, 20, True), (96, 0.5, 7.0, 16912, 22672, 50, True), (97, 8.0, 14.0, 10866, 18101, 20, True), (98, 2.0, 5.0, 40362, 45507, 10, True), (99, 10.0, 7.5, 9634, 12183, 50, True), (100, 9.5, 5.0, 7501, 10015, 40, True), (101, 13.0, 13.5, 25467, 31182, 40, True), (102, 2.0, 8.5, 26462, 29573, 40, True), (103, 7.5, 0, 19676, 27701, 40, True), (104, 9.5, 3.5, 18410, 20515, 20, True), (105, 12.5, 9.5, 33770, 40431, 40, True), (106, 3.5, 1.5, 32618, 41697, 30, True), (107, 1.0, 11.0, 39080, 43478, 20, True), (108, 8.0, 5.5, 18555, 24490, 20, True), (109, 6.0, 14.0, 24084, 29274, 40, False), (110, 13.0, 3.5, 0, 4817, 50, True), (111, 13.0, 10.0, 10296, 19238, 10, True), (112, 11.0, 1.0, 4267, 9628, 30, True), (113, 9.0, 9.0, 5023, 12288, 40, True), (114, 6.5, 6.5, 13529, 21158, 40, True), (115, 0, 9.0, 38044, 43603, 10, True), (116, 3.0, 5.0, 31915, 38385, 50, True), (117, 2.5, 5.0, 3192, 8208, 30, True), (118, 4.5, 10.5, 6299, 12292, 20, True), (119, 11.0, 12.0, 33434, 39040, 30, True), (120, 6.0, 11.5, 504, 4708, 30, True), (121, 13.5, 14.5, 31423, 38941, 20, True), (122, 1.5, 10.5, 29401, 36643, 10, True), (123, 3.0, 0, 20362, 24061, 20, True), (124, 11.0, 5.0, 27780, 37329, 30, True), (125, 11.0, 4.0, 9132, 15150, 50, True), (126, 11.0, 7.5, 0, 48000, 0, False)], 'F': 20.0, 'ct': 0.083, 'cd': 0.021, 'truck_cap': 100, 'drone_cap': 20, 'truck_speed': 40, 'drone_speed': 40, 'a': 1, 'b': 2, 'max_flight_time': 30, 'ttt': [[0, 2185, 475, 1531, 901, 2705, 1291, 3232, 1813, 2755, 2582, 2019, 1051, 2551, 2461, 1384, 1922, 3372, 2684, 2090, 1384, 1545, 1143, 2101, 2551, 2330, 1238, 213, 1711, 2231, 1384, 1486, 1678, 876, 950, 2461, 2149, 1678, 1343, 1711, 1658, 1424, 2002, 1351, 2291, 2164, 1210, 3566, 1291, 336, 913, 876, 961, 2475, 1567, 766, 961, 1143, 2978, 2569, 1951, 1957, 2106, 2582, 1951, 1062, 2882, 2759, 1623, 2231, 1617, 1384, 3632, 2231, 2101, 1757, 3372, 2590, 3385, 1062, 3626, 3165, 2373, 2424, 1051, 2373, 2564, 876, 751, 2625, 619, 2803, 1062, 809, 1062, 1596, 3155, 2149, 2803, 301, 876, 1898, 2718, 2484, 1283, 751, 2882, 3179, 1083, 2461, 1343, 961, 1951, 751, 1384, 3332, 2515, 2659, 2149, 1351, 1922, 2231, 2990, 3291, 751, 1051, 1], [2185, 0, 1957, 672, 2582, 3579, 3294, 4081, 475, 3892, 901, 3678, 2149, 1807, 1478, 809, 1274, 2705, 3760, 4054, 809, 2948, 3038, 4244, 2867, 4513, 1898, 2373, 3895, 3751, 3035, 3183, 1478, 2555, 1501, 3846, 336, 1478, 3512, 3239, 637, 1813, 4185, 3503, 4433, 4296, 2231, 4382, 3155, 2515, 1416, 2886, 3020, 3246, 2705, 2948, 2705, 3321, 1359, 3093, 1384, 4120, 2461, 4296, 4095, 1910, 1210, 3706, 809, 3857, 2847, 1951, 2256, 1210, 4244, 2898, 4503, 3211, 3020, 2296, 4501, 4299, 3294, 3425, 1210, 2133, 2164, 1359, 1478, 766, 1678, 3541, 3239, 2867, 2791, 3208, 3211, 4062, 2497, 2122, 1359, 4081, 3190, 475, 913, 2898, 1678, 3961, 1531, 4150, 1501, 3093, 619, 2551, 1951, 3715, 2251, 2373, 3291, 3503, 3422, 4413, 3751, 1807, 1478, 1210, 2185], [475, 1957, 0, 1359, 1359, 2349, 1750, 2886, 1531, 2461, 2216, 1880, 619, 2672, 2019, 1210, 1486, 2898, 2373, 2122, 1210, 1274, 1617, 2296, 2106, 2621, 766, 672, 2013, 2041, 1210, 1343, 1807, 672, 1062, 2231, 1856, 1807, 1711, 1501, 1531, 950, 2286, 1567, 2672, 2555, 1567, 3222, 1238, 751, 961, 1343, 1416, 2090, 1210, 1083, 809, 1501, 2582, 2149, 2041, 2185, 1651, 2484, 2149, 1343, 2497, 2420, 1283, 2085, 1291, 913, 3190, 1807, 2296, 1416, 3093, 2185, 2913, 672, 3294, 2882, 2013, 2085, 1007, 1898, 2090, 601, 751, 2286, 751, 2424, 1343, 913, 1531, 1416, 2701, 2149, 2330, 213, 601, 2216, 2296, 2185, 1051, 1173, 2443, 2819, 637, 2349, 1486, 1384, 1856, 619, 913, 2913, 2041, 2185, 1832, 1567, 1711, 2551, 2621, 2867, 751, 1007, 475], [1531, 672, 1359, 0, 1922, 3291, 2625, 3819, 475, 3541, 1343, 3179, 1678, 1678, 1651, 151, 1238, 2867, 3422, 3480, 151, 2484, 2373, 3613, 2705, 3857, 1501, 1711, 3239, 3291, 2515, 2659, 1051, 2002, 850, 3425, 751, 1051, 2847, 2759, 213, 1486, 3532, 2867, 3763, 3626, 1623, 4139, 2590, 1856, 751, 2216, 2349, 2971, 2291, 2296, 2149, 2659, 1813, 2882, 1093, 3480, 2251, 3796, 3464, 1291, 1678, 3402, 619, 3372, 2420, 1596, 2659, 1351, 3613, 2497, 4171, 2978, 3093, 1813, 4244, 3961, 2978, 3093, 542, 2090, 2185, 766, 809, 1291, 1007, 3291, 2590, 2251, 2133, 2705, 3155, 3503, 2515, 1501, 766, 3422, 3001, 1062, 336, 2231, 1974, 3715, 1083, 3654, 950, 2424, 542, 1974, 1596, 3579, 2231, 2373, 2913, 2867, 2956, 3751, 3503, 2231, 809, 542, 1531], [901, 2582, 1359, 1922, 0, 3566, 766, 4081, 2334, 3566, 3190, 2705, 1951, 2271, 3222, 1807, 2684, 4225, 3512, 2555, 1807, 2373, 475, 2286, 3451, 2271, 2122, 766, 1711, 2959, 2149, 2216, 1508, 1711, 1083, 3222, 2655, 1508, 1238, 2484, 1957, 2296, 2002, 1623, 1974, 1826, 619, 4413, 1957, 809, 1173, 475, 619, 3355, 2443, 1062, 1757, 1143, 3632, 3464, 1807, 2090, 3005, 3190, 2149, 766, 3516, 3607, 2251, 2913, 2475, 2271, 4374, 2959, 2286, 2621, 4161, 3480, 4267, 1957, 4461, 3961, 3239, 3277, 1384, 3239, 3422, 1545, 1173, 3183, 961, 3678, 1291, 1416, 213, 2349, 4054, 2655, 3678, 1201, 1545, 1826, 3613, 2978, 1807, 751, 3629, 4040, 1898, 3093, 1238, 809, 2149, 1567, 2271, 4225, 3385, 3532, 2990, 1623, 2684, 2106, 3857, 3995, 1173, 1384, 901], [2705, 3579, 2349, 3291, 3566, 0, 3604, 542, 3122, 475, 3179, 1343, 1750, 4898, 2475, 3183, 2349, 2185, 336, 2085, 3183, 1210, 3629, 2819, 901, 3428, 1807, 2803, 3093, 1083, 1501, 1508, 4081, 1856, 3372, 850, 3294, 4081, 3165, 1210, 3503, 1807, 3179, 2590, 3895, 3857, 3901, 876, 1807, 2767, 3246, 3332, 3315, 336, 1143, 2705, 1826, 3005, 3208, 601, 4265, 2898, 1143, 1596, 2759, 3691, 3239, 151, 2791, 1291, 1093, 1698, 3165, 2564, 2819, 950, 950, 451, 1813, 1678, 961, 766, 336, 301, 3211, 1678, 1807, 2672, 3038, 3372, 3090, 213, 2705, 2256, 3678, 1359, 1210, 1957, 1658, 2424, 2672, 3277, 619, 3490, 2971, 3016, 2718, 475, 2231, 1486, 3787, 3155, 3825, 2002, 1698, 876, 1658, 1651, 601, 2590, 1093, 3512, 301, 3155, 3038, 3211, 2705], [1291, 3294, 1750, 2625, 766, 3604, 0, 4076, 3001, 3503, 3825, 2515, 2231, 3005, 3751, 2497, 3211, 4632, 3480, 2164, 2497, 2401, 301, 1711, 3678, 1567, 2484, 1083, 1083, 2803, 2106, 2122, 2271, 1826, 1813, 3093, 3332, 2271, 637, 2420, 2684, 2684, 1343, 1210, 1210, 1062, 1351, 4392, 1826, 1007, 1880, 425, 336, 3454, 2569, 901, 1807, 672, 4244, 3629, 2569, 1501, 3277, 2886, 1596, 1531, 4139, 3613, 2867, 2705, 2555, 2621, 4921, 3516, 1711, 2705, 4040, 3613, 4602, 2185, 4415, 3857, 3301, 3304, 2085, 3626, 3825, 2122, 1832, 3843, 1623, 3751, 950, 1351, 601, 2271, 4296, 2291, 4040, 1545, 2122, 1143, 3778, 3663, 2461, 619, 4171, 4062, 2373, 2819, 2002, 451, 2898, 1678, 2621, 4361, 3763, 3901, 3005, 1210, 2590, 1384, 3904, 4573, 1832, 2085, 1291], [3232, 4081, 2886, 3819, 4081, 542, 4076, 0, 3632, 619, 3626, 1678, 2291, 5436, 2898, 3715, 2831, 2406, 601, 2373, 3715, 1711, 4120, 3133, 1283, 3751, 2344, 3321, 3480, 1384, 1974, 1957, 4622, 2373, 3913, 1093, 3787, 4622, 3601, 1658, 4032, 2334, 3532, 3005, 4267, 4244, 4433, 336, 2256, 3277, 3787, 3825, 3799, 850, 1678, 3183, 2330, 3454, 3607, 1007, 4803, 3239, 1623, 1750, 3093, 4228, 3654, 475, 3304, 1567, 1617, 2231, 3454, 3020, 3133, 1478, 619, 876, 1974, 2216, 425, 542, 876, 809, 3751, 2090, 2185, 3211, 3579, 3825, 3629, 542, 3155, 2738, 4185, 1807, 1359, 2231, 1974, 2956, 3211, 3651, 950, 3964, 3503, 3503, 3093, 151, 2767, 1678, 4328, 3629, 4351, 2515, 2231, 809, 2041, 2002, 1093, 3005, 1501, 3857, 336, 3503, 3579, 3751, 3232], [1813, 475, 1531, 475, 2334, 3122, 3001, 3632, 0, 3425, 876, 3208, 1678, 2041, 1210, 542, 876, 2443, 3294, 3601, 542, 2475, 2767, 3825, 2443, 4128, 1424, 2013, 3512, 3277, 2569, 2718, 1508, 2101, 1291, 3372, 336, 1508, 3155, 2767, 601, 1343, 3796, 3093, 4095, 3964, 2085, 3938, 2701, 2149, 1173, 2582, 2705, 2791, 2231, 2564, 2251, 2956, 1343, 2655, 1508, 3712, 2019, 3825, 3678, 1750, 1210, 3246, 336, 3385, 2373, 1478, 2185, 913, 3825, 2424, 4040, 2767, 2705, 1826, 4054, 3834, 2831, 2959, 961, 1750, 1813, 950, 1173, 850, 1384, 3093, 2847, 2443, 2547, 2738, 2831, 3604, 2149, 1711, 950, 3706, 2759, 672, 542, 2551, 1508, 3516, 1062, 3678, 1424, 2755, 809, 2106, 1478, 3304, 1880, 2013, 2819, 3093, 2948, 4040, 3304, 1757, 1173, 961, 1813], [2755, 3892, 2461, 3541, 3566, 475, 3503, 619, 3425, 0, 3566, 1062, 1910, 5092, 2886, 3422, 2705, 2659, 151, 1757, 3422, 1210, 3566, 2515, 1359, 3133, 2041, 2819, 2867, 766, 1424, 1384, 4249, 1880, 3516, 475, 3626, 4249, 3005, 1093, 3751, 2085, 2913, 2401, 3651, 3629, 3964, 901, 1678, 2759, 3402, 3277, 3239, 751, 1274, 2621, 1813, 2867, 3629, 1062, 4456, 2621, 1531, 1173, 2475, 3787, 3651, 336, 3090, 950, 1173, 1957, 3629, 2948, 2515, 1062, 637, 913, 2286, 1807, 913, 425, 619, 475, 3395, 2106, 2251, 2867, 3190, 3751, 3211, 672, 2569, 2185, 3654, 1238, 1678, 1617, 2122, 2497, 2867, 3035, 1093, 3846, 3211, 2948, 3155, 672, 2461, 1083, 3938, 3060, 4081, 2013, 1957, 1274, 2101, 2106, 637, 2401, 913, 3239, 637, 3601, 3190, 3395, 2755], [2582, 901, 2216, 1343, 3190, 3179, 3825, 3626, 876, 3566, 0, 3604, 2149, 2705, 751, 1416, 901, 1880, 3422, 4120, 1416, 2855, 3607, 4461, 2349, 4831, 1826, 2791, 4228, 3604, 3035, 3183, 2330, 2659, 2164, 3629, 619, 2330, 3913, 3155, 1424, 1658, 4496, 3763, 4868, 4744, 2959, 3892, 3239, 2913, 2041, 3402, 3516, 2847, 2551, 3294, 2803, 3706, 475, 2621, 2271, 4374, 2041, 4201, 4320, 2625, 336, 3321, 961, 3751, 2701, 1807, 1359, 619, 4461, 2705, 4128, 2759, 2251, 2296, 4026, 3938, 2948, 3093, 1832, 1545, 1501, 1711, 2019, 213, 2231, 3093, 3557, 3093, 3402, 3165, 2555, 4095, 1807, 2420, 1711, 4430, 2684, 475, 1384, 3332, 809, 3490, 1617, 4051, 2286, 3541, 1508, 2705, 1807, 3122, 1623, 1711, 3035, 3763, 3301, 4766, 3291, 913, 2019, 1832, 2582], [2019, 3678, 1880, 3179, 2705, 1343, 2515, 1678, 3208, 1062, 3604, 0, 1531, 4536, 3060, 3038, 2705, 3246, 1093, 751, 3038, 751, 2621, 1478, 1922, 2090, 1807, 2019, 1807, 301, 672, 542, 3663, 1210, 2913, 601, 3480, 3663, 1974, 451, 3372, 1951, 1856, 1359, 2590, 2569, 3190, 1957, 751, 1922, 2831, 2349, 2286, 1384, 1062, 1678, 1083, 1856, 3799, 1698, 3913, 1567, 1813, 619, 1424, 3079, 3778, 1283, 2886, 213, 913, 1801, 4040, 3016, 1478, 950, 1531, 1596, 2978, 1384, 1951, 1359, 1173, 1083, 2886, 2424, 2621, 2424, 2625, 3751, 2582, 1545, 1567, 1291, 2755, 475, 2443, 637, 2625, 1832, 2424, 1974, 1807, 3763, 2847, 2013, 3422, 1711, 2149, 475, 3332, 2090, 3706, 1291, 1801, 2216, 2484, 2551, 850, 1359, 336, 2185, 1617, 3895, 2625, 2886, 2019], [1051, 2149, 619, 1678, 1951, 1750, 2231, 2291, 1678, 1910, 2149, 1531, 0, 3183, 1750, 1545, 1283, 2420, 1807, 1974, 1545, 809, 2149, 2349, 1501, 2791, 336, 1210, 2231, 1617, 901, 1051, 2344, 542, 1623, 1750, 1957, 2344, 2041, 1093, 1880, 542, 2461, 1711, 2978, 2882, 2185, 2625, 1093, 1238, 1501, 1856, 1898, 1478, 637, 1416, 672, 1832, 2424, 1531, 2547, 2291, 1062, 2149, 2216, 1951, 2373, 1832, 1359, 1711, 751, 425, 2882, 1617, 2349, 850, 2547, 1567, 2373, 151, 2705, 2334, 1416, 1501, 1486, 1416, 1623, 961, 1291, 2271, 1343, 1813, 1596, 1062, 2106, 1062, 2106, 1957, 1813, 751, 961, 2443, 1678, 2251, 1343, 1617, 2164, 2216, 619, 2002, 2041, 1813, 2216, 637, 425, 2296, 1545, 1678, 1274, 1711, 1283, 2767, 2013, 2625, 1291, 1486, 1051], [2551, 1807, 2672, 1678, 2271, 4898, 3005, 5436, 2041, 5092, 2705, 4536, 3183, 0, 3239, 1750, 2898, 4476, 4987, 4632, 1750, 3938, 2705, 4513, 4374, 4541, 3093, 2621, 3972, 4711, 3872, 3995, 876, 3332, 1623, 4898, 2122, 876, 3503, 4171, 1478, 3122, 4267, 3796, 4201, 4051, 1658, 5764, 3834, 2759, 1711, 2738, 2886, 4593, 3819, 3179, 3454, 3385, 3151, 4536, 637, 4330, 3913, 5121, 4369, 1567, 3001, 4996, 2286, 4744, 3927, 3211, 4051, 2948, 4513, 4032, 5729, 4622, 4744, 3291, 5859, 5516, 4573, 4673, 1698, 3763, 3846, 2231, 1922, 2551, 1957, 4921, 3464, 3355, 2406, 4081, 4831, 4697, 4180, 2705, 2231, 4095, 4661, 2251, 1957, 2948, 3480, 5342, 2672, 4994, 1210, 3060, 1238, 3246, 3211, 5249, 3901, 4040, 4456, 3796, 4382, 4374, 5132, 3601, 1922, 1698, 2551], [2461, 1478, 2019, 1651, 3222, 2475, 3751, 2898, 1210, 2886, 751, 3060, 1750, 3239, 0, 1658, 542, 1238, 2738, 3654, 1658, 2330, 3579, 4095, 1617, 4536, 1416, 2672, 3961, 3016, 2564, 2705, 2701, 2291, 2330, 3001, 1143, 2701, 3715, 2621, 1807, 1210, 4204, 3454, 4673, 4563, 3133, 3155, 2819, 2767, 2185, 3332, 3422, 2149, 2002, 3079, 2420, 3503, 751, 1898, 2718, 4040, 1359, 3629, 3964, 2803, 766, 2621, 1062, 3183, 2149, 1343, 1173, 301, 4095, 2122, 3422, 2041, 1545, 1880, 3291, 3239, 2271, 2420, 2002, 809, 751, 1678, 2090, 961, 2286, 2373, 3304, 2791, 3425, 2659, 1807, 3607, 1062, 2231, 1678, 4171, 1951, 1173, 1531, 3190, 425, 2759, 1384, 3480, 2569, 3402, 2002, 2373, 1343, 2373, 876, 961, 2401, 3454, 2738, 4501, 2564, 876, 2090, 2002, 2461], [1384, 809, 1210, 151, 1807, 3183, 2497, 3715, 542, 3422, 1416, 3038, 1545, 1750, 1658, 0, 1210, 2855, 3304, 3332, 1, 2349, 2251, 3464, 2625, 3712, 1384, 1567, 3093, 3155, 2373, 2515, 1062, 1856, 751, 3294, 850, 1062, 2705, 2621, 336, 1384, 3385, 2718, 3626, 3490, 1545, 4037, 2443, 1711, 637, 2085, 2216, 2867, 2164, 2149, 2002, 2515, 1880, 2791, 1143, 3332, 2164, 3654, 3315, 1210, 1750, 3291, 601, 3232, 2291, 1486, 2705, 1359, 3464, 2373, 4054, 2882, 3060, 1678, 4139, 3843, 2867, 2978, 425, 2041, 2149, 619, 672, 1384, 876, 3190, 2443, 2101, 2019, 2564, 3093, 3355, 2475, 1351, 619, 3277, 2913, 1173, 213, 2090, 2002, 3613, 961, 3512, 913, 2286, 672, 1826, 1486, 3500, 2185, 2330, 2791, 2718, 2819, 3607, 3402, 2286, 672, 425, 1384], [1922, 1274, 1486, 1238, 2684, 2349, 3211, 2831, 876, 2705, 901, 2705, 1283, 2898, 542, 1210, 0, 1651, 2564, 3239, 1210, 1957, 3038, 3626, 1596, 4040, 950, 2133, 3454, 2705, 2149, 2296, 2271, 1813, 1826, 2738, 961, 2271, 3190, 2256, 1424, 766, 3706, 2959, 4150, 4037, 2621, 3122, 2373, 2231, 1678, 2791, 2882, 2013, 1651, 2555, 1951, 2978, 1143, 1832, 2330, 3557, 1210, 3301, 3490, 2296, 1093, 2484, 619, 2851, 1801, 913, 1711, 336, 3626, 1807, 3291, 1957, 1856, 1424, 3246, 3093, 2090, 2231, 1508, 876, 950, 1143, 1567, 1062, 1757, 2291, 2791, 2291, 2886, 2271, 1957, 3208, 1283, 1698, 1143, 3663, 1922, 1143, 1051, 2655, 961, 2705, 850, 3151, 2101, 2867, 1678, 1880, 913, 2443, 1007, 1143, 2149, 2959, 2401, 3995, 2497, 1384, 1567, 1508, 1922], [3372, 2705, 2898, 2867, 4225, 2185, 4632, 2406, 2443, 2659, 1880, 3246, 2420, 4476, 1238, 2855, 1651, 0, 2515, 3961, 2855, 2655, 4513, 4563, 1343, 5097, 2149, 3566, 4593, 3090, 2971, 3079, 3913, 2913, 3464, 2956, 2373, 3913, 4453, 2882, 3035, 1951, 4785, 4054, 5372, 5285, 4244, 2555, 3291, 3626, 3315, 4236, 4296, 1951, 2334, 3834, 3001, 4246, 1596, 1617, 3947, 4563, 1486, 3691, 4456, 3927, 1711, 2330, 2256, 3294, 2443, 2013, 1093, 1531, 4563, 2344, 3016, 1757, 475, 2497, 2705, 2886, 2149, 2286, 3155, 1007, 809, 2738, 3183, 2085, 3355, 2002, 3995, 3454, 4413, 2978, 1051, 3872, 637, 3093, 2738, 4803, 1567, 2349, 2701, 4026, 1083, 2256, 2330, 3557, 3751, 4228, 3239, 3038, 2013, 1658, 876, 751, 2420, 4054, 2913, 5110, 2122, 1291, 3183, 3155, 3372], [2684, 3760, 2373, 3422, 3512, 336, 3480, 601, 3294, 151, 3422, 1093, 1807, 4987, 2738, 3304, 2564, 2515, 0, 1813, 3304, 1143, 3532, 2564, 1210, 3179, 1922, 2759, 2886, 809, 1384, 1359, 4150, 1813, 3422, 542, 3490, 4150, 3001, 1062, 3632, 1957, 2948, 2406, 3678, 3651, 3892, 913, 1658, 2705, 3304, 3239, 3208, 601, 1173, 2590, 1757, 2855, 3480, 913, 4351, 2659, 1384, 1274, 2515, 3706, 3503, 213, 2959, 1007, 1083, 1832, 3480, 2803, 2564, 961, 751, 766, 2149, 1711, 950, 542, 475, 336, 3291, 1957, 2101, 2759, 3093, 3607, 3122, 542, 2555, 2149, 3607, 1210, 1545, 1678, 1974, 2420, 2759, 3060, 950, 3706, 3093, 2913, 3005, 619, 2344, 1173, 3843, 3035, 3961, 1951, 1832, 1173, 1951, 1957, 542, 2406, 901, 3277, 542, 3451, 3093, 3291, 2684], [2090, 4054, 2122, 3480, 2555, 2085, 2164, 2373, 3601, 1757, 4120, 751, 1974, 4632, 3654, 3332, 3239, 3961, 1813, 0, 3332, 1343, 2344, 766, 2655, 1384, 2296, 2013, 1238, 1007, 1093, 950, 3763, 1501, 3038, 1283, 3904, 3763, 1545, 1083, 3651, 2475, 1201, 961, 1951, 1957, 3122, 2621, 901, 1880, 2990, 2122, 2019, 2133, 1678, 1501, 1351, 1501, 4369, 2443, 4040, 901, 2497, 766, 751, 3090, 4330, 2013, 3304, 809, 1545, 2330, 4697, 3566, 766, 1623, 2106, 2344, 3715, 1826, 2590, 1974, 1922, 1832, 3093, 3090, 3294, 2718, 2803, 4244, 2705, 2291, 1274, 1283, 2547, 1007, 3190, 151, 3332, 2002, 2718, 1359, 2555, 4212, 3165, 1807, 4040, 2424, 2555, 751, 3428, 1807, 3972, 1508, 2330, 2959, 3165, 3246, 1596, 961, 1062, 1508, 2349, 4513, 2803, 3093, 2090], [1384, 809, 1210, 151, 1807, 3183, 2497, 3715, 542, 3422, 1416, 3038, 1545, 1750, 1658, 1, 1210, 2855, 3304, 3332, 0, 2349, 2251, 3464, 2625, 3712, 1384, 1567, 3093, 3155, 2373, 2515, 1062, 1856, 751, 3294, 850, 1062, 2705, 2621, 336, 1384, 3385, 2718, 3626, 3490, 1545, 4037, 2443, 1711, 637, 2085, 2216, 2867, 2164, 2149, 2002, 2515, 1880, 2791, 1143, 3332, 2164, 3654, 3315, 1210, 1750, 3291, 601, 3232, 2291, 1486, 2705, 1359, 3464, 2373, 4054, 2882, 3060, 1678, 4139, 3843, 2867, 2978, 425, 2041, 2149, 619, 672, 1384, 876, 3190, 2443, 2101, 2019, 2564, 3093, 3355, 2475, 1351, 619, 3277, 2913, 1173, 213, 2090, 2002, 3613, 961, 3512, 913, 2286, 672, 1826, 1486, 3500, 2185, 2330, 2791, 2718, 2819, 3607, 3402, 2286, 672, 425, 1384], [1545, 2948, 1274, 2484, 2373, 1210, 2401, 1711, 2475, 1210, 2855, 751, 809, 3938, 2330, 2349, 1957, 2655, 1143, 1343, 2349, 0, 2420, 1910, 1416, 2461, 1062, 1617, 2013, 809, 336, 425, 3079, 672, 2334, 961, 2738, 3079, 2002, 301, 2684, 1201, 2164, 1478, 2819, 2759, 2755, 2041, 672, 1567, 2231, 2122, 2106, 1062, 336, 1501, 619, 1826, 3060, 1283, 3304, 1922, 1173, 1359, 1807, 2582, 3035, 1238, 2149, 913, 213, 1051, 3355, 2271, 1910, 336, 1832, 1238, 2461, 672, 2090, 1623, 901, 913, 2251, 1750, 1957, 1750, 2019, 3001, 2019, 1351, 1531, 1051, 2475, 336, 2013, 1283, 2019, 1291, 1750, 2216, 1424, 3016, 2149, 1807, 2705, 1678, 1424, 1210, 2759, 1951, 3020, 809, 1051, 1974, 1832, 1922, 619, 1478, 475, 2497, 1508, 3179, 2019, 2251, 1545], [1143, 3038, 1617, 2373, 475, 3629, 301, 4120, 2767, 3566, 3607, 2621, 2149, 2705, 3579, 2251, 3038, 4513, 3532, 2344, 2251, 2420, 0, 1957, 3629, 1856, 2373, 950, 1343, 2898, 2149, 2185, 1974, 1801, 1545, 3179, 3093, 1974, 876, 2475, 2420, 2564, 1617, 1384, 1508, 1359, 1051, 4443, 1898, 913, 1623, 301, 336, 3454, 2551, 950, 1807, 850, 4037, 3604, 2271, 1750, 3208, 3038, 1832, 1238, 3927, 3651, 2655, 2819, 2555, 2515, 4744, 3332, 1957, 2705, 4128, 3601, 4513, 2122, 4476, 3938, 3315, 3332, 1832, 3512, 3706, 1922, 1596, 3613, 1384, 3763, 1083, 1384, 301, 2330, 4244, 2461, 3938, 1424, 1922, 1424, 3754, 3422, 2231, 619, 3995, 4095, 2216, 2959, 1711, 542, 2621, 1651, 2515, 4351, 3654, 3796, 3035, 1384, 2659, 1678, 3927, 4382, 1596, 1832, 1143], [2101, 4244, 2296, 3613, 2286, 2819, 1711, 3133, 3825, 2515, 4461, 1478, 2349, 4513, 4095, 3464, 3626, 4563, 2564, 766, 3464, 1910, 1957, 0, 3304, 619, 2684, 1957, 637, 1757, 1596, 1486, 3678, 1813, 3016, 2041, 4150, 3678, 1083, 1711, 3754, 2886, 475, 751, 1210, 1238, 2898, 3385, 1291, 1807, 3005, 1813, 1678, 2831, 2231, 1359, 1678, 1143, 4768, 3122, 3972, 213, 3079, 1501, 151, 2948, 4709, 2759, 3566, 1567, 2122, 2755, 5201, 3961, 1, 2231, 2867, 3038, 4361, 2216, 3355, 2738, 2625, 2551, 3151, 3632, 3843, 2886, 2851, 4556, 2705, 3020, 1062, 1384, 2216, 1596, 3872, 913, 3927, 2122, 2886, 672, 3246, 4476, 3332, 1567, 4503, 3179, 2847, 1508, 3355, 1478, 4051, 1757, 2755, 3691, 3727, 3825, 2291, 751, 1750, 751, 3093, 4969, 2851, 3151, 2101], [2551, 2867, 2106, 2705, 3451, 901, 3678, 1283, 2443, 1359, 2349, 1922, 1501, 4374, 1617, 2625, 1596, 1343, 1210, 2655, 2625, 1416, 3629, 3304, 0, 3872, 1384, 2705, 3425, 1750, 1750, 1832, 3626, 1856, 2990, 1617, 2555, 3626, 3372, 1596, 2913, 1283, 3579, 2886, 4228, 4161, 3651, 1545, 2085, 2718, 2847, 3332, 3355, 619, 1143, 2803, 1898, 3179, 2330, 301, 3760, 3332, 475, 2349, 3211, 3385, 2373, 1051, 2133, 1957, 1210, 1238, 2271, 1750, 3304, 1083, 1826, 451, 1062, 1508, 1678, 1658, 809, 950, 2759, 809, 913, 2231, 2659, 2551, 2767, 766, 2898, 2373, 3604, 1711, 619, 2555, 766, 2251, 2231, 3629, 336, 2705, 2420, 3060, 1826, 1143, 1757, 2216, 3372, 3239, 3211, 2002, 1238, 876, 766, 751, 1083, 2886, 1596, 3913, 950, 2256, 2659, 2759, 2551], [2330, 4513, 2621, 3857, 2271, 3428, 1567, 3751, 4128, 3133, 4831, 2090, 2791, 4541, 4536, 3712, 4040, 5097, 3179, 1384, 3712, 2461, 1856, 619, 3872, 0, 3122, 2149, 619, 2373, 2133, 2041, 3754, 2251, 3165, 2659, 4461, 3754, 1051, 2291, 3972, 3332, 336, 1083, 672, 751, 2886, 4003, 1807, 2002, 3183, 1807, 1658, 3425, 2767, 1567, 2133, 1210, 5173, 3706, 4054, 542, 3613, 2106, 672, 3005, 5101, 3372, 3901, 2185, 2672, 3211, 5671, 4374, 619, 2791, 3480, 3629, 4921, 2672, 3972, 3355, 3222, 3155, 3355, 4139, 4351, 3179, 3060, 4905, 2886, 3626, 1283, 1750, 2149, 2164, 4453, 1531, 4461, 2424, 3179, 451, 3834, 4794, 3607, 1658, 4953, 3796, 3222, 2122, 3451, 1501, 4244, 2164, 3211, 4296, 4244, 4351, 2886, 1083, 2349, 213, 3706, 5409, 3060, 3355, 2330], [1238, 1898, 766, 1501, 2122, 1807, 2484, 2344, 1424, 2041, 1826, 1807, 336, 3093, 1416, 1384, 950, 2149, 1922, 2296, 1384, 1062, 2373, 2684, 1384, 3122, 0, 1424, 2555, 1856, 1210, 1359, 2291, 876, 1617, 1951, 1678, 2291, 2344, 1359, 1711, 213, 2791, 2041, 3291, 3190, 2271, 2672, 1424, 1478, 1478, 2090, 2149, 1501, 809, 1711, 1007, 2133, 2090, 1478, 2461, 2625, 913, 2420, 2551, 2002, 2041, 1910, 1093, 1974, 950, 151, 2555, 1283, 2684, 1007, 2672, 1545, 2149, 475, 2767, 2461, 1486, 1596, 1416, 1143, 1343, 876, 1283, 1957, 1384, 1832, 1910, 1384, 2296, 1351, 1957, 2271, 1567, 950, 876, 2767, 1617, 1957, 1173, 1880, 1832, 2251, 425, 2271, 2013, 2085, 2041, 961, 151, 2231, 1283, 1424, 1416, 2041, 1531, 3093, 2041, 2291, 1283, 1416, 1238], [213, 2373, 672, 1711, 766, 2803, 1083, 3321, 2013, 2819, 2791, 2019, 1210, 2621, 2672, 1567, 2133, 3566, 2759, 2013, 1567, 1617, 950, 1957, 2705, 2149, 1424, 0, 1531, 2251, 1416, 1501, 1757, 950, 1062, 2497, 2349, 1757, 1143, 1750, 1826, 1617, 1826, 1210, 2085, 1957, 1173, 3654, 1274, 151, 1051, 672, 751, 2590, 1678, 601, 1007, 950, 3190, 2705, 2041, 1801, 2271, 2555, 1807, 1083, 3093, 2847, 1832, 2231, 1711, 1567, 3843, 2443, 1957, 1856, 3425, 2718, 3566, 1201, 3706, 3222, 2475, 2515, 1210, 2564, 2759, 1083, 913, 2831, 751, 2913, 901, 751, 901, 1623, 3315, 2085, 2990, 475, 1083, 1711, 2855, 2684, 1478, 542, 3093, 3277, 1291, 2443, 1424, 751, 2106, 809, 1567, 3464, 2705, 2847, 2231, 1210, 1957, 2041, 3093, 3503, 913, 1210, 213], [1711, 3895, 2013, 3239, 1711, 3093, 1083, 3480, 3512, 2867, 4228, 1807, 2231, 3972, 3961, 3093, 3454, 4593, 2886, 1238, 3093, 2013, 1343, 637, 3425, 619, 2555, 1531, 0, 2106, 1678, 1617, 3165, 1698, 2555, 2406, 3846, 3165, 475, 1898, 3355, 2767, 301, 542, 809, 766, 2330, 3763, 1343, 1384, 2569, 1238, 1093, 3038, 2291, 950, 1596, 601, 4580, 3291, 3464, 425, 3122, 2002, 542, 2420, 4503, 3060, 3291, 1951, 2216, 2655, 5110, 3787, 637, 2349, 3304, 3232, 4453, 2122, 3754, 3151, 2847, 2803, 2738, 3613, 3825, 2564, 2443, 4296, 2271, 3277, 672, 1173, 1617, 1757, 4026, 1384, 3961, 1813, 2564, 213, 3428, 4180, 2990, 1051, 4382, 3503, 2625, 1974, 2855, 913, 3629, 1596, 2655, 3938, 3727, 3843, 2515, 542, 2002, 542, 3385, 4831, 2443, 2738, 1711], [2231, 3751, 2041, 3291, 2959, 1083, 2803, 1384, 3277, 766, 3604, 301, 1617, 4711, 3016, 3155, 2705, 3090, 809, 1007, 3155, 809, 2898, 1757, 1750, 2373, 1856, 2251, 2106, 0, 850, 751, 3843, 1384, 3093, 301, 3532, 3843, 2271, 542, 3490, 1974, 2149, 1658, 2886, 2867, 3422, 1658, 1007, 2164, 3001, 2621, 2564, 1173, 1062, 1951, 1274, 2149, 3763, 1501, 4081, 1856, 1711, 619, 1711, 3291, 3754, 1007, 2948, 213, 913, 1826, 3938, 3001, 1757, 901, 1238, 1384, 2791, 1478, 1651, 1062, 961, 850, 3038, 2330, 2515, 2551, 2791, 3763, 2767, 1291, 1856, 1545, 3020, 637, 2231, 876, 2484, 2019, 2551, 2271, 1596, 3799, 2956, 2286, 3355, 1424, 2231, 475, 3516, 2373, 3825, 1486, 1826, 1957, 2373, 2424, 672, 1658, 336, 2475, 1343, 3825, 2791, 3038, 2231], [1384, 3035, 1210, 2515, 2149, 1501, 2106, 1974, 2569, 1424, 3035, 672, 901, 3872, 2564, 2373, 2149, 2971, 1384, 1093, 2373, 336, 2149, 1596, 1750, 2133, 1210, 1416, 1678, 850, 0, 151, 3001, 542, 2251, 1083, 2855, 3001, 1678, 336, 2705, 1384, 1832, 1143, 2484, 2424, 2582, 2296, 336, 1343, 2164, 1856, 1826, 1384, 637, 1210, 425, 1508, 3277, 1617, 3246, 1596, 1486, 1283, 1486, 2443, 3239, 1508, 2256, 876, 542, 1238, 3629, 2475, 1596, 672, 2013, 1567, 2791, 751, 2330, 1813, 1210, 1201, 2216, 2041, 2251, 1757, 1957, 3165, 1922, 1658, 1210, 766, 2231, 213, 2349, 1062, 2334, 1173, 1757, 1880, 1757, 3151, 2185, 1531, 2956, 1957, 1508, 1143, 2672, 1658, 3038, 637, 1238, 2296, 2133, 2231, 901, 1143, 542, 2164, 1801, 3428, 1957, 2216, 1384], [1486, 3183, 1343, 2659, 2216, 1508, 2122, 1957, 2718, 1384, 3183, 542, 1051, 3995, 2705, 2515, 2296, 3079, 1359, 950, 2515, 425, 2185, 1486, 1832, 2041, 1359, 1501, 1617, 751, 151, 0, 3122, 672, 2373, 1007, 3005, 3122, 1658, 301, 2847, 1531, 1750, 1093, 2424, 2373, 2672, 2271, 301, 1416, 2291, 1898, 1856, 1424, 751, 1238, 542, 1501, 3422, 1678, 3372, 1501, 1596, 1143, 1384, 2547, 3385, 1501, 2406, 751, 637, 1384, 3760, 2621, 1486, 751, 1951, 1617, 2882, 901, 2296, 1757, 1238, 1210, 2349, 2164, 2373, 1898, 2085, 3315, 2041, 1678, 1201, 809, 2286, 151, 2420, 913, 2443, 1291, 1898, 1813, 1813, 3301, 2330, 1567, 3093, 1951, 1658, 1007, 2791, 1678, 3179, 751, 1384, 2330, 2251, 2344, 913, 1093, 475, 2085, 1807, 3566, 2085, 2349, 1486], [1678, 1478, 1807, 1051, 1508, 4081, 2271, 4622, 1508, 4249, 2330, 3663, 2344, 876, 2701, 1062, 2271, 3913, 4150, 3763, 1062, 3079, 1974, 3678, 3626, 3754, 2291, 1757, 3165, 3843, 3001, 3122, 0, 2461, 751, 4037, 1711, 1, 2705, 3304, 913, 2349, 3464, 2948, 3480, 3332, 950, 4953, 2959, 1898, 850, 1951, 2101, 3787, 2978, 2330, 2582, 2569, 2803, 3760, 301, 3503, 3155, 4246, 3532, 751, 2659, 4171, 1658, 3872, 3079, 2420, 3678, 2401, 3678, 3190, 4885, 3834, 4120, 2443, 5041, 4673, 3751, 3843, 876, 3093, 3208, 1416, 1062, 2231, 1083, 4120, 2621, 2484, 1678, 3211, 4128, 3825, 3532, 1832, 1416, 3304, 3892, 1951, 1238, 2122, 3016, 4536, 1880, 4120, 336, 2256, 876, 2373, 2420, 4496, 3239, 3385, 3613, 2948, 3516, 3601, 4328, 3239, 1062, 876, 1678], [876, 2555, 672, 2002, 1711, 1856, 1826, 2373, 2101, 1880, 2659, 1210, 542, 3332, 2291, 1856, 1813, 2913, 1813, 1501, 1856, 672, 1801, 1813, 1856, 2251, 876, 950, 1698, 1384, 542, 672, 2461, 0, 1711, 1596, 2406, 2461, 1545, 850, 2185, 1083, 1922, 1173, 2461, 2373, 2085, 2705, 601, 913, 1623, 1501, 1508, 1658, 751, 950, 151, 1343, 2956, 1807, 2705, 1750, 1478, 1813, 1678, 1922, 2898, 1898, 1807, 1416, 766, 961, 3422, 2149, 1813, 913, 2497, 1801, 2819, 425, 2759, 2291, 1531, 1567, 1678, 1922, 2133, 1238, 1416, 2767, 1384, 1974, 1083, 542, 1826, 751, 2475, 1508, 2291, 637, 1238, 1910, 1957, 2718, 1678, 1210, 2705, 2330, 1062, 1678, 2133, 1384, 2515, 151, 961, 2551, 2041, 2164, 1283, 1173, 1062, 2231, 2149, 3165, 1416, 1678, 876], [950, 1501, 1062, 850, 1083, 3372, 1813, 3913, 1291, 3516, 2164, 2913, 1623, 1623, 2330, 751, 1826, 3464, 3422, 3038, 751, 2334, 1545, 3016, 2990, 3165, 1617, 1062, 2555, 3093, 2251, 2373, 751, 1711, 0, 3291, 1596, 751, 2122, 2555, 876, 1711, 2855, 2271, 2990, 2847, 809, 4246, 2216, 1210, 151, 1424, 1567, 3090, 2251, 1658, 1832, 1957, 2625, 3093, 1007, 2855, 2515, 3500, 2867, 475, 2497, 3454, 1283, 3122, 2344, 1757, 3428, 2041, 3016, 2461, 4150, 3155, 3604, 1711, 4328, 3938, 3038, 3122, 336, 2555, 2701, 766, 336, 2133, 336, 3425, 1957, 1757, 1291, 2461, 3532, 3093, 3005, 1083, 766, 2718, 3232, 1910, 809, 1508, 2705, 3834, 1238, 3372, 425, 1678, 1093, 1623, 1757, 3846, 2705, 2855, 2882, 2271, 2767, 3035, 3629, 3020, 336, 336, 950], [2461, 3846, 2231, 3425, 3222, 850, 3093, 1093, 3372, 475, 3629, 601, 1750, 4898, 3001, 3294, 2738, 2956, 542, 1283, 3294, 961, 3179, 2041, 1617, 2659, 1951, 2497, 2406, 301, 1083, 1007, 4037, 1596, 3291, 0, 3607, 4037, 2569, 751, 3629, 2041, 2443, 1957, 3183, 3165, 3663, 1359, 1283, 2420, 3190, 2898, 2847, 1007, 1143, 2231, 1501, 2443, 3751, 1343, 4265, 2149, 1658, 751, 2002, 3516, 3754, 751, 3038, 475, 1007, 1898, 3857, 3016, 2041, 950, 950, 1210, 2625, 1623, 1351, 766, 809, 672, 3211, 2271, 2443, 2705, 2978, 3799, 2971, 1062, 2149, 1813, 3291, 876, 2041, 1143, 2373, 2231, 2705, 2569, 1416, 3857, 3090, 2564, 3315, 1143, 2349, 637, 3715, 2659, 3964, 1711, 1898, 1711, 2296, 2330, 601, 1957, 542, 2767, 1083, 3778, 2978, 3211, 2461], [2149, 336, 1856, 751, 2655, 3294, 3332, 3787, 336, 3626, 619, 3480, 1957, 2122, 1143, 850, 961, 2373, 3490, 3904, 850, 2738, 3093, 4150, 2555, 4461, 1678, 2349, 3846, 3532, 2855, 3005, 1711, 2406, 1596, 3607, 0, 1711, 3490, 3035, 809, 1567, 4128, 3422, 4430, 4299, 2373, 4081, 3005, 2484, 1486, 2913, 3038, 2959, 2475, 2898, 2555, 3291, 1093, 2791, 1658, 4040, 2164, 4095, 4003, 2041, 950, 3425, 601, 3651, 2621, 1711, 1974, 876, 4150, 2659, 4228, 2913, 2684, 2106, 4204, 4026, 3020, 3155, 1274, 1807, 1832, 1283, 1501, 542, 1711, 3246, 3179, 2767, 2867, 3016, 2882, 3901, 2164, 2041, 1283, 4040, 2882, 336, 876, 2886, 1359, 3663, 1351, 3947, 1678, 3090, 901, 2420, 1711, 3395, 1922, 2041, 3038, 3422, 3208, 4374, 3454, 1531, 1501, 1274, 2149], [1678, 1478, 1807, 1051, 1508, 4081, 2271, 4622, 1508, 4249, 2330, 3663, 2344, 876, 2701, 1062, 2271, 3913, 4150, 3763, 1062, 3079, 1974, 3678, 3626, 3754, 2291, 1757, 3165, 3843, 3001, 3122, 1, 2461, 751, 4037, 1711, 0, 2705, 3304, 913, 2349, 3464, 2948, 3480, 3332, 950, 4953, 2959, 1898, 850, 1951, 2101, 3787, 2978, 2330, 2582, 2569, 2803, 3760, 301, 3503, 3155, 4246, 3532, 751, 2659, 4171, 1658, 3872, 3079, 2420, 3678, 2401, 3678, 3190, 4885, 3834, 4120, 2443, 5041, 4673, 3751, 3843, 876, 3093, 3208, 1416, 1062, 2231, 1083, 4120, 2621, 2484, 1678, 3211, 4128, 3825, 3532, 1832, 1416, 3304, 3892, 1951, 1238, 2122, 3016, 4536, 1880, 4120, 336, 2256, 876, 2373, 2420, 4496, 3239, 3385, 3613, 2948, 3516, 3601, 4328, 3239, 1062, 876, 1678], [1343, 3512, 1711, 2847, 1238, 3165, 637, 3601, 3155, 3005, 3913, 1974, 2041, 3503, 3715, 2705, 3190, 4453, 3001, 1545, 2705, 2002, 876, 1083, 3372, 1051, 2344, 1143, 475, 2271, 1678, 1658, 2705, 1545, 2122, 2569, 3490, 2705, 0, 1957, 2948, 2555, 766, 619, 961, 850, 1856, 3904, 1359, 1007, 2149, 766, 619, 3060, 2231, 637, 1478, 213, 4291, 3277, 3005, 876, 3020, 2286, 961, 1957, 4204, 3155, 2959, 2149, 2185, 2461, 4880, 3516, 1083, 2330, 3503, 3239, 4361, 1957, 3913, 3332, 2886, 2867, 2330, 3454, 3663, 2216, 2041, 3964, 1856, 3332, 475, 1007, 1143, 1807, 3987, 1678, 3834, 1501, 2216, 601, 3422, 3825, 2621, 619, 4139, 3604, 2344, 2231, 2401, 451, 3208, 1416, 2461, 3972, 3579, 3706, 2569, 619, 2101, 913, 3464, 4573, 2041, 2330, 1343], [1711, 3239, 1501, 2759, 2484, 1210, 2420, 1658, 2767, 1093, 3155, 451, 1093, 4171, 2621, 2621, 2256, 2882, 1062, 1083, 2621, 301, 2475, 1711, 1596, 2291, 1359, 1750, 1898, 542, 336, 301, 3304, 850, 2555, 751, 3035, 3304, 1957, 0, 2956, 1501, 2013, 1384, 2705, 2659, 2913, 1974, 601, 1678, 2461, 2185, 2149, 1143, 619, 1531, 751, 1801, 3355, 1416, 3541, 1750, 1416, 1062, 1623, 2767, 3332, 1201, 2443, 619, 475, 1351, 3626, 2569, 1711, 542, 1678, 1343, 2655, 950, 2002, 1478, 950, 913, 2497, 2013, 2216, 2013, 2251, 3301, 2231, 1384, 1501, 1093, 2564, 151, 2164, 1007, 2251, 1486, 2013, 2090, 1545, 3315, 2424, 1856, 2990, 1651, 1711, 913, 2978, 1974, 3291, 961, 1351, 2041, 2085, 2164, 619, 1384, 213, 2349, 1508, 3464, 2251, 2497, 1711], [1658, 637, 1531, 213, 1957, 3503, 2684, 4032, 601, 3751, 1424, 3372, 1880, 1478, 1807, 336, 1424, 3035, 3632, 3651, 336, 2684, 2420, 3754, 2913, 3972, 1711, 1826, 3355, 3490, 2705, 2847, 913, 2185, 876, 3629, 809, 913, 2948, 2956, 0, 1698, 3651, 3005, 3846, 3706, 1596, 4351, 2767, 1974, 809, 2286, 2424, 3183, 2497, 2420, 2330, 2767, 1898, 3093, 913, 3613, 2461, 3987, 3604, 1274, 1757, 3613, 809, 3566, 2625, 1807, 2767, 1508, 3754, 2705, 4382, 3190, 3277, 2013, 4456, 4171, 3190, 3304, 619, 2286, 2373, 950, 913, 1343, 1093, 3503, 2718, 2406, 2164, 2898, 3355, 3678, 2705, 1658, 950, 3532, 3211, 1083, 542, 2330, 2106, 3927, 1291, 3846, 876, 2515, 336, 2149, 1807, 3787, 2424, 2564, 3122, 3005, 3155, 3857, 3715, 2330, 913, 619, 1658], [1424, 1813, 950, 1486, 2296, 1807, 2684, 2334, 1343, 2085, 1658, 1951, 542, 3122, 1210, 1384, 766, 1951, 1957, 2475, 1384, 1201, 2564, 2886, 1283, 3332, 213, 1617, 2767, 1974, 1384, 1531, 2349, 1083, 1711, 2041, 1567, 2349, 2555, 1501, 1698, 0, 3001, 2251, 3503, 3402, 2406, 2655, 1617, 1678, 1567, 2286, 2349, 1486, 913, 1922, 1210, 2344, 1898, 1416, 2497, 2831, 809, 2555, 2755, 2122, 1856, 1922, 1007, 2106, 1062, 151, 2344, 1093, 2886, 1093, 2705, 1501, 1974, 672, 2759, 2497, 1501, 1623, 1478, 950, 1143, 950, 1384, 1801, 1508, 1807, 2122, 1596, 2475, 1508, 1826, 2443, 1384, 1143, 950, 2978, 1545, 1826, 1173, 2085, 1623, 2231, 475, 2406, 2090, 2291, 2019, 1173, 151, 2149, 1093, 1238, 1478, 2251, 1658, 3304, 2019, 2085, 1384, 1478, 1424], [2002, 4185, 2286, 3532, 2002, 3179, 1343, 3532, 3796, 2913, 4496, 1856, 2461, 4267, 4204, 3385, 3706, 4785, 2948, 1201, 3385, 2164, 1617, 475, 3579, 336, 2791, 1826, 301, 2149, 1832, 1750, 3464, 1922, 2855, 2443, 4128, 3464, 766, 2013, 3651, 3001, 0, 751, 751, 766, 2621, 3799, 1501, 1678, 2867, 1531, 1384, 3155, 2461, 1238, 1807, 901, 4838, 3425, 3763, 301, 3304, 1957, 451, 2718, 4766, 3133, 3566, 1974, 2373, 2882, 5342, 4040, 475, 2497, 3304, 3355, 4622, 2344, 3778, 3165, 2956, 2898, 3035, 3819, 4032, 2847, 2738, 4570, 2569, 3372, 950, 1416, 1898, 1880, 4169, 1351, 4150, 2090, 2847, 213, 3557, 4461, 3277, 1351, 4622, 3566, 2886, 1951, 3155, 1210, 3927, 1832, 2882, 4040, 3927, 4037, 2621, 751, 2090, 336, 3464, 5077, 2738, 3035, 2002], [1351, 3503, 1567, 2867, 1623, 2590, 1210, 3005, 3093, 2401, 3763, 1359, 1711, 3796, 3454, 2718, 2959, 4054, 2406, 961, 2718, 1478, 1384, 751, 2886, 1083, 2041, 1210, 542, 1658, 1143, 1093, 2948, 1173, 2271, 1957, 3422, 2948, 619, 1384, 3005, 2251, 751, 0, 1343, 1283, 2216, 3301, 809, 1062, 2256, 1173, 1062, 2515, 1750, 619, 1062, 542, 4095, 2759, 3239, 619, 2582, 1678, 601, 2231, 4026, 2569, 2847, 1531, 1678, 2133, 4593, 3294, 751, 1813, 2886, 2705, 3913, 1596, 3304, 2718, 2330, 2296, 2401, 3079, 3291, 2149, 2101, 3846, 1957, 2767, 336, 672, 1596, 1238, 3490, 1083, 3422, 1384, 2149, 751, 2898, 3751, 2590, 876, 3872, 3016, 2149, 1617, 2621, 850, 3301, 1083, 2133, 3422, 3190, 3304, 2002, 1, 1508, 1062, 2886, 4328, 2101, 2401, 1351], [2291, 4433, 2672, 3763, 1974, 3895, 1210, 4267, 4095, 3651, 4868, 2590, 2978, 4201, 4673, 3626, 4150, 5372, 3678, 1951, 3626, 2819, 1508, 1210, 4228, 672, 3291, 2085, 809, 2886, 2484, 2424, 3480, 2461, 2990, 3183, 4430, 3480, 961, 2705, 3846, 3503, 751, 1343, 0, 151, 2555, 4541, 2149, 1957, 3038, 1567, 1424, 3846, 3090, 1596, 2373, 1173, 5251, 4098, 3778, 1051, 3913, 2705, 1201, 2738, 5162, 3857, 3913, 2718, 3020, 3402, 5836, 4476, 1210, 3155, 4054, 4040, 5249, 2882, 4523, 3913, 3654, 3607, 3232, 4382, 4593, 3165, 2956, 4915, 2759, 4081, 1384, 1922, 1807, 2564, 4831, 2101, 4744, 2461, 3165, 619, 4236, 4766, 3557, 1545, 5097, 4296, 3304, 2701, 3208, 1343, 4081, 2344, 3402, 4744, 4501, 4622, 3321, 1343, 2803, 475, 4185, 5533, 2956, 3232, 2291], [2164, 4296, 2555, 3626, 1826, 3857, 1062, 4244, 3964, 3629, 4744, 2569, 2882, 4051, 4563, 3490, 4037, 5285, 3651, 1957, 3490, 2759, 1359, 1238, 4161, 751, 3190, 1957, 766, 2867, 2424, 2373, 3332, 2373, 2847, 3165, 4299, 3332, 850, 2659, 3706, 3402, 766, 1283, 151, 0, 2406, 4523, 2090, 1832, 2898, 1424, 1283, 3796, 3020, 1486, 2291, 1062, 5132, 4040, 3629, 1062, 3834, 2718, 1210, 2590, 5041, 3825, 3787, 2705, 2956, 3304, 5729, 4361, 1238, 3093, 4051, 3987, 5173, 2791, 4511, 3904, 3607, 3566, 3093, 4291, 4501, 3038, 2819, 4787, 2621, 4040, 1291, 1832, 1658, 2515, 4768, 2106, 4661, 2344, 3038, 601, 4180, 4634, 3425, 1416, 4987, 4267, 3190, 2705, 3060, 1210, 3938, 2251, 3304, 4699, 4413, 4536, 3277, 1283, 2767, 542, 4150, 5420, 2819, 3093, 2164], [1210, 2231, 1567, 1623, 619, 3901, 1351, 4433, 2085, 3964, 2959, 3190, 2185, 1658, 3133, 1545, 2621, 4244, 3892, 3122, 1545, 2755, 1051, 2898, 3651, 2886, 2271, 1173, 2330, 3422, 2582, 2672, 950, 2085, 809, 3663, 2373, 950, 1856, 2913, 1596, 2406, 2621, 2216, 2555, 2406, 0, 4768, 2443, 1274, 950, 1093, 1238, 3654, 2759, 1623, 2164, 1757, 3425, 3712, 1238, 2705, 3183, 3715, 2759, 336, 3294, 3961, 2090, 3402, 2819, 2420, 4236, 2847, 2898, 2956, 4580,