{'nodes': [(0, 7.58, 7.416, 0, 48000, 0, False), (1, 4.0, 1.0, 17680, 21879, 20, True), (2, 0, 4.0, 12419, 18646, 30, True), (3, 9.0, 7.0, 42469, 48000, 10, True), (4, 12.5, 4.0, 40556, 48000, 20, True), (5, 12.0, 13.0, 40758, 47550, 40, True), (6, 2.5, 11.5, 28974, 31661, 20, True), (7, 6.0, 2.0, 42961, 47203, 20, True), (8, 3.0, 2.0, 33436, 41494, 50, True), (9, 12.0, 8.5, 21125, 29525, 40, True), (10, 14.0, 12.5, 35033, 39052, 20, True), (11, 6.0, 13.5, 24362, 29483, 10, True), (12, 0, 2.0, 29931, 34228, 40, True), (13, 14.5, 12.5, 35701, 44437, 40, True), (14, 10.0, 13.0, 0, 7312, 10, True), (15, 12.0, 3.5, 25201, 29223, 30, True), (16, 12.5, 5.5, 9152, 15846, 10, True), (17, 2.0, 7.0, 15944, 19534, 10, True), (18, 7.5, 1.0, 38019, 42335, 50, True), (19, 3.0, 4.0, 816, 5699, 30, True), (20, 10.0, 0, 6272, 11796, 20, True), (21, 5.0, 1.5, 32397, 38005, 30, False), (22, 10.0, 5.0, 42421, 48000, 30, True), (23, 8.5, 9.0, 15177, 20194, 40, True), (24, 9.5, 10.5, 30682, 37698, 20, True), (25, 6.0, 13.0, 24806, 30366, 40, False), (26, 1.5, 7.0, 5822, 12066, 10, True), (27, 6.5, 9.5, 18458, 25796, 30, True), (28, 0, 14.5, 6530, 11504, 40, True), (29, 13.0, 3.0, 17988, 25536, 20, True), (30, 7.0, 14.5, 10924, 14798, 20, True), (31, 3.0, 10.0, 12811, 17643, 20, True), (32, 7.5, 1.0, 27478, 31064, 50, True), (33, 12.5, 8.0, 35174, 41008, 40, True), (34, 14.0, 8.5, 36581, 44399, 30, False), (35, 7.5, 4.5, 0, 5569, 50, True), (36, 10.5, 12.0, 16794, 22547, 20, True), (37, 0, 5.0, 26681, 31051, 20, True), (38, 8.0, 11.5, 4759, 7634, 50, True), (39, 6.5, 6.5, 38953, 46715, 30, True), (40, 4.5, 13.0, 43984, 46297, 10, True), (41, 1.0, 7.0, 17429, 22747, 20, True), (42, 12.5, 13.0, 11272, 17750, 30, True), (43, 10.5, 11.0, 38467, 44960, 20, True), (44, 3.0, 14.0, 1585, 4753, 20, True), (45, 13.0, 12.5, 15641, 23658, 30, True), (46, 5.0, 12.0, 13816, 16554, 10, False), (47, 13.5, 5.0, 42929, 48000, 20, True), (48, 2.5, 13.0, 27057, 35017, 50, True), (49, 2.0, 4.5, 23242, 28025, 30, True), (50, 2.5, 15.0, 14156, 18937, 50, True), (51, 14.5, 13.0, 13965, 19358, 10, False), (52, 11.5, 2.0, 17539, 24284, 10, True), (53, 7.5, 11.0, 30400, 37689, 30, True), (54, 13.0, 4.0, 21062, 28299, 50, False), (55, 1.0, 7.0, 12988, 19330, 20, True), (56, 2.5, 1.0, 6355, 13428, 10, True), (57, 11.0, 9.0, 0, 5721, 30, True), (58, 5.0, 4.5, 10570, 21348, 10, True), (59, 13.5, 4.5, 10996, 16788, 10, True), (60, 11.5, 8.5, 18066, 26960, 50, True), (61, 2.0, 5.5, 7788, 12975, 20, True), (62, 5.0, 10.0, 43493, 48000, 50, True), (63, 4.0, 14.5, 22912, 30284, 30, True), (64, 14.5, 4.5, 28977, 35139, 50, True), (65, 14.5, 14.5, 39206, 45381, 30, True), (66, 4.5, 12.5, 26116, 30605, 20, True), (67, 5.5, 9.0, 7898, 11940, 40, True), (68, 7.5, 3.5, 7064, 14515, 30, True), (69, 10.0, 3.0, 0, 5048, 30, True), (70, 8.5, 12.0, 25426, 33189, 10, True), (71, 11.5, 4.5, 25138, 27113, 40, False), (72, 3.0, 0.5, 8842, 15183, 40, True), (73, 4.0, 7.0, 2946, 11188, 10, True), (74, 1.5, 11.0, 5705, 9048, 50, True), (75, 0, 9.5, 12197, 20386, 40, True), (76, 13.0, 1.0, 31862, 40543, 10, True), (77, 6.0, 10.5, 30859, 41162, 30, True), (78, 11.0, 15.0, 39936, 47297, 30, True), (79, 11.5, 1.0, 15128, 21356, 10, True), (80, 0.5, 1.0, 1820, 6819, 20, False), (81, 2.5, 5.5, 2977, 10963, 30, False), (82, 2.0, 0, 22108, 27915, 40, True), (83, 11.0, 7.5, 370, 9548, 40, True), (84, 8.5, 14.5, 2462, 7953, 50, True), (85, 15.0, 2.5, 16601, 22358, 50, False), (86, 5.5, 8.0, 7300, 15883, 30, True), (87, 10.0, 8.5, 37679, 43022, 20, True), (88, 4.0, 0.5, 15145, 18651, 30, True), (89, 9.5, 8.0, 28930, 34279, 40, True), (90, 10.5, 13.0, 18113, 25590, 30, True), (91, 14.5, 4.5, 32955, 38045, 50, True), (92, 14.5, 2.0, 4367, 7355, 50, True), (93, 5.5, 5.0, 4884, 13296, 30, True), (94, 2.5, 13.5, 17762, 23533, 30, True), (95, 13.5, 3.5, 13100, 17037, 30, True), (96, 5.0, 9.5, 25823, 32071, 30, True), (97, 3.0, 11.5, 41254, 47259, 20, True), (98, 8.5, 5.5, 17213, 23097, 50, True), (99, 9.5, 14.5, 17719, 22771, 40, True), (100, 2.5, 3.5, 11546, 18598, 10, True), (101, 0.5, 7.0, 2392, 10753, 10, True), (102, 6.5, 15.0, 33715, 38983, 40, True), (103, 11.5, 10.5, 25030, 27549, 30, True), (104, 10.5, 14.5, 5716, 7855, 30, True), (105, 5.5, 2.5, 25009, 31661, 10, True), (106, 3.0, 7.0, 5149, 10627, 40, True), (107, 8.0, 2.0, 6271, 14326, 40, True), (108, 3.5, 4.0, 40897, 47666, 10, True), (109, 11.0, 2.0, 6786, 12606, 40, True), (110, 14.0, 7.0, 34077, 37724, 50, True), (111, 9.0, 5.0, 32534, 38960, 20, True), (112, 15.0, 2.0, 14222, 19541, 50, True), (113, 5.0, 0.5, 17946, 28413, 10, False), (114, 14.5, 8.0, 39045, 46448, 20, True), (115, 5.0, 0.5, 24466, 27485, 20, True), (116, 12.5, 5.0, 11474, 16024, 10, True), (117, 4.0, 5.0, 22408, 31106, 30, True), (118, 11.5, 11.5, 40069, 43067, 20, True), (119, 3.5, 8.0, 20760, 25513, 30, True), (120, 14.5, 9.5, 2344, 10206, 50, True), (121, 0, 5.5, 19444, 26419, 50, False), (122, 10.5, 7.0, 0, 6806, 20, True), (123, 3.0, 15.0, 17374, 20938, 40, True), (124, 6.5, 8.5, 0, 8632, 50, True), (125, 13.5, 7.0, 35493, 40813, 40, True), (126, 7.58, 7.416, 0, 48000, 0, False)], 'F': 20.0, 'ct': 0.083, 'cd': 0.021, 'truck_cap': 100, 'drone_cap': 20, 'truck_speed': 40, 'drone_speed': 40, 'a': 1, 'b': 2, 'max_flight_time': 30, 'ttt': [[0, 2205, 2495, 445, 1798, 2137, 1956, 1694, 2129, 1366, 2458, 1887, 2796, 2577, 1827, 1773, 1585, 1680, 1926, 1715, 2341, 1937, 1027, 551, 1091, 1742, 1829, 705, 3113, 2098, 2133, 1579, 1926, 1487, 1954, 876, 1632, 2388, 1233, 426, 1914, 1979, 2234, 1388, 2407, 2230, 1579, 1919, 2266, 1890, 2739, 2669, 2007, 1076, 1923, 1979, 2456, 1132, 1169, 1981, 1221, 1771, 1096, 2382, 2254, 2972, 1784, 785, 1176, 1512, 1404, 1467, 2490, 1082, 2118, 2359, 2521, 1041, 2497, 2257, 2867, 1630, 2785, 1027, 2144, 2671, 649, 797, 2337, 603, 1891, 2254, 2637, 957, 2379, 2130, 996, 1842, 639, 2203, 1925, 2129, 2299, 1497, 2300, 1602, 1381, 1631, 1597, 1923, 1931, 842, 2757, 2215, 2084, 2215, 1645, 1297, 1699, 1237, 2169, 2347, 886, 2659, 460, 1781, 1], [2205, 0, 1501, 2344, 2705, 4328, 3183, 672, 425, 3291, 4573, 3799, 1238, 4673, 4026, 2515, 2886, 1898, 1051, 950, 1826, 336, 2164, 2755, 3294, 3651, 1951, 2659, 4225, 2767, 4150, 2718, 1051, 3304, 3751, 1486, 3834, 1698, 3372, 1813, 3604, 2013, 4413, 3579, 3913, 4382, 3315, 3093, 3629, 1210, 4225, 4785, 2271, 3179, 2847, 2013, 451, 3190, 1093, 3038, 3183, 1478, 2718, 4051, 3321, 5132, 3454, 2443, 1291, 1898, 3566, 2484, 336, 1801, 3093, 2819, 2701, 2913, 4697, 2251, 1051, 1424, 672, 2867, 4270, 3332, 2149, 2882, 151, 2672, 4095, 3321, 3165, 1283, 3778, 2948, 2569, 3165, 1910, 4374, 876, 2085, 4267, 3632, 4496, 637, 1826, 1238, 913, 2122, 3500, 1922, 3315, 336, 3787, 336, 2819, 1201, 3872, 2106, 4054, 1807, 2655, 4212, 2373, 3372, 2205], [2495, 1501, 0, 2847, 3751, 4501, 2373, 1898, 1083, 3846, 4915, 3372, 601, 5043, 4037, 3604, 3778, 1083, 2424, 901, 3232, 1678, 3016, 2959, 3454, 3246, 1007, 2555, 3151, 3913, 3787, 2013, 2424, 3938, 4413, 2256, 3961, 301, 3291, 2090, 3020, 950, 4622, 3787, 3133, 4661, 2831, 4062, 2803, 619, 3385, 5121, 3503, 3079, 3901, 950, 1173, 3626, 1508, 4054, 3706, 751, 2344, 3372, 4354, 5372, 2886, 2231, 2256, 3016, 3503, 3454, 1384, 1501, 2149, 1651, 4003, 2655, 4668, 3566, 913, 876, 1343, 3464, 4054, 4523, 2041, 3291, 1596, 3093, 4150, 4354, 4392, 1678, 2948, 4054, 2231, 2424, 2590, 4249, 766, 913, 3834, 3964, 4456, 1711, 1274, 2475, 1051, 3355, 4296, 2718, 4541, 1832, 4513, 1832, 3763, 1238, 4120, 1596, 4653, 451, 3277, 3422, 2373, 4150, 2495], [445, 2344, 2847, 0, 1384, 2013, 2373, 1750, 2344, 1007, 2231, 2149, 3090, 2334, 1826, 1384, 1143, 2101, 1856, 2013, 2122, 2041, 672, 619, 1062, 2013, 2251, 1062, 3516, 1698, 2330, 2013, 1856, 1093, 1567, 876, 1567, 2767, 1384, 766, 2251, 2401, 2085, 1283, 2767, 2041, 1922, 1478, 2655, 2231, 3093, 2443, 1678, 1283, 1501, 2401, 2655, 850, 1416, 1545, 876, 2149, 1501, 2705, 1813, 2791, 2133, 1210, 1143, 1238, 1508, 1062, 2655, 1501, 2551, 2803, 2164, 1384, 2475, 1951, 3122, 2002, 2971, 619, 2256, 2251, 1093, 542, 2461, 336, 1856, 1813, 2231, 1210, 2759, 1711, 1416, 2251, 475, 2256, 2216, 2551, 2515, 1291, 2296, 1711, 1801, 1531, 1880, 1617, 1501, 601, 2344, 2291, 1678, 2291, 1210, 1617, 1545, 1678, 1813, 2738, 451, 3001, 876, 1351, 445], [1798, 2705, 3751, 1384, 0, 2705, 3751, 2041, 2913, 1359, 2590, 3454, 3799, 2621, 2803, 213, 451, 3277, 1750, 2851, 1416, 2373, 809, 1922, 2149, 3332, 3422, 2443, 4898, 336, 3557, 3372, 1750, 1201, 1424, 1508, 2475, 3763, 2625, 1951, 3613, 3566, 2701, 2185, 4139, 2555, 3291, 425, 4037, 3155, 4461, 2767, 672, 2582, 151, 3566, 3133, 1567, 2256, 336, 1384, 3183, 2882, 4054, 619, 3208, 3503, 2582, 1508, 809, 2684, 336, 3038, 2705, 3913, 4098, 913, 2759, 3332, 950, 3712, 3035, 3372, 1143, 3372, 876, 2420, 1545, 2759, 1501, 2767, 619, 850, 2122, 4139, 336, 2791, 3632, 1283, 3277, 3005, 3712, 3760, 1974, 3208, 2149, 2990, 1478, 2701, 751, 1007, 1093, 961, 2484, 1343, 2484, 301, 2569, 2271, 2956, 1757, 3778, 1083, 4361, 2251, 950, 1798], [2137, 4328, 4501, 2013, 2705, 0, 2886, 3760, 4265, 1351, 619, 1807, 4885, 766, 601, 2851, 2256, 3500, 3846, 3819, 3947, 4040, 2475, 1596, 1062, 1801, 3629, 1957, 3629, 3016, 1567, 2847, 3846, 1508, 1478, 2886, 542, 4328, 1283, 2555, 2251, 3760, 151, 751, 2718, 336, 2122, 2443, 2851, 3938, 2913, 751, 3304, 1478, 2718, 3760, 4593, 1238, 3304, 2590, 1359, 3751, 2286, 2443, 2659, 876, 2256, 2291, 3155, 3060, 1093, 2555, 4622, 3001, 3208, 3751, 3613, 1951, 672, 3604, 4987, 3632, 4921, 1678, 1143, 3277, 2461, 1478, 4453, 1678, 451, 2659, 3385, 3093, 2855, 2886, 2349, 2738, 2484, 876, 4032, 3892, 1757, 766, 637, 3706, 3246, 3512, 3715, 3315, 1898, 2564, 3422, 4299, 1678, 4299, 2406, 3395, 475, 2959, 1291, 4246, 1856, 2767, 2133, 1856, 2137], [1956, 3183, 2373, 2373, 3751, 2886, 0, 3038, 2855, 2990, 3464, 1210, 2948, 3613, 2296, 3727, 3500, 1359, 3490, 2256, 4120, 3093, 2978, 1951, 2122, 1143, 1384, 1343, 1173, 4054, 1623, 475, 3490, 3179, 3566, 2582, 2406, 2090, 1651, 1922, 751, 1424, 3035, 2406, 766, 3165, 766, 3834, 451, 2106, 1051, 3629, 3927, 1508, 3872, 1424, 3151, 2659, 2231, 3913, 2847, 1807, 876, 1007, 4169, 3712, 672, 1173, 2831, 3402, 1807, 3422, 3304, 1424, 336, 961, 4456, 1093, 2759, 4150, 3208, 1801, 3454, 2819, 2013, 4622, 1384, 2424, 3332, 2349, 2443, 4169, 4593, 2149, 601, 4081, 961, 151, 2547, 2286, 2401, 1478, 1596, 2718, 2564, 2847, 1359, 3294, 2271, 3825, 3706, 2759, 4711, 3385, 3751, 3385, 3579, 2002, 2701, 1093, 3651, 1951, 2755, 1062, 1501, 3566, 1956], [1694, 672, 1898, 1750, 2041, 3760, 3038, 0, 901, 2655, 3961, 3451, 1801, 4054, 3512, 1856, 2216, 1922, 542, 1083, 1343, 336, 1501, 2231, 2759, 3301, 2019, 2256, 4161, 2122, 3763, 2564, 542, 2655, 3093, 876, 3291, 2013, 2913, 1359, 3332, 2122, 3834, 3020, 3712, 3787, 3016, 2424, 3464, 1416, 4040, 4171, 1651, 2738, 2185, 2122, 1093, 2582, 809, 2373, 2555, 1596, 2420, 3799, 2659, 4536, 3183, 2106, 637, 1238, 3093, 1813, 1007, 1617, 3020, 2882, 2122, 2551, 4180, 1678, 1678, 1486, 1343, 2231, 3825, 2705, 1807, 2291, 751, 2085, 3566, 2659, 2551, 913, 3607, 2296, 2271, 2990, 1291, 3895, 1143, 2231, 3904, 3038, 3987, 213, 1750, 601, 961, 1501, 2831, 1274, 2701, 542, 3122, 542, 2149, 1083, 3294, 1951, 3402, 2085, 2019, 4003, 1957, 2705, 1694], [2129, 425, 1083, 2344, 2913, 4265, 2855, 901, 0, 3332, 4563, 3566, 901, 4673, 3913, 2738, 3038, 1531, 1384, 601, 2185, 619, 2286, 2672, 3211, 3422, 1567, 2484, 3857, 3016, 3938, 2401, 1384, 3372, 3834, 1545, 3751, 1274, 3222, 1711, 3332, 1617, 4361, 3516, 3601, 4351, 3060, 3277, 3304, 809, 3904, 4775, 2551, 3020, 3060, 1617, 336, 3190, 961, 3239, 3211, 1093, 2475, 3763, 3532, 5097, 3183, 2231, 1424, 2122, 3425, 2659, 451, 1531, 2738, 2424, 3016, 2705, 4580, 2569, 809, 1062, 672, 2913, 4098, 3604, 1951, 2867, 542, 2655, 3995, 3532, 3451, 1173, 3454, 3183, 2330, 2851, 1957, 4228, 475, 1678, 4040, 3607, 4374, 766, 1501, 1501, 619, 2401, 3626, 2013, 3601, 751, 3892, 751, 2990, 950, 3825, 1807, 4120, 1384, 2705, 3901, 2216, 3490, 2129], [1366, 3291, 3846, 1007, 1359, 1351, 2990, 2655, 3332, 0, 1343, 2344, 4095, 1416, 1478, 1501, 913, 3035, 2625, 3020, 2621, 2971, 1210, 1062, 961, 2251, 3183, 1678, 4026, 1678, 2344, 2738, 2625, 213, 601, 1807, 1143, 3751, 1501, 1757, 2625, 3332, 1359, 876, 3165, 1238, 2349, 1143, 3155, 3232, 3454, 1545, 1957, 1545, 1384, 3332, 3632, 336, 2420, 1283, 151, 3133, 2149, 3001, 1416, 1951, 2551, 1957, 2019, 1757, 1486, 1210, 3613, 2443, 3239, 3613, 2271, 1898, 1974, 2256, 4120, 2990, 3938, 425, 2085, 2013, 1957, 601, 3395, 766, 1424, 1416, 2090, 2216, 3222, 1567, 2122, 2847, 1384, 1951, 3222, 3480, 2555, 619, 1856, 2655, 2738, 2291, 2886, 1974, 751, 1384, 2149, 3190, 766, 3190, 1062, 2621, 913, 2555, 809, 3712, 637, 3332, 1651, 637, 1366], [2458, 4573, 4915, 2231, 2590, 619, 3464, 3961, 4563, 1343, 0, 2420, 5251, 151, 1210, 2767, 2149, 3961, 3964, 4171, 3938, 4265, 2551, 1957, 1478, 2406, 4098, 2424, 4244, 2867, 2185, 3385, 3964, 1424, 1201, 3093, 1062, 4766, 1826, 2882, 2855, 4236, 475, 1143, 3332, 301, 2705, 2256, 3454, 4328, 3532, 213, 3239, 2002, 2569, 4236, 4880, 1384, 3613, 2406, 1416, 4169, 2803, 3060, 2406, 619, 2851, 2759, 3332, 3093, 1658, 2515, 4885, 3425, 3778, 4296, 3464, 2475, 1173, 3532, 5321, 4040, 5199, 1750, 1757, 3016, 2886, 1698, 4687, 1910, 1062, 2406, 3155, 3402, 3464, 2705, 2847, 3315, 2672, 1478, 4382, 4374, 2373, 961, 1210, 3938, 3691, 3629, 4054, 3277, 1651, 2705, 3165, 4501, 1359, 4501, 2296, 3751, 809, 3428, 913, 4697, 1957, 3385, 2551, 1658, 2458], [1887, 3799, 3372, 2149, 3454, 1807, 1210, 3451, 3566, 2344, 2420, 0, 3892, 2569, 1210, 3500, 3093, 2291, 3778, 2990, 4225, 3613, 2819, 1545, 1384, 151, 2373, 1210, 1826, 3787, 425, 1384, 3778, 2555, 2831, 2738, 1424, 3122, 850, 2106, 475, 2461, 1957, 1545, 913, 2122, 542, 3402, 1062, 2956, 1143, 2555, 3825, 876, 3541, 2461, 3895, 2019, 2718, 3516, 2231, 2684, 1093, 672, 3715, 2569, 542, 1359, 3035, 3372, 876, 3165, 4003, 2041, 1545, 2164, 4299, 901, 1567, 4098, 4098, 2621, 4225, 2344, 809, 4265, 1658, 1922, 3947, 1957, 1359, 3715, 4291, 2555, 1051, 3751, 1238, 1083, 2515, 1093, 3179, 2555, 475, 1880, 1384, 3304, 2149, 3503, 2948, 3763, 3093, 2705, 4382, 3913, 3038, 3913, 3211, 2621, 1757, 1813, 2819, 3001, 2373, 1007, 1508, 2978, 1887], [2796, 1238, 601, 3090, 3799, 4885, 2948, 1801, 901, 4095, 5251, 3892, 0, 5372, 4461, 3629, 3895, 1617, 2271, 1083, 3060, 1508, 3133, 3304, 3825, 3760, 1567, 2978, 3751, 3913, 4299, 2564, 2271, 4161, 4632, 2373, 4351, 901, 3727, 2373, 3566, 1531, 4996, 4150, 3712, 5014, 3355, 4150, 3385, 961, 3972, 5461, 3451, 3516, 3947, 1531, 809, 3913, 1678, 4120, 3964, 1210, 2831, 3938, 4415, 5744, 3428, 2672, 2296, 3016, 3938, 3532, 1007, 1922, 2738, 2251, 3913, 3122, 5110, 3464, 336, 1291, 850, 3691, 4536, 4503, 2443, 3579, 1283, 3372, 4563, 4415, 4351, 1880, 3532, 4076, 2705, 2990, 2759, 4711, 876, 1508, 4361, 4291, 4898, 1658, 1750, 2401, 1210, 3301, 4461, 2847, 4501, 1567, 4709, 1567, 3857, 1501, 4476, 2085, 4898, 1051, 3490, 4003, 2759, 4320, 2796], [2577, 4673, 5043, 2334, 2621, 766, 3613, 4054, 4673, 1416, 151, 2569, 5372, 0, 1359, 2803, 2185, 4098, 4040, 4291, 3987, 4361, 2625, 2085, 1617, 2555, 4236, 2564, 4392, 2886, 2330, 3532, 4040, 1478, 1210, 3190, 1210, 4898, 1974, 3001, 3005, 4374, 619, 1283, 3480, 451, 2855, 2271, 3604, 4453, 3678, 151, 3277, 2149, 2590, 4374, 4987, 1486, 3727, 2420, 1501, 4299, 2948, 3208, 2401, 601, 3001, 2898, 3422, 3155, 1807, 2564, 4987, 3557, 3927, 4443, 3480, 2621, 1291, 3566, 5436, 4169, 5304, 1832, 1898, 3005, 3020, 1807, 4785, 2019, 1210, 2401, 3151, 3516, 3613, 2718, 2990, 3464, 2767, 1617, 4501, 4513, 2515, 1083, 1343, 4037, 3825, 3706, 4171, 3321, 1658, 2791, 3155, 4593, 1351, 4593, 2330, 3872, 950, 3566, 901, 4831, 2041, 3532, 2684, 1678, 2577], [1827, 4026, 4037, 1826, 2803, 601, 2296, 3512, 3913, 1478, 1210, 1210, 4461, 1359, 0, 2913, 2373, 3001, 3678, 3422, 3901, 3763, 2401, 1283, 766, 1201, 3122, 1486, 3035, 3133, 1007, 2286, 3678, 1678, 1807, 2659, 336, 3843, 751, 2216, 1651, 3246, 751, 619, 2122, 913, 1531, 2621, 2251, 3503, 2330, 1351, 3332, 961, 2847, 3246, 4246, 1238, 2959, 2759, 1424, 3291, 1750, 1856, 2886, 1424, 1658, 1807, 2948, 3001, 542, 2590, 4299, 2547, 2621, 3179, 3712, 1416, 672, 3629, 4593, 3183, 4580, 1678, 637, 3490, 2019, 1351, 4161, 1508, 151, 2886, 3566, 2755, 2256, 3038, 1832, 2149, 2296, 475, 3632, 3372, 1210, 876, 475, 3428, 2767, 3355, 3332, 3315, 2164, 2420, 3626, 4040, 2019, 4040, 2515, 3001, 637, 2461, 1711, 3751, 1807, 2185, 1711, 2085, 1827], [1773, 2515, 3604, 1384, 213, 2851, 3727, 1856, 2738, 1501, 2767, 3500, 3629, 2803, 2913, 0, 619, 3179, 1545, 2705, 1210, 2185, 751, 1957, 2231, 3372, 3321, 2443, 4885, 336, 3626, 3332, 1545, 1359, 1617, 1384, 2590, 3629, 2684, 1880, 3632, 3464, 2855, 2296, 4150, 2718, 3304, 637, 4032, 3016, 4476, 2948, 475, 2625, 336, 3464, 2948, 1678, 2122, 542, 1508, 3060, 2867, 4081, 809, 3385, 3516, 2555, 1351, 619, 2759, 336, 2847, 2621, 3872, 4026, 809, 2767, 3464, 766, 3532, 2913, 3179, 1238, 3464, 950, 2373, 1617, 2564, 1545, 2886, 809, 876, 2002, 4139, 451, 2767, 3613, 1210, 3385, 2851, 3607, 3825, 2106, 3332, 1974, 2898, 1283, 2555, 542, 1210, 1007, 1007, 2286, 1545, 2286, 475, 2443, 2406, 2886, 1951, 3651, 1143, 4382, 2231, 1143, 1773], [1585, 2886, 3778, 1143, 451, 2256, 3500, 2216, 3038, 913, 2149, 3093, 3895, 2185, 2373, 619, 0, 3183, 2019, 2886, 1813, 2551, 766, 1596, 1750, 2978, 3332, 2164, 4622, 766, 3165, 3155, 2019, 751, 1007, 1531, 2041, 3754, 2251, 1826, 3291, 3480, 2251, 1757, 3825, 2106, 2978, 336, 3751, 3165, 4139, 2330, 1093, 2231, 475, 3480, 3291, 1143, 2271, 425, 950, 3151, 2625, 3715, 672, 2767, 3190, 2349, 1617, 1062, 2291, 425, 3222, 2590, 3691, 3938, 1359, 2461, 2886, 1384, 3846, 3001, 3557, 751, 2956, 1173, 2231, 1173, 2959, 1173, 2330, 672, 1210, 2106, 3843, 672, 2551, 3372, 1201, 2847, 3060, 3629, 3372, 1531, 2767, 2286, 2886, 1711, 2738, 1143, 637, 1062, 1291, 2705, 961, 2705, 151, 2555, 1826, 2803, 1343, 3751, 751, 4032, 2013, 542, 1585], [1680, 1898, 1083, 2101, 3277, 3500, 1359, 1922, 1531, 3035, 3961, 2291, 1617, 4098, 3001, 3179, 3183, 0, 2443, 950, 3190, 1880, 2475, 2041, 2484, 2164, 151, 1545, 2330, 3512, 2705, 950, 2443, 3165, 3629, 1813, 2959, 850, 2251, 1359, 1951, 301, 3629, 2819, 2122, 3691, 1750, 3503, 1807, 751, 2406, 4161, 3222, 2041, 3422, 301, 1807, 2767, 1173, 3532, 2886, 451, 1274, 2330, 3825, 4374, 1813, 1210, 1957, 2684, 2461, 2948, 1974, 601, 1210, 961, 3760, 1596, 3613, 3372, 1856, 475, 2101, 2705, 2978, 4128, 1093, 2443, 2041, 2271, 3122, 3825, 4040, 1210, 1957, 3607, 1173, 1384, 2002, 3183, 1062, 451, 2755, 3038, 3402, 1711, 301, 2344, 1007, 3090, 3601, 2185, 4180, 2149, 3763, 2149, 3208, 850, 3155, 542, 3825, 751, 2551, 2420, 1424, 3451, 1680], [1926, 1051, 2424, 1856, 1750, 3846, 3490, 542, 1384, 2625, 3964, 3778, 2271, 4040, 3678, 1545, 2019, 2443, 0, 1623, 809, 766, 1416, 2420, 2913, 3629, 2547, 2569, 4634, 1757, 4054, 3020, 1, 2582, 2978, 1051, 3422, 2551, 3155, 1678, 3712, 2655, 3901, 3133, 4128, 3825, 3385, 2164, 3901, 1957, 4461, 4169, 1238, 3001, 1880, 2655, 1501, 2621, 1291, 2085, 2551, 2133, 2803, 4185, 2349, 4563, 3566, 2475, 751, 961, 3315, 1596, 1359, 2085, 3500, 3402, 1651, 2886, 4330, 1201, 2101, 2019, 1678, 2216, 4062, 2296, 2185, 2373, 1062, 2185, 3712, 2349, 2122, 1343, 4040, 1951, 2659, 3428, 1384, 4095, 1678, 2767, 4212, 3093, 4150, 751, 2251, 336, 1501, 1093, 2655, 1283, 2271, 766, 2971, 766, 1922, 1596, 3372, 2420, 3304, 2625, 2013, 4413, 2271, 2547, 1926], [1715, 950, 901, 2013, 2851, 3819, 2256, 1083, 601, 3020, 4171, 2990, 1083, 4291, 3422, 2705, 2886, 950, 1623, 0, 2420, 961, 2122, 2231, 2759, 2847, 1007, 1957, 3277, 3016, 3372, 1801, 1623, 3093, 3566, 1359, 3291, 950, 2705, 1291, 2738, 1083, 3927, 3079, 3001, 3938, 2475, 3165, 2705, 336, 3304, 4382, 2621, 2497, 3001, 1083, 913, 2831, 619, 3155, 2886, 542, 1898, 3165, 3454, 4673, 2590, 1678, 1359, 2122, 2913, 2555, 1051, 950, 2149, 1880, 3133, 2149, 4081, 2705, 1173, 475, 1238, 2621, 3557, 3629, 1416, 2497, 1093, 2291, 3516, 3454, 3503, 809, 2855, 3155, 1757, 2251, 1711, 3706, 213, 1173, 3464, 3211, 3872, 876, 901, 1617, 151, 2475, 3422, 1826, 3651, 1210, 3654, 1210, 2867, 425, 3402, 1210, 3825, 1007, 2424, 3301, 1711, 3277, 1715], [2341, 1826, 3232, 2122, 1416, 3947, 4120, 1343, 2185, 2621, 3938, 4225, 3060, 3987, 3901, 1210, 1813, 3190, 809, 2420, 0, 1567, 1501, 2738, 3155, 4081, 3304, 3038, 5285, 1274, 4443, 3663, 809, 2515, 2819, 1545, 3604, 3355, 3503, 2216, 4236, 3422, 3972, 3304, 4697, 3857, 3901, 1832, 4503, 2755, 5032, 4128, 751, 3385, 1501, 3422, 2271, 2718, 2019, 1711, 2590, 2913, 3355, 4709, 1910, 4556, 4098, 3020, 1291, 901, 3629, 1424, 2106, 2767, 4171, 4139, 950, 3372, 4511, 542, 2867, 2791, 2401, 2271, 4374, 1678, 2755, 2551, 1807, 2406, 3904, 1910, 1478, 2019, 4634, 1486, 3222, 4040, 1711, 4354, 2484, 3541, 4622, 3183, 4354, 1545, 2971, 850, 2291, 672, 2420, 1531, 1617, 1508, 2755, 1508, 1678, 2344, 3480, 3093, 3155, 3425, 2106, 4967, 2759, 2349, 2341], [1937, 336, 1678, 2041, 2373, 4040, 3093, 336, 619, 2971, 4265, 3613, 1508, 4361, 3763, 2185, 2551, 1880, 766, 961, 1567, 0, 1832, 2484, 3020, 3464, 1957, 2443, 4180, 2443, 3947, 2621, 766, 2978, 3422, 1173, 3557, 1832, 3133, 1567, 3454, 2041, 4120, 3294, 3799, 4081, 3151, 2759, 3532, 1274, 4120, 4476, 1957, 2948, 2515, 2041, 766, 2882, 901, 2705, 2867, 1501, 2551, 3913, 2990, 4831, 3304, 2256, 961, 1567, 3321, 2149, 672, 1678, 3038, 2831, 2406, 2718, 4433, 1957, 1359, 1416, 1007, 2547, 4040, 3016, 1957, 2582, 425, 2373, 3825, 2990, 2855, 1062, 3678, 2621, 2401, 3060, 1596, 4128, 961, 2133, 4076, 3332, 4236, 336, 1757, 913, 876, 1807, 3165, 1596, 3005, 301, 3454, 301, 2484, 1093, 3579, 2002, 3727, 1922, 2334, 4095, 2149, 3038, 1937], [1027, 2164, 3016, 672, 809, 2475, 2978, 1501, 2286, 1210, 2551, 2819, 3133, 2625, 2401, 751, 766, 2475, 1416, 2122, 1501, 1832, 0, 1283, 1658, 2684, 2621, 1711, 4139, 1083, 2990, 2582, 1416, 1173, 1596, 766, 2106, 3001, 2041, 1143, 2913, 2767, 2515, 1807, 3422, 2424, 2582, 1051, 3291, 2406, 3751, 2755, 1007, 1951, 950, 2767, 2551, 1238, 1508, 1062, 1143, 2406, 2122, 3372, 1359, 3155, 2791, 1807, 876, 601, 2149, 475, 2497, 1898, 3122, 3291, 1501, 2041, 3016, 1283, 3093, 2256, 2831, 809, 2886, 1678, 1623, 1051, 2251, 913, 2406, 1359, 1623, 1351, 3402, 1143, 2019, 2867, 475, 2855, 2296, 2913, 3179, 1711, 2855, 1545, 2185, 1083, 1974, 950, 1343, 301, 1750, 2019, 1623, 2019, 751, 1801, 2002, 2149, 1910, 3005, 619, 3663, 1486, 1210, 1027], [551, 2755, 2959, 619, 1922, 1596, 1951, 2231, 2672, 1062, 1957, 1545, 3304, 2085, 1283, 1957, 1596, 2041, 2420, 2231, 2738, 2484, 1283, 0, 542, 1416, 2185, 619, 3038, 2251, 1711, 1678, 2420, 1238, 1658, 1384, 1083, 2819, 766, 961, 1698, 2330, 1698, 850, 2231, 1711, 1384, 1922, 2164, 2373, 2547, 2164, 2286, 672, 2019, 2330, 3001, 751, 1711, 2019, 913, 2216, 1093, 2133, 2251, 2443, 1596, 901, 1678, 1856, 901, 1623, 3038, 1478, 2185, 2555, 2755, 876, 1951, 2564, 3395, 2085, 3332, 876, 1651, 2759, 950, 475, 2886, 425, 1343, 2251, 2767, 1501, 2251, 2231, 1062, 1813, 1051, 1678, 2443, 2475, 1898, 1007, 1757, 2149, 1757, 2106, 2122, 2231, 1757, 1210, 2867, 2759, 1826, 2759, 1698, 1807, 1173, 1531, 1807, 2759, 850, 2443, 619, 1617, 551], [1091, 3294, 3454, 1062, 2149, 1062, 2122, 2759, 3211, 961, 1478, 1384, 3825, 1617, 766, 2231, 1750, 2484, 2913, 2759, 3155, 3020, 1658, 542, 0, 1291, 2621, 950, 3093, 2484, 1416, 1957, 2913, 1173, 1478, 1898, 542, 3294, 542, 1501, 1678, 2759, 1173, 336, 2216, 1210, 1424, 2041, 2231, 2882, 2497, 1678, 2621, 619, 2216, 2759, 3541, 637, 2251, 2164, 850, 2705, 1359, 2041, 2344, 1922, 1617, 1283, 2185, 2256, 542, 1898, 3579, 1957, 2406, 2867, 3038, 1051, 1424, 2913, 3927, 2582, 3872, 1007, 1238, 2913, 1416, 619, 3425, 751, 809, 2344, 2959, 2041, 2286, 2420, 1384, 1974, 1531, 1201, 2971, 2898, 1623, 601, 1238, 2684, 2216, 2590, 2655, 2590, 1711, 1658, 3038, 3291, 1678, 3291, 1880, 2334, 672, 1951, 1531, 3222, 1093, 2373, 1083, 1596, 1091], [1742, 3651, 3246, 2013, 3332, 1801, 1143, 3301, 3422, 2251, 2406, 151, 3760, 2555, 1201, 3372, 2978, 2164, 3629, 2847, 4081, 3464, 2684, 1416, 1291, 0, 2251, 1062, 1856, 3663, 542, 1274, 3629, 2461, 2755, 2590, 1384, 3001, 751, 1957, 451, 2344, 1951, 1478, 950, 2106, 425, 3291, 1051, 2819, 1210, 2551, 3691, 751, 3422, 2344, 3751, 1922, 2569, 3402, 2133, 2551, 950, 751, 3607, 2590, 475, 1210, 2886, 3232, 809, 3038, 3857, 1898, 1478, 2085, 4169, 751, 1617, 3961, 3961, 2484, 4081, 2231, 876, 4150, 1508, 1807, 3799, 1832, 1351, 3607, 4171, 2406, 1062, 3632, 1093, 1007, 2373, 1143, 3038, 2443, 619, 1813, 1424, 3155, 2013, 3355, 2803, 3626, 3001, 2564, 4265, 3763, 2959, 3763, 3093, 2475, 1711, 1678, 2759, 2882, 2251, 1083, 1359, 2882, 1742], [1829, 1951, 1007, 2251, 3422, 3629, 1384, 2019, 1567, 3183, 4098, 2373, 1567, 4236, 3122, 3321, 3332, 151, 2547, 1007, 3304, 1957, 2621, 2185, 2621, 2251, 0, 1678, 2296, 3654, 2791, 1007, 2547, 3315, 3778, 1951, 3090, 751, 2373, 1508, 2013, 151, 3760, 2956, 2149, 3825, 1832, 3651, 1826, 766, 2420, 4296, 3355, 2164, 3566, 151, 1826, 2913, 1291, 3678, 3035, 475, 1384, 2373, 3972, 4503, 1880, 1343, 2085, 2819, 2582, 3093, 2002, 751, 1201, 876, 3892, 1711, 3727, 3500, 1826, 542, 2106, 2855, 3079, 4270, 1238, 2590, 2090, 2420, 3246, 3972, 4180, 1343, 1974, 3751, 1291, 1424, 2149, 3291, 1093, 301, 2831, 3179, 3516, 1807, 451, 2461, 1083, 3222, 3751, 2330, 4320, 2216, 3913, 2216, 3355, 961, 3291, 672, 3972, 637, 2701, 2443, 1567, 3601, 1829], [705, 2659, 2555, 1062, 2443, 1957, 1343, 2256, 2484, 1678, 2424, 1210, 2978, 2564, 1486, 2443, 2164, 1545, 2569, 1957, 3038, 2443, 1711, 619, 950, 1062, 1678, 0, 2461, 2759, 1508, 1062, 2569, 1856, 2271, 1531, 1416, 2373, 751, 901, 1210, 1813, 2085, 1283, 1711, 2149, 876, 2497, 1596, 2019, 2041, 2621, 2705, 542, 2555, 1813, 2819, 1359, 1567, 2582, 1531, 1807, 475, 1678, 2831, 2831, 1083, 336, 1826, 2216, 961, 2122, 2898, 1062, 1567, 1951, 3211, 336, 2133, 2959, 3122, 1698, 3155, 1478, 1617, 3304, 542, 1093, 2803, 1007, 1596, 2831, 3291, 1384, 1698, 2767, 451, 1210, 1343, 1750, 2164, 1951, 1651, 1531, 1922, 2122, 1291, 2296, 1880, 2625, 2373, 1545, 3402, 2738, 2443, 2738, 2251, 1545, 1617, 1007, 2401, 2291, 1416, 1957, 301, 2231, 705], [3113, 4225, 3151, 3516, 4898, 3629, 1173, 4161, 3857, 4026, 4244, 1826, 3751, 4392, 3035, 4885, 4622, 2330, 4634, 3277, 5285, 4180, 4139, 3038, 3093, 1856, 2296, 2461, 0, 5208, 2101, 1623, 4634, 4228, 4570, 3751, 3239, 2851, 2564, 3093, 1424, 2271, 3778, 3321, 913, 3947, 1678, 4953, 876, 3060, 766, 4374, 5097, 2484, 5014, 2271, 4120, 3691, 3355, 5041, 3892, 2767, 2019, 1201, 5285, 4351, 1478, 2334, 3995, 4573, 2659, 4573, 4296, 2551, 1143, 1501, 5623, 2164, 3304, 5321, 4054, 2803, 4392, 3913, 2551, 5764, 2555, 3500, 4369, 3454, 3183, 5285, 5744, 3294, 809, 5225, 2122, 1274, 3715, 2851, 3385, 2256, 1957, 3654, 3151, 3961, 2424, 4453, 3321, 4996, 4766, 3927, 5859, 4461, 4768, 4461, 4711, 3093, 3566, 2216, 4602, 2701, 3872, 913, 2655, 4634, 3113], [2098, 2767, 3913, 1698, 336, 3016, 4054, 2122, 3016, 1678, 2867, 3787, 3913, 2886, 3133, 336, 766, 3512, 1757, 3016, 1274, 2443, 1083, 2251, 2484, 3663, 3654, 2759, 5208, 0, 3892, 3663, 1757, 1508, 1678, 1711, 2803, 3947, 2959, 2216, 3938, 3796, 3005, 2515, 4461, 2851, 3613, 619, 4351, 3332, 4785, 3035, 542, 2913, 301, 3796, 3208, 1898, 2443, 475, 1711, 3385, 3190, 4382, 637, 3480, 3825, 2882, 1658, 901, 3020, 637, 3093, 2956, 4204, 4361, 601, 3079, 3651, 751, 3799, 3239, 3422, 1478, 3706, 619, 2705, 1880, 2803, 1832, 3093, 637, 542, 2330, 4456, 213, 3093, 3938, 1545, 3607, 3155, 3938, 4095, 2296, 3532, 2256, 3232, 1531, 2867, 672, 1238, 1343, 672, 2515, 1567, 2515, 619, 2767, 2590, 3222, 2002, 3972, 1416, 4687, 2555, 1210, 2098], [2133, 4150, 3787, 2330, 3557, 1567, 1623, 3763, 3938, 2344, 2185, 425, 4299, 2330, 1007, 3626, 3165, 2705, 4054, 3372, 4443, 3947, 2990, 1711, 1416, 542, 2791, 1508, 2101, 3892, 0, 1807, 4054, 2555, 2767, 3005, 1291, 3541, 950, 2406, 876, 2882, 1711, 1486, 1210, 1898, 961, 3454, 1424, 3355, 1359, 2296, 3987, 1062, 3629, 2882, 4270, 2041, 3060, 3579, 2251, 3090, 1478, 901, 3751, 2251, 961, 1711, 3304, 3566, 876, 3291, 4369, 2424, 1957, 2582, 4433, 1238, 1210, 4270, 4496, 3020, 4602, 2420, 451, 4328, 2002, 2013, 4296, 2090, 1143, 3751, 4374, 2886, 1384, 3834, 1617, 1501, 2738, 751, 3566, 2978, 213, 1807, 1051, 3629, 2551, 3763, 3321, 3938, 3079, 2913, 4453, 4244, 2978, 4244, 3294, 2990, 1623, 2216, 2705, 3422, 2484, 1210, 1807, 2978, 2133], [1579, 2718, 2013, 2013, 3372, 2847, 475, 2564, 2401, 2738, 3385, 1384, 2564, 3532, 2286, 3332, 3155, 950, 3020, 1801, 3663, 2621, 2582, 1678, 1957, 1274, 1007, 1062, 1623, 3663, 1807, 0, 3020, 2913, 3332, 2133, 2330, 1750, 1567, 1486, 1007, 1083, 2990, 2271, 1201, 3093, 850, 3490, 913, 1678, 1508, 3566, 3503, 1384, 3500, 1083, 2705, 2420, 1757, 3557, 2590, 1384, 601, 1384, 3825, 3706, 876, 809, 2373, 2971, 1757, 3038, 2851, 950, 542, 913, 4037, 913, 2831, 3715, 2803, 1359, 3016, 2515, 2133, 4246, 961, 2149, 2867, 2041, 2424, 3825, 4204, 1678, 1062, 3706, 619, 451, 2133, 2373, 1957, 1173, 1832, 2555, 2625, 2373, 901, 2831, 1807, 3395, 3422, 2344, 4328, 2913, 3503, 2913, 3222, 1531, 2590, 619, 3454, 1623, 2424, 1501, 1143, 3277, 1579], [1926, 1051, 2424, 1856, 1750, 3846, 3490, 542, 1384, 2625, 3964, 3778, 2271, 4040, 3678, 1545, 2019, 2443, 1, 1623, 809, 766, 1416, 2420, 2913, 3629, 2547, 2569, 4634, 1757, 4054, 3020, 0, 2582, 2978, 1051, 3422, 2551, 3155, 1678, 3712, 2655, 3901, 3133, 4128, 3825, 3385, 2164, 3901, 1957, 4461, 4169, 1238, 3001, 1880, 2655, 1501, 2621, 1291, 2085, 2551, 2133, 2803, 4185, 2349, 4563, 3566, 2475, 751, 961, 3315, 1596, 1359, 2085, 3500, 3402, 1651, 2886, 4330, 1201, 2101, 2019, 1678, 2216, 4062, 2296, 2185, 2373, 1062, 2185, 3712, 2349, 2122, 1343, 4040, 1951, 2659, 3428, 1384, 4095, 1678, 2767, 4212, 3093, 4150, 751, 2251, 336, 1501, 1093, 2655, 1283, 2271, 766, 2971, 766, 1922, 1596, 3372, 2420, 3304, 2625, 2013, 4413, 2271, 2547, 1926], [1487, 3304, 3938, 1093, 1201, 1508, 3179, 2655, 3372, 213, 1424, 2555, 4161, 1478, 1678, 1359, 751, 3165, 2582, 3093, 2515, 2978, 1173, 1238, 1173, 2461, 3315, 1856, 4228, 1508, 2555, 2913, 2582, 0, 475, 1832, 1343, 3857, 1711, 1856, 2831, 3464, 1501, 1083, 3372, 1359, 2551, 950, 3355, 3321, 3663, 1617, 1826, 1750, 1210, 3464, 3663, 542, 2484, 1093, 336, 3239, 2330, 3211, 1210, 2041, 2755, 2122, 2019, 1678, 1698, 1093, 3632, 2569, 3422, 3778, 2106, 2090, 2149, 2122, 4169, 3093, 3961, 475, 2291, 1813, 2101, 766, 3402, 901, 1617, 1210, 1898, 2286, 3425, 1384, 2296, 3038, 1416, 2149, 3291, 3613, 2767, 809, 2041, 2672, 2867, 2251, 2956, 1856, 542, 1384, 1951, 3183, 601, 3183, 901, 2705, 1093, 2701, 751, 3825, 672, 3541, 1807, 425, 1487], [1954, 3751, 4413, 1567, 1424, 1478, 3566, 3093, 3834, 601, 1201, 2831, 4632, 1210, 1807, 1617, 1007, 3629, 2978, 3566, 2819, 3422, 1596, 1658, 1478, 2755, 3778, 2271, 4570, 1678, 2767, 3332, 2978, 475, 0, 2291, 1486, 4330, 2013, 2330, 3155, 3927, 1424, 1291, 3691, 1238, 2898, 1062, 3706, 3796, 3964, 1359, 2090, 2090, 1384, 3927, 4120, 913, 2956, 1210, 751, 3712, 2738, 3500, 1210, 1807, 3093, 2555, 2461, 2041, 1957, 1416, 4081, 3035, 3825, 4212, 2271, 2475, 2149, 2373, 4634, 3566, 4413, 950, 2443, 1826, 2555, 1201, 3843, 1359, 1711, 1210, 1957, 2759, 3763, 1508, 2718, 3422, 1880, 2251, 3763, 4076, 2978, 961, 2085, 3122, 3332, 2655, 3428, 2149, 451, 1832, 1974, 3613, 213, 3613, 1143, 3179, 1173, 3155, 336, 4296, 1143, 3834, 2251, 475, 1954], [876, 1486, 2256, 876, 1508, 2886, 2582, 876, 1545, 1807, 3093, 2738, 2373, 3190, 2659, 1384, 1531, 1813, 1051, 1359, 1545, 1173, 766, 1384, 1898, 2590, 1951, 1531, 3751, 1711, 3005, 2133, 1051, 1832, 2291, 0, 2424, 2256, 2106, 672, 2705, 2090, 2959, 2149, 3155, 2913, 2373, 1807, 2959, 1651, 3490, 3304, 1416, 1951, 1658, 2090, 1832, 1711, 751, 1801, 1698, 1678, 1813, 3179, 2101, 3663, 2564, 1478, 301, 876, 2271, 1201, 1807, 1291, 2655, 2705, 1957, 1856, 3321, 1596, 2349, 1531, 2133, 1384, 3016, 2330, 1210, 1416, 1596, 1210, 2705, 2101, 2231, 619, 3090, 1826, 1678, 2497, 425, 3060, 1531, 2231, 3165, 2164, 3133, 850, 1545, 766, 1210, 1291, 2090, 475, 2373, 1416, 2349, 1416, 1508, 1062, 2420, 1596, 2582, 2271, 1173, 3428, 1238, 1951, 876], [1632, 3834, 3961, 1567, 2475, 542, 2406, 3291, 3751, 1143, 1062, 1424, 4351, 1210, 336, 2590, 2041, 2959, 3422, 3291, 3604, 3557, 2106, 1083, 542, 1384, 3090, 1416, 3239, 2803, 1291, 2330, 3422, 1343, 1486, 2424, 0, 3787, 766, 2041, 1826, 3222, 672, 301, 2330, 766, 1651, 2286, 2420, 3402, 2564, 1238, 3016, 950, 2515, 3222, 4081, 913, 2791, 2424, 1093, 3211, 1757, 2090, 2551, 1416, 1807, 1750, 2705, 2705, 601, 2271, 4120, 2461, 2718, 3239, 3385, 1424, 913, 3315, 4461, 3093, 4413, 1359, 961, 3155, 1922, 1062, 3964, 1238, 301, 2551, 3232, 2582, 2443, 2705, 1813, 2256, 2041, 809, 3503, 3355, 1501, 542, 751, 3222, 2705, 3093, 3190, 3005, 1832, 2149, 3291, 3825, 1698, 3825, 2185, 2867, 336, 2420, 1416, 3706, 1501, 2424, 1596, 1750, 1632], [2388, 1698, 301, 2767, 3763, 4328, 2090, 2013, 1274, 3751, 4766, 3122, 901, 4898, 3843, 3629, 3754, 850, 2551, 950, 3355, 1832, 3001, 2819, 3294, 3001, 751, 2373, 2851, 3947, 3541, 1750, 2551, 3857, 4330, 2256, 3787, 0, 3093, 2002, 2755, 672, 4453, 3629, 2847, 4503, 2582, 4051, 2515, 619, 3093, 4969, 3566, 2882, 3913, 672, 1416, 3512, 1508, 4054, 3607, 619, 2122, 3093, 4354, 5201, 2625, 2041, 2296, 3060, 3304, 3454, 1623, 1343, 1856, 1351, 4081, 2443, 4461, 3654, 1210, 766, 1617, 3385, 3825, 4563, 1880, 3179, 1807, 2990, 3961, 4354, 4443, 1651, 2659, 4076, 2019, 2149, 2555, 4032, 876, 619, 3579, 3825, 4249, 1813, 1083, 2564, 1093, 3422, 4244, 2701, 4590, 2019, 4443, 2019, 3751, 1201, 3964, 1384, 4556, 151, 3208, 3133, 2216, 4095, 2388], [1233, 3372, 3291, 1384, 2625, 1283, 1651, 2913, 3222, 1501, 1826, 850, 3727, 1974, 751, 2684, 2251, 2251, 3155, 2705, 3503, 3133, 2041, 766, 542, 751, 2373, 751, 2564, 2959, 950, 1567, 3155, 1711, 2013, 2106, 766, 3093, 0, 1567, 1143, 2497, 1424, 766, 1678, 1531, 913, 2555, 1711, 2767, 1957, 2002, 3038, 213, 2705, 2497, 3557, 1173, 2286, 2672, 1384, 2547, 1007, 1501, 2867, 2149, 1093, 1062, 2406, 2621, 213, 2349, 3626, 1807, 1957, 2475, 3490, 672, 1384, 3321, 3872, 2443, 3892, 1501, 913, 3422, 1291, 1083, 3512, 1143, 876, 2867, 3454, 2090, 1757, 2913, 1083, 1501, 1807, 1007, 2913, 2625, 1143, 1093, 1173, 2803, 2019, 2851, 2625, 2990, 2251, 1974, 3541, 3422, 2216, 3422, 2373, 2291, 1051, 1711, 2041, 3001, 1545, 1832, 1007, 2133, 1233], [426, 1813, 2090, 766, 1951, 2555, 1922, 1359, 1711, 1757, 2882, 2106, 2373, 3001, 2216, 1880, 1826, 1359, 1678, 1291, 2216, 1567, 1143, 961, 1501, 1957, 1508, 901, 3093, 2216, 2406, 1486, 1678, 1856, 2330, 672, 2041, 2002, 1567, 0, 2041, 1658, 2655, 1807, 2484, 2655, 1711, 2149, 2291, 1478, 2819, 3093, 2019, 1384, 2090, 1658, 2041, 1545, 751, 2185, 1617, 1384, 1143, 2515, 2475, 3395, 1898, 809, 950, 1486, 1757, 1617, 2085, 766, 2019, 2149, 2555, 1210, 2886, 2231, 2443, 1238, 2373, 1384, 2475, 2819, 542, 1210, 1951, 1007, 2291, 2475, 2755, 542, 2420, 2286, 1007, 1832, 672, 2564, 1501, 1807, 2551, 1922, 2684, 1238, 1062, 1424, 1173, 1910, 2256, 876, 2886, 1856, 2443, 1856, 1856, 876, 2122, 1007, 2564, 1974, 1210, 2759, 601, 2106, 426], [1914, 3604, 3020, 2251, 3613, 2251, 751, 3332, 3332, 2625, 2855, 475, 3566, 3005, 1651, 3632, 3291, 1951, 3712, 2738, 4236, 3454, 2913, 1698, 1678, 451, 2013, 1210, 1424, 3938, 876, 1007, 3712, 2831, 3155, 2705, 1826, 2755, 1143, 2041, 0, 2085, 2401, 1898, 542, 2555, 336, 3613, 601, 2659, 850, 3001, 3913, 1083, 3715, 2085, 3651, 2291, 2555, 3715, 2497, 2373, 913, 475, 3938, 3035, 151, 1238, 2990, 3425, 1238, 3304, 3778, 1807, 1083, 1711, 4413, 876, 2041, 4169, 3796, 2330, 3972, 2555, 1283, 4456, 1531, 2133, 3754, 2122, 1801, 3938, 4461, 2420, 619, 3927, 1062, 637, 2551, 1567, 2913, 2164, 850, 2231, 1856, 3165, 1856, 3464, 2718, 3834, 3372, 2755, 4563, 3754, 3355, 3754, 3395, 2406, 2149, 1531, 3179, 2625, 2547, 751, 1478, 3246, 1914], [1979, 2013, 950, 2401, 3566, 3760, 1424, 2122, 1617, 3332, 4236, 2461, 1531, 4374, 3246, 3464, 3480, 301, 2655, 1083, 3422, 2041, 2767, 2330, 2759, 2344, 151, 1813, 2271, 3796, 2882, 1083, 2655, 3464, 3927, 2090, 3222, 672, 2497, 1658, 2085, 0, 3892, 3093, 2185, 3961, 1922, 3799, 1856, 809, 2443, 4433, 3490, 2291, 3712, 1, 1856, 3060, 1416, 3825, 3183, 542, 1501, 2424, 4120, 4634, 1957, 1478, 2216, 2956, 2705, 3239, 2041, 901, 1210, 809, 4026, 1832, 3843, 3629, 1807, 637, 2122, 3005, 3183, 4413, 1384, 2738, 2149, 2569, 3372, 4120, 4320, 1478, 2002, 3895, 1416, 1478, 2296, 3402, 1143, 151, 2913, 3321, 3632, 1910, 601, 2582, 1173, 3355, 3901, 2475, 4461, 2291, 4062, 2291, 3503, 1083, 3428, 809, 4120, 542, 2851, 2475, 1711, 3751, 1979], [2234, 4413, 4622, 2085, 2701, 151, 3035, 3834, 4361, 1359, 475, 1957, 4996, 619, 751, 2855, 2251, 3629, 3901, 3927, 3972, 4120, 2515, 1698, 1173, 1951, 3760, 2085, 3778, 3005, 1711, 2990, 3901, 1501, 1424, 2959, 672, 4453, 1424, 2655, 2401, 3892, 0, 850, 2867, 213, 2271, 2420, 3001, 4054, 3060, 601, 3315, 1617, 2705, 3892, 4687, 1283, 3402, 2569, 1384, 3872, 2424, 2590, 2621, 751, 2406, 2420, 3222, 3093, 1238, 2569, 4711, 3122, 3355, 3895, 3604, 2090, 751, 3613, 5092, 3751, 5014, 1711, 1283, 3239, 2582, 1545, 4536, 1750, 601, 2621, 3355, 3190, 3005, 2867, 2484, 2886, 2551, 1007, 4139, 4026, 1898, 809, 751, 3787, 3372, 3566, 3819, 3332, 1856, 2621, 3385, 4374, 1617, 4374, 2401, 3503, 542, 3090, 1210, 4374, 1898, 2913, 2251, 1826, 2234], [1388, 3579, 3787, 1283, 2185, 751, 2406, 3020, 3516, 876, 1143, 1545, 4150, 1283, 619, 2296, 1757, 2819, 3133, 3079, 3304, 3294, 1807, 850, 336, 1478, 2956, 1283, 3321, 2515, 1486, 2271, 3133, 1083, 1291, 2149, 301, 3629, 766, 1807, 1898, 3093, 850, 0, 2424, 876, 1678, 2013, 2475, 3211, 2684, 1343, 2718, 901, 2231, 3093, 3843, 619, 2555, 2149, 809, 3038, 1678, 2216, 2291, 1596, 1856, 1617, 2424, 2406, 672, 1974, 3872, 2291, 2701, 3183, 3093, 1359, 1210, 3016, 4244, 2913, 4171, 1062, 1210, 2886, 1750, 766, 3706, 950, 601, 2291, 2956, 2344, 2515, 2424, 1711, 2256, 1757, 1093, 3291, 3232, 1698, 336, 1051, 2959, 2551, 2803, 2971, 2705, 1596, 1856, 3020, 3557, 1501, 3557, 1898, 2655, 336, 2286, 1283, 3557, 1201, 2551, 1416, 1501, 1388], [2407, 3913, 3133, 2767, 4139, 2718, 766, 3712, 3601, 3165, 3332, 913, 3712, 3480, 2122, 4150, 3825, 2122, 4128, 3001, 4697, 3799, 3422, 2231, 2216, 950, 2149, 1711, 913, 4461, 1210, 1201, 4128, 3372, 3691, 3155, 2330, 2847, 1678, 2484, 542, 2185, 2867, 2424, 0, 3035, 850, 4150, 336, 2867, 336, 3464, 4413, 1623, 4244, 2185, 3904, 2831, 2913, 4249, 3038, 2569, 1343, 336, 4476, 3454, 637, 1678, 3428, 3913, 1757, 3825, 4051, 2122, 1007, 1623, 4921, 1384, 2420, 4661, 3972, 2555, 4212, 3093, 1658, 4987, 1951, 2672, 4062, 2655, 2271, 4476, 4987, 2803, 213, 4456, 1478, 751, 3038, 1957, 3155, 2231, 1093, 2759, 2256, 3532, 2101, 3901, 3005, 4328, 3913, 3246, 5092, 4095, 3892, 4095, 3927, 2718, 2659, 1807, 3706, 2705, 3079, 301, 1957, 3787, 2407], [2230, 4382, 4661, 2041, 2555, 336, 3165, 3787, 4351, 1238, 301, 2122, 5014, 451, 913, 2718, 2106, 3691, 3825, 3938, 3857, 4081, 2424, 1711, 1210, 2106, 3825, 2149, 3947, 2851, 1898, 3093, 3825, 1359, 1238, 2913, 766, 4503, 1531, 2655, 2555, 3961, 213, 876, 3035, 0, 2406, 2256, 3155, 4081, 3239, 475, 3183, 1711, 2551, 3961, 4673, 1210, 3395, 2406, 1283, 3913, 2515, 2767, 2443, 751, 2551, 2484, 3165, 2990, 1359, 2443, 4687, 3165, 3480, 4003, 3451, 2185, 961, 3480, 5097, 3787, 4996, 1617, 1478, 3060, 2625, 1501, 4501, 1711, 766, 2443, 3183, 3183, 3165, 2705, 2564, 3016, 2497, 1210, 4150, 4098, 2090, 751, 961, 3751, 3425, 3490, 3825, 3208, 1678, 2551, 3208, 4328, 1424, 4328, 2256, 3516, 542, 3155, 1007, 4430, 1813, 3093, 2291, 1658, 2230], [1579, 3315, 2831, 1922, 3291, 2122, 766, 3016, 3060, 2349, 2705, 542, 3355, 2855, 1531, 3304, 2978, 1750, 3385, 2475, 3901, 3151, 2582, 1384, 1424, 425, 1832, 876, 1678, 3613, 961, 850, 3385, 2551, 2898, 2373, 1651, 2582, 913, 1711, 336, 1922, 2271, 1678, 850, 2406, 0, 3304, 809, 2424, 1173, 2867, 3579, 809, 3395, 1922, 3385, 2013, 2251, 3402, 2216, 2149, 601, 809, 3632, 2948, 2