{'nodes': [(0, 0, 0, 0, 48000, 0, False), (1, -0.043272847758597195, -4.10578525745862, 26777, 34001, 50, True), (2, 1.8826692016070605, 3.2888836254787055, 2156, 6996, 30, False), (3, -5.176076082788579, 5.0388474457896, 9694, 17133, 50, True), (4, 5.7183274971587, 4.219421464233034, 31786, 38083, 30, True), (5, 7.141425685395827, -0.6580917192994231, 21962, 29546, 20, True), (6, -5.1904955622064595, 1.6171228746239903, 26739, 34817, 50, True), (7, -4.943983725869965, -4.242758126648101, 35251, 41831, 40, True), (8, 0.8558799798415552, 0.9580654276061064, 41765, 47270, 20, True), (9, 1.5115492037168095, 0.8548211609967097, 8184, 13846, 20, True), (10, 2.290191120151235, 0.9537383730290271, 2870, 7281, 20, False), (11, 1.7270328316104695, -0.857399265583866, 5769, 13248, 20, True), (12, 5.184774189753185, 5.22533419846365, 22520, 28776, 30, True), (13, -7.912015771491904, 6.33178587797496, 25023, 27210, 40, True), (14, -1.1213489432613803, 15.989552666812212, 21577, 30053, 40, True), (15, 4.574182790356337, 10.773670978070646, 38216, 48000, 10, True), (16, 0.04686122310230946, 9.497171274344058, 19483, 25119, 10, True), (17, 3.0961109485837133, -3.0317288313010136, 39474, 42638, 40, True), (18, -1.9480671695531295, -3.9850777444078997, 21359, 26327, 40, True), (19, 8.693004907232508, -6.130293445564724, 33064, 39635, 10, True), (20, -0.7085559026290192, 12.77320813013004, 25476, 32374, 30, True), (21, -0.8999842831444945, 5.934487276320089, 30032, 33607, 30, True), (22, -6.762575333883257, 5.4647671034033225, 43191, 46927, 40, True), (23, 0.002044425240898874, 5.394228794260544, 32835, 36988, 40, True), (24, -0.5252960068498431, -1.6319916378462707, 35447, 39466, 30, True), (25, -9.838411660354977, 0.7745980744147759, 38685, 44244, 50, True), (26, -1.0756722839643398, 1.9416716448949713, 2014, 5933, 20, True), (27, 1.7225222802869065, -1.7083142564295344, 33001, 35552, 50, True), (28, -6.595212316283572, 3.632303660866494, 25401, 32835, 40, True), (29, 4.770374524487871, -4.457036290342052, 34540, 41831, 20, False), (30, 3.304671295157539, -6.601197188228221, 27824, 37786, 40, False), (31, 0.06281846496881907, 0.353836957301224, 27319, 34446, 20, True), (32, -0.5230577695455932, 0.1278310451872344, 35978, 43286, 30, True), (33, 19.103495258375563, 12.999618207767002, 33994, 40719, 20, True), (34, -0.4481652228562931, 3.359075473397072, 9718, 15987, 20, False), (35, -3.473505404864491, 6.825619333611924, 27312, 36336, 20, True), (36, 6.069668892774064, 2.623575336571727, 2527, 9298, 50, True), (37, -0.39595259330438576, -0.48295785912659733, 27003, 30792, 50, True), (38, 14.371016724447163, 17.641352566318073, 11937, 15194, 30, True), (39, -6.752384591945197, 13.832073770250414, 37476, 43998, 30, True), (40, -9.059601079083398, -1.7874947324214903, 19535, 28779, 10, True), (41, -6.1327395946121275, -1.7270848446038363, 9111, 14842, 20, True), (42, 5.600455599608817, -13.576019761914418, 19552, 26364, 40, True), (43, 1.121772832622842, -5.834057750895677, 23052, 31912, 50, True), (44, 5.052001402305106, -6.602695981366292, 8385, 15653, 50, True), (45, 14.108244193815073, -6.546775890176059, 33020, 41576, 20, True), (46, 5.034526911734819, 4.439006927198338, 16734, 21860, 40, True), (47, 7.8199661596237044, 11.587830752360693, 5476, 10689, 30, True), (48, 13.020544784392705, 8.443282836420346, 4315, 12696, 30, True), (49, -0.17907626891961925, 0.33533641141696025, 39698, 46232, 30, True), (50, 7.79946590503268, -1.9289851900503596, 12375, 18297, 30, False), (51, 2.0936364705422568, 4.622822380516577, 7454, 14146, 10, False), (52, -2.354522085747116, -2.6902500600635064, 22109, 27402, 30, True), (53, -0.7665596474987894, 0.785529639960651, 4625, 11994, 30, True), (54, -0.08131537150959177, 0.19126783362939773, 19039, 25380, 20, True), (55, -3.455386427291888, -9.875429234259016, 6630, 11092, 10, True), (56, 7.359981160684275, -11.313018702086463, 39052, 46070, 20, True), (57, 2.9204330295515475, 4.955481769387451, 34742, 43694, 50, True), (58, 6.149494532948934, -1.0026084038416874, 43948, 45674, 40, True), (59, 1.439385496765234, -0.6093116172214827, 42694, 47036, 30, True), (60, -0.7180733938673155, -3.2220952838654493, 20530, 25940, 40, True), (61, -1.4399446150932227, 6.660931061281905, 7651, 15422, 30, False), (62, -1.8430684236773767, 8.712577528359368, 3295, 11333, 20, True), (63, 0.008732324110592483, -0.9902703620730785, 34727, 40774, 30, True), (64, -6.923072268861992, -6.54554265102361, 35562, 43303, 40, True), (65, 5.285430827888042, 7.661454472025504, 36573, 40758, 40, True), (66, -1.9390132539453158, 0.8199459359742326, 28982, 36992, 50, True), (67, 0.9392916477687991, 0.913959501956026, 29104, 37561, 20, True), (68, -4.036340373665564, 9.189991456770693, 8515, 12053, 40, True), (69, 0.6979787694724285, -0.5400188285606926, 25824, 29570, 50, True), (70, 10.100721060957635, -7.45805281258922, 18077, 26399, 50, True), (71, 10.371391592078767, 4.634232985069937, 6545, 13711, 20, True), (72, -6.466398470851021, -11.210841449585846, 36833, 42695, 30, True), (73, -0.6584100648971962, 0.005487799490954625, 40548, 48000, 50, True), (74, 8.725308126521108, -1.0104078079574583, 35580, 42674, 10, True), (75, 4.789631654106919, -2.6853537799154625, 30007, 35839, 50, False), (76, -4.840455803195631, -3.9949361564337553, 36688, 40396, 30, True), (77, -7.318341164852844, 5.396928374837153, 0, 7121, 40, True), (78, -16.109804165835104, -5.1810948541206585, 28545, 35465, 10, False), (79, -0.017003905925240134, 0.011668969261523568, 24531, 30128, 20, True), (80, 8.775209041984926, 6.823123761982868, 19340, 26918, 10, True), (81, -0.1338725193164677, 2.752227713729451, 2462, 5111, 10, True), (82, 6.745573687850483, 1.760955076833786, 30798, 36556, 30, True), (83, -1.043043362899735, 7.576733408401392, 14107, 17697, 50, True), (84, 3.725752925066781, 1.5374662276258377, 35841, 38565, 50, True), (85, 0.7396478345229417, -1.0452783748664038, 43254, 48000, 50, True), (86, -10.78786051008013, -1.2408668722903649, 16887, 23296, 30, True), (87, -3.143031313873225, 12.067239799524446, 2278, 7612, 20, True), (88, 4.824417334071899, 4.690920856775542, 0, 8577, 20, True), (89, 3.3590252281827877, -5.934256729231337, 11851, 18131, 20, True), (90, 0.0656641453779383, 1.5625538140055393, 25988, 30297, 50, True), (91, 6.308542179852613, 1.05579933540589, 2713, 3813, 10, True), (92, 0.9216927757338775, 1.6778966043005552, 33375, 40534, 30, False), (93, -0.5103890752354753, -2.5553728915397027, 0, 7361, 10, True), (94, 8.218356165616871, -0.5810160039694172, 28347, 36125, 50, True), (95, -14.375141379056934, -10.210986171832406, 16564, 26710, 50, True), (96, 4.199146387166723, 4.783376780732583, 9286, 16563, 50, True), (97, 0.25143042767454493, 7.149868999665993, 30742, 35460, 30, True), (98, -3.379872127190043, -9.480842646734478, 3583, 10830, 50, True), (99, -0.2470302771379017, 6.59658473796606, 24337, 32203, 30, True), (100, -3.6317136547186677, -7.2188390353735645, 4117, 9159, 40, True), (101, 7.408494193354385, 7.26624096093478, 13354, 19248, 10, True), (102, -10.358374068085588, -6.426503472938626, 1932, 6623, 10, True), (103, -3.090814395486774, 2.64899032291887, 43886, 48000, 40, False), (104, -7.665896718566308, -1.8475781687010704, 40574, 47546, 20, True), (105, 11.719262725414474, 7.256126361541275, 23125, 30638, 50, True), (106, -3.286020859055188, 2.550762136831651, 43788, 46843, 50, True), (107, 6.871893685311716, 7.47795471554563, 12663, 17254, 10, True), (108, 17.33350787685665, 17.143175438619032, 4745, 13874, 40, True), (109, 2.2504496079720906, -0.6627209649795449, 0, 4869, 40, True), (110, -0.8710428350745081, 8.244453841213366, 28474, 34228, 20, True), (111, 0.8177493139615225, -18.43068892653829, 27561, 35358, 20, True), (112, -3.4547201279264375, -1.9929341845849957, 29537, 37205, 10, True), (113, -0.7019437902476154, 0.5415892041750053, 7735, 13381, 50, True), (114, -1.7573909736862545, -0.8388532683415131, 25810, 32148, 20, True), (115, -1.2927278098186008, 3.8903785301097233, 39154, 43511, 20, True), (116, 1.7244177737402002, -1.2831959048950008, 6171, 10451, 40, True), (117, 0.9290658611974566, -2.9600879851503046, 5687, 14024, 20, True), (118, -0.31850566179275797, 0.11406217544909195, 10422, 15918, 20, True), (119, -1.0316957028970197, -9.1407006736772, 12251, 20474, 10, True), (120, 0.24955380109560207, 0.6298490790797093, 12146, 17595, 50, True), (121, -6.278651902829927, -20.511912930559273, 34677, 39337, 20, True), (122, -10.303497202757393, 4.598879350934008, 16114, 22770, 10, True), (123, 0.1769862254370509, 0.0059904078315824545, 14830, 17748, 10, True), (124, 15.566087709360247, -15.573779044530378, 11093, 16272, 20, True), (125, 1.9282859888978565, -0.9503768296860441, 15476, 21461, 10, True), (126, 0, 0, 0, 48000, 0, False)], 'F': 20.0, 'ct': 0.083, 'cd': 0.021, 'truck_cap': 100, 'drone_cap': 20, 'truck_speed': 40, 'drone_speed': 40, 'a': 1, 'b': 2, 'max_flight_time': 30, 'ttt': [[0, 1233, 1138, 2168, 2133, 2153, 1632, 1955, 386, 522, 745, 579, 2209, 3041, 4810, 3512, 2850, 1301, 1332, 3192, 3839, 1802, 2609, 1619, 515, 2962, 667, 729, 2260, 1960, 2216, 109, 163, 6933, 1018, 2299, 1985, 188, 6827, 4619, 2771, 1912, 4407, 1783, 2495, 4667, 2015, 4195, 4657, 115, 2411, 1523, 1074, 330, 63, 3140, 4050, 1727, 1870, 470, 991, 2045, 2673, 298, 2859, 2793, 633, 394, 3012, 266, 3768, 3409, 3884, 199, 2636, 1648, 1884, 2729, 5078, 7, 3336, 828, 2092, 2295, 1210, 385, 3259, 3742, 2020, 2047, 470, 1920, 575, 783, 2473, 5291, 1911, 2147, 3021, 1981, 2425, 3114, 3658, 1222, 2367, 4136, 1249, 3048, 7315, 705, 2488, 5536, 1198, 267, 585, 1231, 646, 932, 102, 2761, 204, 6436, 3386, 54, 6607, 646, 1], [1233, 0, 2293, 3147, 3038, 2392, 2310, 1472, 1544, 1561, 1673, 1111, 3210, 3922, 6038, 4675, 4082, 996, 574, 2691, 5069, 3024, 3509, 2851, 757, 3284, 1841, 894, 3043, 1449, 1254, 1339, 1279, 7703, 2244, 3438, 2728, 1093, 7828, 5746, 2794, 1962, 3308, 626, 1703, 4309, 2983, 5267, 5435, 1334, 2443, 2697, 814, 1484, 1290, 2012, 3101, 2861, 2079, 1140, 335, 3258, 3884, 936, 2191, 3876, 1584, 1536, 4166, 1094, 3206, 4080, 2874, 1248, 2791, 1512, 1441, 3591, 4832, 1236, 4214, 2059, 2693, 3519, 2037, 949, 3337, 4941, 3017, 1160, 1702, 2456, 1760, 487, 2696, 4674, 2956, 3379, 1899, 3212, 1426, 4080, 3173, 2224, 2386, 4907, 2222, 4048, 8236, 1242, 3714, 4306, 1205, 1409, 1108, 2429, 1000, 452, 1270, 1540, 1424, 5266, 4038, 1236, 5812, 1117, 1233], [1138, 2293, 0, 2183, 1185, 1974, 2181, 3051, 765, 740, 712, 1246, 1149, 3078, 3916, 2387, 1943, 1932, 2467, 3488, 2951, 1153, 2675, 848, 1645, 3597, 976, 1501, 2546, 2481, 2999, 1037, 1193, 5932, 701, 1927, 1273, 1323, 5709, 4089, 3620, 2838, 5182, 2747, 3117, 4708, 1008, 3062, 3683, 1082, 2368, 406, 2199, 1094, 1101, 4263, 4680, 590, 1817, 1178, 2104, 1421, 1975, 1402, 3961, 1663, 1366, 768, 2508, 1203, 4060, 2579, 5021, 1247, 2425, 1994, 2975, 2833, 5967, 1137, 2325, 627, 1530, 1558, 764, 1346, 4038, 3036, 979, 2803, 753, 1488, 564, 1896, 2228, 6341, 828, 1258, 4144, 1181, 3561, 2044, 4689, 1505, 3254, 3183, 1567, 1955, 6227, 1192, 1702, 6525, 2254, 1133, 1652, 971, 1373, 1897, 1160, 3831, 937, 7549, 3678, 1111, 6992, 1273, 1138], [2168, 3147, 2183, 0, 3279, 4072, 1028, 2786, 2186, 2368, 2554, 2725, 3110, 909, 3504, 3395, 2061, 3468, 2876, 5343, 2681, 1312, 494, 1558, 2441, 1896, 1543, 2896, 600, 4126, 4322, 2109, 2031, 7666, 1506, 741, 3452, 2192, 6978, 2681, 2357, 2051, 6454, 3771, 4650, 6750, 3069, 4367, 5555, 2060, 4419, 2185, 2469, 1839, 2111, 4505, 6182, 2430, 3852, 2611, 2817, 1223, 1489, 2387, 3516, 3237, 1596, 2214, 1292, 2431, 5922, 4667, 4891, 2030, 4549, 3784, 2713, 653, 4491, 2162, 4220, 1662, 3710, 1456, 2871, 2547, 2528, 2196, 3003, 4172, 1888, 3648, 2090, 2675, 4359, 5344, 2815, 1748, 4390, 1552, 3707, 3835, 3776, 953, 2198, 5113, 938, 3689, 7668, 2810, 1611, 7268, 2173, 1904, 2041, 1216, 2809, 3020, 2076, 4433, 2098, 7673, 1545, 2205, 8774, 2789, 2168], [2133, 3038, 1185, 3279, 0, 1525, 3365, 4085, 1757, 1617, 1421, 1938, 343, 4139, 4085, 1997, 2325, 2314, 3370, 3232, 3211, 2052, 3764, 1752, 2568, 4781, 2151, 2146, 3699, 2619, 3327, 2056, 2240, 4803, 1869, 2867, 491, 2315, 4792, 4725, 4787, 3979, 5340, 3317, 3254, 4096, 216, 2300, 2532, 2119, 1948, 1095, 3189, 2202, 2119, 5046, 4687, 869, 1573, 1937, 2953, 2270, 2640, 2320, 4982, 1042, 2514, 1744, 3285, 2076, 3743, 1402, 5899, 2294, 1811, 2091, 4014, 3928, 7131, 2135, 1206, 1811, 800, 2266, 1003, 2175, 5217, 3552, 304, 3128, 1875, 966, 1630, 2762, 1625, 7422, 487, 1862, 4935, 1927, 4433, 1046, 5786, 2685, 4410, 2019, 2748, 1038, 5214, 1798, 2317, 6953, 3325, 2221, 2709, 2107, 2041, 2590, 2191, 4492, 1963, 8247, 4809, 2089, 6633, 1924, 2133], [2153, 2392, 1974, 4072, 1525, 0, 3763, 3783, 1948, 1750, 1535, 1626, 1861, 4980, 5577, 3516, 3717, 1408, 2905, 1707, 4668, 3121, 4559, 2809, 2319, 5113, 2587, 1657, 4318, 1344, 2123, 2146, 2312, 5448, 2577, 3897, 1037, 2263, 5904, 6023, 4873, 3996, 3904, 2383, 1891, 2738, 1656, 3680, 3252, 2217, 430, 2193, 2914, 2413, 2183, 4214, 3198, 2108, 316, 1712, 2481, 3385, 3896, 2143, 4575, 2558, 2761, 1920, 4470, 1934, 2226, 1861, 5167, 2349, 488, 932, 3732, 4704, 7107, 2158, 2298, 2411, 736, 3484, 1219, 1925, 5383, 4909, 1750, 1949, 2226, 573, 1994, 2366, 325, 7064, 1857, 3125, 4120, 3107, 3785, 2380, 5529, 3227, 4458, 2744, 3274, 2443, 6155, 1468, 3594, 5660, 3205, 2381, 2671, 2876, 1637, 1989, 2251, 3535, 2104, 7190, 5467, 2100, 5140, 1567, 2153], [1632, 2310, 2181, 1028, 3365, 3763, 0, 1761, 1826, 2025, 2254, 2205, 3296, 1634, 4482, 4017, 2840, 2851, 1943, 4771, 3608, 1827, 1248, 1927, 1707, 1418, 1239, 2302, 738, 3501, 3547, 1622, 1471, 8049, 1517, 1646, 3393, 1571, 7587, 3695, 1547, 1043, 5592, 2931, 3941, 6287, 3183, 4919, 5836, 1553, 4041, 2365, 1548, 1351, 1592, 3488, 5407, 2632, 3493, 2099, 1978, 1887, 2355, 1746, 2504, 3629, 1005, 1852, 2299, 1882, 5335, 4756, 3868, 1444, 4250, 3261, 1688, 1302, 3860, 1626, 4472, 1556, 3582, 2179, 2676, 1951, 1886, 3196, 3144, 3423, 1578, 3455, 1835, 1882, 4077, 4494, 2974, 2329, 3374, 2106, 2693, 4143, 2869, 703, 1278, 5349, 637, 4024, 8208, 2336, 2374, 6280, 1203, 1386, 1267, 1355, 2251, 2294, 1531, 3461, 1660, 6648, 1777, 1682, 8086, 2271, 1632], [1955, 1472, 3051, 2786, 4085, 3783, 1761, 0, 2338, 2469, 2673, 2245, 4160, 3296, 6178, 5335, 4386, 2440, 903, 4131, 5262, 3286, 2964, 3251, 1541, 2104, 2189, 2141, 2415, 2916, 2575, 2040, 1866, 8878, 2651, 3351, 3895, 1771, 8758, 5451, 1439, 836, 4226, 1882, 3082, 5758, 3969, 6102, 6599, 1983, 3887, 3397, 907, 1962, 1975, 1749, 4258, 3632, 3468, 2205, 1305, 3437, 3997, 1779, 912, 4710, 1767, 2348, 4040, 2026, 4616, 5312, 2141, 1811, 4215, 2958, 82, 2979, 3363, 1954, 5289, 2548, 3943, 3735, 3127, 1957, 1972, 4924, 3972, 2543, 2301, 3732, 2501, 1424, 4100, 3349, 3855, 3757, 1641, 3545, 977, 5066, 1752, 2142, 1089, 6075, 2099, 4994, 9265, 2412, 3941, 4595, 810, 1919, 1400, 2676, 2190, 1804, 1907, 1882, 2137, 4898, 3103, 1997, 7031, 2287, 1955], [386, 1544, 765, 2186, 1757, 1948, 1826, 2338, 0, 200, 431, 605, 1825, 3086, 4549, 3150, 2574, 1374, 1706, 3171, 3576, 1584, 2656, 1356, 882, 3210, 651, 842, 2376, 2006, 2385, 300, 484, 6560, 821, 2189, 1643, 574, 6442, 4487, 3088, 2247, 4588, 2040, 2595, 4570, 1633, 3813, 4286, 363, 2257, 1161, 1459, 490, 364, 3499, 4167, 1351, 1695, 503, 1341, 1845, 2464, 638, 3243, 2411, 840, 29, 2874, 453, 3752, 3061, 4262, 538, 2435, 1610, 2266, 2792, 5414, 387, 2957, 616, 1784, 2067, 879, 603, 3556, 3543, 1635, 2201, 299, 1637, 218, 1132, 2257, 5667, 1525, 1867, 3381, 1725, 2799, 2730, 4029, 1289, 2693, 3768, 1332, 2662, 6930, 642, 2247, 5818, 1568, 485, 952, 1092, 722, 1177, 435, 3083, 208, 6788, 3522, 352, 6640, 658, 386], [522, 1561, 740, 2368, 1617, 1750, 2025, 2469, 200, 0, 236, 519, 1714, 3271, 4610, 3115, 2631, 1260, 1786, 3006, 3638, 1688, 2843, 1436, 965, 3406, 843, 773, 2572, 1871, 2302, 461, 649, 6414, 955, 2334, 1468, 700, 6345, 4617, 3270, 2422, 4501, 2011, 2478, 4384, 1509, 3736, 4137, 532, 2064, 1145, 1575, 685, 519, 3548, 4051, 1302, 1500, 441, 1395, 1955, 2564, 715, 3367, 2336, 1036, 174, 3005, 485, 3587, 2891, 4340, 700, 2236, 1448, 2399, 2980, 5589, 525, 2821, 754, 1595, 2158, 696, 616, 3744, 3643, 1522, 2112, 484, 1441, 305, 1190, 2059, 5809, 1429, 1927, 3431, 1803, 2873, 2614, 4179, 1483, 2871, 3616, 1528, 2557, 6813, 507, 2330, 5790, 1718, 672, 1105, 1241, 646, 1159, 593, 3095, 386, 6824, 3719, 475, 6487, 557, 522], [745, 1673, 712, 2554, 1421, 1535, 2254, 2673, 431, 236, 0, 570, 1549, 3461, 4626, 3026, 2651, 1221, 1953, 2866, 3659, 1775, 3035, 1500, 1148, 3640, 1053, 818, 2785, 1787, 2288, 693, 881, 6206, 1094, 2469, 1241, 915, 6181, 4722, 3504, 2653, 4472, 2067, 2415, 4200, 1332, 3597, 3927, 765, 1866, 1103, 1772, 919, 748, 3679, 3983, 1216, 1299, 535, 1545, 2046, 2638, 900, 3565, 2205, 1270, 406, 3117, 656, 3445, 2665, 4498, 930, 2019, 1325, 2605, 3177, 5820, 749, 2625, 907, 1359, 2225, 466, 760, 3979, 3712, 1356, 2092, 693, 1207, 465, 1348, 1838, 6019, 1285, 1958, 3564, 1857, 3029, 2439, 4394, 1694, 3104, 3403, 1741, 2393, 6631, 486, 2385, 5833, 1938, 907, 1329, 1391, 693, 1244, 823, 3189, 621, 6935, 3934, 696, 6361, 582, 745], [579, 1111, 1246, 2725, 1938, 1626, 2205, 2245, 605, 519, 570, 0, 2100, 3608, 5127, 3593, 3148, 772, 1449, 2622, 4155, 2186, 3177, 1947, 716, 3505, 1189, 256, 2838, 1415, 1788, 618, 738, 6669, 1424, 2784, 1671, 648, 6723, 5089, 3249, 2373, 3990, 1505, 1992, 4089, 1874, 4158, 4390, 676, 1851, 1649, 1343, 897, 628, 3121, 3564, 1781, 1328, 115, 1021, 2448, 3065, 518, 3107, 2771, 1210, 583, 3476, 324, 3200, 3073, 3962, 762, 2101, 1071, 2185, 3300, 5507, 586, 3128, 1219, 1699, 2664, 937, 303, 3757, 4145, 1907, 1601, 882, 1490, 799, 844, 1950, 5588, 1849, 2444, 3008, 2314, 2496, 2975, 3993, 1789, 2834, 3862, 1820, 2940, 7148, 169, 2841, 5280, 1592, 842, 1046, 1689, 129, 676, 680, 2620, 630, 6368, 3964, 533, 6061, 68, 579], [2209, 3210, 1149, 3110, 343, 1861, 3296, 4160, 1825, 1714, 1549, 2100, 0, 3944, 3744, 1676, 2006, 2556, 3496, 3567, 2874, 1839, 3586, 1557, 2678, 4702, 2122, 2326, 3567, 2908, 3594, 2122, 2297, 4784, 1781, 2642, 825, 2396, 4634, 4416, 4764, 3986, 5643, 3536, 3550, 4433, 241, 2067, 2542, 2178, 2286, 946, 3280, 2228, 2187, 5220, 5005, 685, 1892, 2081, 3093, 2035, 2355, 2428, 5067, 732, 2514, 1816, 3012, 2193, 4082, 1567, 6045, 2352, 2152, 2377, 4087, 3752, 7111, 2210, 1180, 1761, 1141, 1998, 1191, 2307, 5171, 3234, 194, 3393, 1889, 1296, 1665, 2894, 1966, 7476, 325, 1590, 5107, 1682, 4576, 906, 5829, 2601, 4402, 2054, 2666, 845, 5107, 1975, 2031, 7218, 3378, 2258, 2766, 1985, 2212, 2769, 2254, 4697, 2024, 8453, 4651, 2171, 6975, 2096, 2209], [3041, 3922, 3078, 909, 4139, 4980, 1634, 3296, 3086, 3271, 3461, 3608, 3944, 0, 3543, 3977, 2571, 4337, 3576, 6229, 2900, 2108, 433, 2392, 3260, 1765, 2438, 3766, 902, 4996, 5137, 2991, 2895, 8349, 2411, 1341, 4341, 3045, 7498, 2278, 2461, 2477, 7219, 4547, 5495, 7654, 3926, 4977, 6313, 2937, 5326, 3046, 3180, 2715, 2986, 5044, 7002, 3277, 4759, 3495, 3589, 1945, 1957, 3237, 3876, 3980, 2439, 3114, 1446, 3306, 6807, 5510, 5282, 2888, 5457, 4674, 3233, 333, 4241, 3035, 5009, 2570, 4607, 2095, 3777, 3412, 2431, 2239, 3854, 4998, 2789, 4551, 2996, 3471, 5266, 5329, 3664, 2462, 4936, 2302, 4264, 4606, 3898, 1821, 2456, 5897, 1793, 4449, 8240, 3702, 2190, 7878, 2834, 2775, 2836, 2118, 3686, 3849, 2945, 5081, 2988, 8069, 887, 3082, 9634, 3674, 3041], [4810, 6038, 3916, 3504, 4085, 5577, 4482, 6178, 4549, 4610, 4626, 5127, 3744, 3543, 0, 2318, 1980, 5846, 5999, 7261, 974, 3018, 3583, 3197, 5290, 5262, 4215, 5378, 4056, 6385, 6907, 4705, 4763, 6134, 3796, 2839, 4554, 4948, 4675, 1810, 5842, 5525, 9097, 6583, 7027, 8161, 3928, 2991, 4810, 4706, 6006, 3545, 5617, 4563, 4751, 7792, 8578, 3526, 5546, 5040, 5766, 2801, 2195, 5106, 6982, 3153, 4558, 4566, 2220, 4990, 7799, 4848, 8317, 4798, 5895, 5877, 6099, 3683, 7783, 4806, 4048, 3983, 4879, 2525, 4574, 5142, 5928, 1325, 3831, 6714, 4344, 5005, 4338, 5567, 5707, 8810, 3723, 2685, 7672, 2831, 7004, 3661, 7274, 4047, 5701, 4660, 4085, 3504, 5548, 5098, 2326, 10343, 5441, 4637, 5053, 3631, 5253, 5719, 4770, 7540, 4627, 11060, 4390, 4812, 10712, 5165, 4810], [3512, 4675, 2387, 3395, 1997, 3516, 4017, 5335, 3150, 3115, 3026, 3593, 1676, 3977, 2318, 0, 1412, 4166, 4842, 5221, 1696, 2193, 3756, 2119, 4025, 5263, 3146, 3842, 3978, 4571, 5227, 3407, 3542, 4411, 2688, 2690, 2487, 3693, 3590, 3521, 5562, 4939, 7312, 5090, 5216, 5932, 1906, 1005, 2630, 3442, 3933, 1991, 4544, 3399, 3469, 6648, 6680, 1816, 3565, 3543, 4490, 2187, 2023, 3787, 6237, 959, 3570, 3154, 2627, 3589, 5716, 2534, 7381, 3593, 3749, 4039, 5255, 3916, 7838, 3511, 1731, 2791, 2782, 1940, 2784, 3729, 5852, 2348, 1827, 5027, 3078, 2962, 2942, 4281, 3579, 8483, 1802, 1693, 6529, 1915, 5934, 1354, 6834, 3352, 5276, 2390, 3414, 1206, 4279, 3502, 1802, 8834, 4525, 3455, 3969, 2714, 3718, 4264, 3520, 6208, 3309, 9935, 4833, 3490, 8566, 3607, 3512], [2850, 4082, 1943, 2061, 2325, 3717, 2840, 4386, 2574, 2631, 2651, 3148, 2006, 2571, 1980, 1412, 0, 3869, 4090, 5359, 1010, 1107, 2375, 1232, 3344, 3956, 2293, 3400, 2659, 4421, 4928, 2744, 2817, 5814, 1848, 1327, 2743, 2998, 4944, 2420, 4351, 3845, 7121, 4612, 5059, 6401, 2132, 2416, 3906, 2750, 4143, 1587, 3728, 2626, 2793, 5907, 6618, 1613, 3644, 3062, 3824, 962, 615, 3147, 5248, 1666, 2671, 2590, 1229, 3018, 5915, 3425, 6513, 2856, 4089, 3923, 4306, 2530, 6550, 2847, 2740, 2025, 3071, 663, 2632, 3171, 4577, 1230, 2034, 4736, 2381, 3154, 2361, 3621, 3893, 7327, 1886, 708, 5786, 876, 5136, 2309, 5708, 2261, 4116, 3567, 2312, 2136, 5672, 3120, 467, 8383, 3605, 2697, 3149, 1730, 3274, 3748, 2818, 5602, 2662, 9202, 3436, 2849, 8847, 3186, 2850], [1301, 996, 1932, 3468, 2314, 1408, 2851, 2440, 1374, 1260, 1221, 772, 2556, 4337, 5846, 4166, 3869, 0, 1541, 1920, 4878, 2946, 3905, 2694, 1166, 4046, 1948, 573, 3529, 661, 1074, 1365, 1442, 6797, 2193, 3555, 1918, 1298, 7065, 5860, 3667, 2797, 3252, 1029, 1222, 3469, 2316, 4610, 4552, 1410, 1450, 2317, 1639, 1630, 1359, 2843, 2795, 2398, 1101, 881, 1147, 3211, 3823, 1111, 3186, 3276, 1903, 1350, 4246, 1038, 2487, 3172, 3776, 1450, 1795, 520, 2399, 4020, 5799, 1307, 3413, 1988, 1808, 3417, 1385, 926, 4201, 4902, 2375, 875, 1652, 1561, 1557, 1092, 1704, 5668, 2369, 3172, 2743, 3059, 2378, 3350, 4164, 2521, 3249, 4028, 2545, 3351, 7409, 756, 3587, 4671, 1991, 1565, 1599, 2460, 668, 651, 1394, 2213, 1392, 5952, 4627, 1265, 5307, 717, 1301], [1332, 574, 2467, 2876, 3370, 2905, 1943, 903, 1706, 1786, 1953, 1449, 3496, 3576, 5999, 4842, 4090, 1541, 0, 3258, 5042, 2993, 3183, 2875, 826, 2765, 1798, 1297, 2678, 2021, 1761, 1436, 1307, 8116, 2250, 3276, 3118, 1150, 8129, 5537, 2234, 1427, 3663, 1076, 2243, 4879, 3284, 5516, 5838, 1402, 2990, 2854, 408, 1475, 1373, 1825, 3555, 3055, 2590, 1436, 435, 3198, 3810, 1074, 1680, 4114, 1443, 1707, 4003, 1304, 3763, 4512, 2558, 1259, 3325, 2060, 869, 3244, 4265, 1333, 4569, 2094, 3127, 3480, 2376, 1196, 2778, 4830, 3303, 1697, 1772, 2903, 1906, 609, 3217, 4171, 3214, 3406, 1705, 3216, 1095, 4391, 2628, 2021, 1832, 5310, 2002, 4340, 8582, 1607, 3684, 4413, 750, 1410, 947, 2372, 1369, 917, 1324, 1572, 1534, 5126, 3595, 1357, 6301, 1478, 1332], [3192, 2691, 3488, 5343, 3232, 1707, 4771, 4131, 3171, 3006, 2866, 2622, 3567, 6229, 7261, 5221, 5359, 1920, 3258, 0, 6335, 4625, 5797, 4331, 3078, 5934, 3803, 2477, 5443, 1280, 1624, 3239, 3343, 6535, 3954, 5333, 2743, 3211, 7333, 7573, 5484, 4641, 2420, 2274, 1102, 1630, 3356, 5323, 4562, 3294, 1290, 3786, 3472, 3516, 3245, 3815, 1606, 3751, 1718, 2736, 2956, 4897, 5462, 3028, 4687, 4263, 3812, 3144, 5977, 2928, 582, 3269, 4797, 3356, 1537, 1563, 4111, 5920, 7447, 3198, 3887, 3758, 2439, 5045, 2742, 2833, 6027, 6513, 3449, 1602, 3469, 2272, 3306, 2963, 1672, 7029, 3542, 4722, 3760, 4667, 3713, 4038, 5717, 4409, 5074, 4118, 4439, 4120, 7449, 2536, 5181, 4383, 3851, 3458, 3515, 4245, 2548, 2517, 3290, 3055, 3246, 6229, 6546, 3150, 3505, 2557, 3192], [3839, 5069, 2951, 2681, 3211, 4668, 3608, 5262, 3576, 3638, 3659, 4155, 2874, 2900, 974, 1696, 1010, 4878, 5042, 6335, 0, 2053, 2848, 2225, 4323, 4524, 3252, 4406, 3263, 5425, 5937, 3734, 3795, 5945, 2826, 1969, 3662, 3979, 4755, 1842, 5037, 4645, 8129, 5610, 6065, 7305, 3037, 2584, 4320, 3736, 5097, 2587, 4666, 3597, 3780, 6845, 7622, 2587, 4618, 4067, 4800, 1848, 1266, 4136, 6089, 2364, 3606, 3593, 1468, 4017, 6882, 4125, 7401, 3831, 5012, 4923, 5182, 2972, 7097, 3835, 3360, 3012, 3990, 1563, 3625, 4169, 5180, 761, 2939, 5744, 3372, 4098, 3365, 4600, 4820, 8023, 2814, 1712, 6725, 1859, 6062, 2944, 6447, 3121, 4859, 4080, 3164, 2775, 5570, 4128, 1361, 9373, 4507, 3670, 4097, 2672, 4281, 4746, 3801, 6576, 3655, 10125, 3782, 3840, 9807, 4193, 3839], [1802, 3024, 1153, 1312, 2052, 3121, 1827, 3286, 1584, 1688, 1775, 2186, 1839, 2108, 3018, 2193, 1107, 2946, 2993, 4625, 2053, 0, 1765, 316, 2274, 3097, 1200, 2425, 1844, 3552, 3968, 1700, 1747, 6365, 785, 818, 2316, 1932, 5774, 2950, 3371, 2784, 6170, 3583, 4164, 5857, 1837, 3119, 4244, 1695, 3519, 982, 2625, 1546, 1741, 4806, 5738, 1184, 2968, 2086, 2749, 273, 881, 2096, 4158, 1928, 1567, 1605, 1357, 2002, 5200, 3405, 5409, 1781, 3562, 3099, 3206, 1933, 5653, 1797, 2916, 983, 2614, 496, 1916, 2152, 3666, 1960, 1758, 3784, 1344, 2612, 1390, 2551, 3363, 6310, 1569, 503, 4685, 280, 4031, 2525, 4670, 1186, 3095, 3807, 1243, 2378, 6422, 2194, 694, 7329, 2500, 1620, 2049, 625, 2305, 2725, 1756, 4524, 1629, 8097, 2850, 1809, 8127, 2234, 1802], [2609, 3509, 2675, 494, 3764, 4559, 1248, 2964, 2656, 2843, 3035, 3177, 3586, 433, 3583, 3756, 2375, 3905, 3183, 5797, 2848, 1765, 0, 2030, 2835, 1684, 2008, 3334, 553, 4565, 4715, 2559, 2464, 8083, 1998, 1069, 3944, 2615, 7318, 2511, 2283, 2167, 6812, 4134, 5067, 7225, 3553, 4746, 6003, 2505, 4900, 2670, 2782, 2283, 2555, 4709, 6580, 2910, 4333, 3063, 3176, 1638, 1769, 2808, 3604, 3675, 2010, 2685, 1386, 2874, 6375, 5147, 5004, 2458, 5037, 4242, 2897, 169, 4251, 2603, 4680, 2150, 4203, 1830, 3361, 2981, 2347, 2260, 3485, 4574, 2360, 4139, 2571, 3052, 4847, 5229, 3296, 2165, 4598, 1985, 3920, 4287, 3728, 1389, 2211, 5572, 1362, 4136, 8034, 3271, 1955, 7522, 2449, 2343, 2416, 1709, 3254, 3423, 2514, 4708, 2556, 7795, 1095, 2650, 9205, 3242, 2609], [1619, 2851, 848, 1558, 1752, 2809, 1927, 3251, 1356, 1436, 1500, 1947, 1557, 2392, 3197, 2119, 1232, 2694, 2875, 4331, 2225, 316, 2030, 0, 2115, 3262, 1086, 2193, 2050, 3284, 3734, 1513, 1589, 6169, 626, 1129, 2002, 1768, 5665, 3243, 3470, 2821, 5935, 3386, 3906, 5546, 1538, 2993, 4012, 1520, 3210, 670, 2527, 1403, 1562, 4698, 5478, 886, 2663, 1853, 2595, 577, 1140, 1916, 4142, 1726, 1492, 1374, 1664, 1793, 4905, 3120, 5347, 1630, 3248, 2818, 3170, 2197, 5783, 1616, 2668, 795, 2299, 727, 1609, 1945, 3801, 2214, 1463, 3546, 1151, 2297, 1150, 2391, 3049, 6367, 1273, 533, 4577, 369, 3939, 2293, 4717, 1242, 3165, 3560, 1305, 2155, 6283, 1939, 895, 7153, 2448, 1472, 1944, 596, 2070, 2523, 1588, 4372, 1432, 7998, 3102, 1618, 7835, 1990, 1619], [515, 757, 1645, 2441, 2568, 2319, 1707, 1541, 882, 965, 1148, 716, 2678, 3260, 5290, 4025, 3344, 1166, 826, 3078, 4323, 2274, 2835, 2115, 0, 2887, 1086, 676, 2411, 1802, 1883, 622, 529, 7346, 1498, 2688, 2356, 348, 7309, 5002, 2562, 1683, 4028, 1355, 2242, 4632, 2471, 4691, 5066, 600, 2500, 2035, 635, 730, 564, 2626, 3747, 2231, 2012, 665, 482, 2504, 3129, 251, 2421, 3289, 850, 882, 3414, 493, 3637, 3772, 3383, 494, 2782, 1626, 1477, 2934, 4796, 517, 3772, 1321, 2408, 2768, 1592, 419, 3082, 4185, 2486, 1740, 976, 2204, 1085, 278, 2643, 4888, 2391, 2646, 2507, 2471, 1919, 3577, 3283, 1498, 2144, 4540, 1505, 3521, 7775, 883, 2966, 5057, 886, 655, 441, 1674, 684, 592, 528, 2259, 718, 5922, 3479, 536, 6388, 765, 515], [2962, 3284, 3597, 1896, 4781, 5113, 1418, 2104, 3210, 3406, 3640, 3505, 4702, 1765, 5262, 5263, 3956, 4046, 2765, 5934, 4524, 3097, 1684, 3262, 2887, 0, 2653, 3548, 1298, 4656, 4522, 2974, 2802, 9426, 2923, 2636, 4806, 2859, 8853, 4026, 804, 1342, 6325, 3841, 4986, 7513, 4596, 6213, 7234, 2902, 5354, 3762, 2475, 2723, 2933, 3726, 6307, 4029, 4827, 3410, 2988, 3078, 3381, 3002, 2365, 4986, 2371, 3235, 3068, 3186, 6473, 6174, 3736, 2765, 5596, 4510, 2074, 1580, 2596, 2956, 5873, 2972, 4985, 3337, 4077, 3221, 669, 3939, 4554, 4442, 2982, 4846, 3240, 2972, 5433, 3567, 4381, 3582, 3637, 3367, 3037, 5529, 2167, 2102, 1023, 6754, 2038, 5402, 9517, 3653, 3502, 6590, 2088, 2743, 2473, 2730, 3524, 3420, 2864, 3979, 3028, 6476, 1157, 3014, 9064, 3569, 2962], [667, 1841, 976, 1543, 2151, 2587, 1239, 2189, 651, 843, 1053, 1189, 2122, 2438, 4215, 3146, 2293, 1948, 1798, 3803, 3252, 1200, 2008, 1086, 1086, 2653, 0, 1381, 1733, 2601, 2881, 587, 570, 6904, 466, 1633, 2154, 756, 6608, 3954, 2645, 1875, 5069, 2425, 3155, 5220, 1981, 3938, 4658, 553, 2906, 1246, 1443, 360, 605, 3617, 4714, 1503, 2342, 1076, 1554, 1421, 2045, 939, 3093, 2567, 426, 680, 2350, 916, 4382, 3529, 4265, 595, 3072, 2242, 2110, 2142, 4992, 661, 3299, 374, 2348, 1692, 1447, 1050, 3067, 3101, 1954, 2713, 362, 2232, 605, 1361, 2890, 5406, 1798, 1613, 3497, 1419, 2854, 3006, 3750, 642, 2282, 4157, 689, 2907, 7163, 1268, 1893, 6139, 1380, 436, 860, 589, 1282, 1590, 594, 3326, 560, 6916, 2882, 693, 7249, 1252, 667], [729, 894, 1501, 2896, 2146, 1657, 2302, 2141, 842, 773, 818, 256, 2326, 3766, 5378, 3842, 3400, 573, 1297, 2477, 4406, 2425, 3334, 2193, 676, 3548, 1381, 0, 2966, 1232, 1544, 795, 871, 6832, 1655, 2998, 1842, 735, 6936, 5311, 3236, 2358, 3747, 1252, 1777, 3990, 2096, 4389, 4558, 838, 1825, 1904, 1259, 1058, 787, 2902, 3342, 2032, 1346, 341, 863, 2685, 3305, 558, 2973, 3008, 1336, 822, 3699, 467, 3049, 3219, 3764, 881, 2112, 967, 2086, 3451, 5451, 735, 3322, 1450, 1832, 2907, 1145, 357, 3757, 4384, 2134, 1361, 1101, 1607, 1045, 717, 1979, 5463, 2085, 2695, 2790, 2562, 2306, 3188, 3892, 1949, 2818, 4029, 1973, 3160, 7344, 352, 3087, 5025, 1557, 993, 1077, 1909, 129, 446, 822, 2379, 830, 6132, 4075, 693, 5879, 237, 729], [2260, 3043, 2546, 600, 3699, 4318, 738, 2415, 2376, 2572, 2785, 2838, 3567, 902, 4056, 3978, 2659, 3529, 2678, 5443, 3263, 1844, 553, 2050, 2411, 1298, 1733, 2966, 0, 4186, 4273, 2227, 2104, 8207, 1847, 1341, 3812, 2233, 7566, 3061, 1787, 1615, 6329, 3665, 4653, 6922, 3498, 4940, 6060, 2165, 4630, 2625, 2285, 1947, 2211, 4161, 6135, 2883, 4069, 2727, 2710, 1795, 2088, 2419, 3056, 3765, 1633, 2404, 1837, 2522, 6014, 5100, 4454, 2088, 4804, 3907, 2349, 573, 3892, 2254, 4710, 1957, 4042, 2044, 3160, 2611, 1930, 2735, 3442, 4143, 2094, 3949, 2331, 2604, 4621, 4765, 3258, 2310, 4051, 2103, 3376, 4341, 3223, 1093, 1676, 5602, 1045, 4203, 8245, 2951, 2206, 6984, 1934, 1997, 1977, 1594, 2900, 3002, 2160, 4181, 2243, 7245, 1151, 2306, 8799, 2904, 2260], [1960, 1449, 2481, 4126, 2619, 1344, 3501, 2916, 2006, 1871, 1787, 1415, 2908, 4996, 6385, 4571, 4421, 661, 2021, 1280, 5425, 3552, 4565, 3284, 1802, 4656, 2601, 1232, 4186, 0, 780, 2020, 2102, 6777, 2820, 4193, 2161, 1956, 7229, 6486, 4227, 3373, 2748, 1171, 650, 2872, 2671, 4901, 4595, 2068, 1185, 2841, 2203, 2289, 2017, 2956, 2200, 2879, 1117, 1528, 1689, 3821, 4422, 1768, 3565, 3640, 2562, 1980, 4874, 1696, 1836, 3204, 3934, 2109, 1575, 533, 2888, 4680, 6269, 1966, 3592, 2617, 1958, 4010, 1826, 1585, 4767, 5497, 2745, 614, 2293, 1718, 2174, 1685, 1557, 5998, 2778, 3738, 2873, 3643, 2654, 3606, 4578, 3180, 3813, 4087, 3204, 3637, 7497, 1367, 4170, 4358, 2577, 2224, 2240, 3096, 1321, 1238, 2053, 2238, 2043, 5848, 5276, 1922, 4650, 1355, 1960], [2216, 1254, 2999, 4322, 3327, 2123, 3547, 2575, 2385, 2302, 2288, 1788, 3594, 5137, 6907, 5227, 4928, 1074, 1761, 1624, 5937, 3968, 4715, 3734, 1883, 4522, 2881, 1544, 4273, 780, 0, 2303, 2323, 7554, 3194, 4513, 2890, 2146, 7996, 6833, 3981, 3188, 2204, 695, 525, 3242, 3353, 5623, 5374, 2330, 1946, 3388, 2065, 2531, 2278, 2254, 1866, 3470, 1885, 1884, 1577, 4227, 4848, 1953, 3069, 4321, 2727, 2365, 5225, 1980, 2056, 3983, 3242, 2312, 2337, 1257, 2567, 4809, 5841, 2221, 4350, 2991, 2714, 4450, 2446, 1837, 4524, 5926, 3419, 202, 2636, 2469, 2586, 1669, 2332, 5414, 3427, 4227, 2185, 4101, 2090, 4340, 4100, 3375, 3588, 4865, 3384, 4358, 8275, 1810, 4628, 3627, 2455, 2458, 2302, 3437, 1665, 1305, 2290, 1509, 2356, 5069, 5288, 2194, 4559, 1746, 2216], [109, 1339, 1037, 2109, 2056, 2146, 1622, 2040, 300, 461, 693, 618, 2122, 2991, 4705, 3407, 2744, 1365, 1436, 3239, 3734, 1700, 2559, 1513, 622, 2974, 587, 795, 2227, 2020, 2303, 0, 189, 6858, 916, 2213, 1927, 287, 6733, 4532, 2812, 1962, 4498, 1884, 2569, 4696, 1931, 4097, 4584, 74, 2421, 1419, 1167, 282, 66, 3246, 4129, 1626, 1872, 505, 1099, 1946, 2573, 405, 2947, 2696, 618, 313, 2923, 330, 3817, 3350, 3985, 241, 2632, 1687, 1967, 2683, 5129, 106, 3256, 723, 2050, 2193, 1156, 467, 3291, 3644, 1933, 2131, 364, 1887, 474, 891, 2464, 5368, 1819, 2041, 3127, 1876, 2529, 3027, 3731, 1171, 2412, 4065, 1203, 2957, 7227, 725, 2385, 5641, 1270, 237, 654, 1137, 701, 1029, 136, 2868, 101, 6543, 3362, 111, 6669, 684, 109], [163, 1279, 1193, 2031, 2240, 2312, 1471, 1866, 484, 649, 881, 738, 2297, 2895, 4763, 3542, 2817, 1442, 1307, 3343, 3795, 1747, 2464, 1589, 529, 2802, 570, 871, 2104, 2102, 2323, 189, 0, 7042, 971, 2197, 2116, 188, 6898, 4517, 2626, 1774, 4504, 1856, 2623, 4826, 2111, 4254, 4769, 122, 2573, 1561, 1009, 211, 135, 3128, 4169, 1780, 2031, 630, 1008, 1980, 2607, 372, 2775, 2855, 474, 499, 2917, 419, 3917, 3538, 3842, 56, 2796, 1804, 1792, 2581, 4941, 157, 3438, 797, 2236, 2241, 1344, 518, 3108, 3668, 2110, 2161, 466, 2069, 637, 806, 2632, 5187, 1990, 2120, 3008, 1943, 2394, 3202, 3547, 1081, 2224, 4251, 1103, 3129, 7401, 866, 2438, 5583, 1086, 136, 471, 1153, 797, 1025, 63, 2786, 277, 6429, 3227, 214, 6745, 804, 163], [6933, 7703, 5932, 7666, 4803, 5448, 8049, 8878, 6560, 6414, 6206, 6669, 4784, 8349, 6134, 4411, 5814, 6797, 8116, 6535, 5945, 6365, 8083, 6169, 7346, 9426, 6904, 6832, 8207, 6777, 7554, 6858, 7042, 0, 6541, 7023, 4999, 7113, 1990, 7762, 9544, 8767, 8944, 7813, 7237, 6053, 4942, 3412, 2281, 6922, 5619, 5689, 7976, 6998, 6921, 9639, 8101, 5423, 5724, 6691, 7685, 6451, 6415, 7102, 9766, 4445, 7295, 6546, 7036, 6856, 6706, 3629, 10565, 7096, 5232, 6371, 8810, 8249, 11890, 6935, 3611, 6540, 5012, 6260, 5755, 6937, 9934, 6681, 4957, 7388, 6664, 5252, 6427, 7511, 5222, 12222, 5107, 5923, 9539, 6116, 9128, 3908, 10588, 7348, 9184, 2807, 7413, 4027, 1353, 6510, 6161, 10910, 8127, 7020, 7511, 6702, 6750, 7257, 6993, 8979, 6766, 12613, 9176, 6888, 8638, 6639, 6933], [1018, 2244, 701, 1506, 1869, 2577, 1517, 2651, 821, 955, 1094, 1424, 1781, 2411, 3796, 2688, 1848, 2193, 2250, 3954, 2826, 785, 1998, 626, 1498, 2923, 466, 1655, 1847, 2820, 3194, 916, 971, 6541, 0, 1381, 1969, 1154, 6175, 3668, 3011, 2289, 5396, 2799, 3415, 5283, 1677, 3501, 4320, 912, 2940, 853, 1904, 779, 958, 4073, 4987, 1119, 2374, 1319, 1977, 1035, 1661, 1313, 3551, 2151, 884, 844, 2055, 1220, 4534, 3269, 4730, 1009, 3049, 2400, 2571, 2151, 5353, 1014, 2957, 206, 2212, 1279, 1367, 1370, 3396, 2736, 1632, 3014, 562, 2143, 652, 1775, 2857, 5834, 1459, 1157, 3952, 974, 3315, 2633, 4179, 822, 2671, 3834, 886, 2521, 6751, 1454, 1472, 6549, 1843, 850, 1320, 300, 1539, 1941, 975, 3755, 846, 7373, 2981, 1024, 7440, 1477, 1018], [2299, 3438, 1927, 741, 2867, 3897, 1646, 3351, 2189, 2334, 2469, 2784, 2642, 1341, 2839, 2690, 1327, 3555, 3276, 5333, 1969, 818, 1069, 1129, 2688, 2636, 1633, 2998, 1341, 4193, 4513, 2213, 2197, 7023, 1381, 0, 3129, 2380, 6261, 2322, 3081, 2688, 6700, 4041, 4773, 6628, 2652, 3678, 4973, 2185, 4283, 1797, 2875, 1987, 2236, 5011, 6339, 2000, 3722, 2674, 3127, 613, 749, 2568, 4144, 2641, 1861, 2214, 730, 2540, 5912, 4206, 5486, 2214, 4351, 3781, 3273, 1232, 5230, 2293, 3676, 1581, 3423, 764, 2681, 2679, 3268, 1577, 2571, 4343, 1904, 3408, 2032, 2952, 4153, 6069, 2383, 1123, 4893, 971, 4215, 3268, 4481, 1259, 2891, 4561, 1285, 3111, 6968, 2829, 890, 7686, 2647, 2061, 2357, 1098, 2891, 3220, 2226, 4847, 2169, 8245, 2156, 2322, 8820, 2841, 2299], [1985, 2728, 1273, 3452, 491, 1037, 3393, 3895, 1643, 1468, 1241, 1671, 825, 4341, 4554, 2487, 2743, 1918, 3118, 2743, 3662, 2316, 3944, 2002, 2356, 4806, 2154, 1842, 3812, 2161, 2890, 1927, 2116, 4999, 1969, 3129, 0, 2153, 5149, 5110, 4729, 3887, 4863, 2941, 2786, 3659, 628, 2741, 2721, 1997, 1462, 1336, 2989, 2125, 1985, 4715, 4200, 1177, 1089, 1695, 2688, 2559, 2996, 2118, 4772, 1531, 2464, 1623, 3617, 1871, 3258, 1426, 5602, 2167, 1351, 1639, 3829, 4103, 7055, 1988, 1500, 1862, 330, 2601, 776, 1942, 5189, 3959, 725, 2694, 1830, 477, 1571, 2513, 1158, 7243, 858, 2212, 4608, 2240, 4147, 1451, 5628, 2749, 4334, 2193, 2808, 1477, 5514, 1513, 2680, 6511, 3176, 2126, 2569, 2242, 1754, 2278, 2060, 4123, 1847, 7868, 4949, 1935, 6159, 1642, 1985], [188, 1093, 1323, 2192, 2315, 2263, 1571, 1771, 574, 700, 915, 648, 2396, 3045, 4948, 3693, 2998, 1298, 1150, 3211, 3979, 1932, 2615, 1768, 348, 2859, 756, 735, 2233, 1956, 2146, 287, 188, 7113, 1154, 2380, 2153, 0, 7015, 4700, 2629, 1762, 4321, 1670, 2459, 4717, 2200, 4381, 4835, 255, 2498, 1705, 886, 397, 224, 2964, 3997, 1912, 1971, 553, 828, 2167, 2794, 196, 2673, 2980, 607, 581, 3102, 330, 3782, 3577, 3699, 167, 2742, 1691, 1700, 2726, 4921, 188, 3519, 975, 2247, 2427, 1378, 381, 3127, 3855, 2206, 1987, 630, 2065, 760, 624, 2585, 5110, 2098, 2299, 2845, 2125, 2243, 3300, 3481, 1241, 2220, 4314, 1258, 3235, 7501, 797, 2623, 5398, 1024, 322, 423, 1340, 681, 844, 182, 2605, 387, 6263, 3341, 227, 6591, 712, 188], [6827, 7828, 5709, 6978, 4792, 5904, 7587, 8758, 6442, 6345, 6181, 6723, 4634, 7498, 4675, 3590, 4944, 7065, 8129, 7333, 4755, 5774, 7318, 5665, 7309, 8853, 6608, 6936, 7566, 7229, 7996, 6733, 6898, 1990, 6175, 6261, 5149, 7015, 0, 6440, 9132, 8463, 9729, 8088, 7793, 7258, 4852, 2677, 2790, 6784, 6194, 5369, 7899, 6798, 6798, 9837, 8938, 5128, 6114, 6711, 7725, 5776, 5554, 7058, 9668, 4050, 7030, 6437, 6077, 6826, 7639, 4083, 10678, 6952, 5847, 6743, 8681, 7473, 11424, 6828, 3655, 6237, 5286, 5524, 5792, 6940, 9438, 5515, 4828, 7807, 6457, 5533, 6263, 7527, 5771, 12009, 4919, 5278, 9725, 5497, 9209, 3749, 10353, 6905, 8827, 3217, 6969, 3790, 902, 6587, 5373, 11561, 7957, 6839, 7360, 6254, 6829, 7381, 6862, 9270, 6634, 13016, 8374, 6792, 9972, 6712, 6827], [4619, 5746, 4089, 2681, 4725, 6023, 3695, 5451, 4487, 4617, 4722, 5089, 4416, 2278, 1810, 3521, 2420, 5860, 5537, 7573, 1842, 2950, 2511, 3243, 5002, 4026, 3954, 5311, 3061, 6486, 6833, 4532, 4517, 7762, 3668, 2322, 5110, 4700, 6440, 0, 4738, 4672, 9020, 6356, 7081, 8750, 4523, 4424, 6149, 4505, 6436, 3832, 5130, 4307, 4556, 7182, 8651, 3940, 5899, 4982, 5428, 2678, 2129, 4888, 6114, 4059, 4163, 4511, 1614, 4858, 8147, 5832, 7514, 4534, 6434, 6046, 5380, 2537, 6358, 4613, 5112, 3873, 5433, 2542, 4847, 4998, 4682, 1206, 4426, 6662, 4212, 5482, 4313, 5262, 6235, 7568, 4263, 2905, 7068, 2920, 6385, 4684, 6174, 3531, 4713, 5883, 3542, 4511, 7295, 5120, 2435, 9943, 4850, 4382, 4650, 3404, 5200, 5541, 4547, 7103, 4484, 10305, 2969, 4641, 11076, 5144, 4619], [2771, 2794, 3620, 2357, 4787, 4873, 1547, 1439, 3088, 3270, 3504, 3249, 4764, 2461, 5842, 5562, 4351, 3667, 2234, 5484, 5037, 3371, 2283, 3470, 2562, 804, 2645, 3236, 1787, 4227, 3981, 2812, 2626, 9544, 3011, 3081, 4729, 2629, 9132, 4738, 0, 879, 5645, 3288, 4474, 7096, 4623, 6462, 7302, 2740, 5059, 3860, 2031, 2606, 2759, 2953, 5696, 4125, 4570, 3170, 2540, 3414, 3823, 2732, 1566, 5154, 2276, 3108, 3623, 2952, 5996, 6140, 2933, 2578, 5342, 4164, 1430, 2219, 2348, 2767, 5942, 3005, 4861, 3699, 3964, 2949, 545, 4521, 4597, 3929, 2917, 4690, 3171, 2576, 5197, 2989, 4440, 3873, 2870, 3650, 2305, 5639, 1446, 2232, 419, 6799, 2168, 5530, 9745, 3411, 3886, 5807, 1684, 2604, 2210, 2887, 3240, 3018, 2685, 3267, 2886, 5680, 1953, 2824, 8468, 3307, 2771], [1912, 1962, 2838, 2051, 3979, 3996, 1043, 836, 2247, 2422, 2653, 2373, 3986, 2477, 5525, 4939, 3845, 2797, 1427, 4641, 4645, 2784, 2167, 2821, 1683, 1342, 1875, 2358, 1615, 3373, 3188, 1962, 1774, 8767, 2289, 2688, 3887, 1762, 8463, 4672, 879, 0, 5004, 2502, 3661, 6243, 3828, 5787, 6507, 1891, 4181, 3119, 1171, 1779, 1905, 2574, 4966, 3377, 3692, 2297, 1686, 2884, 3387, 1857, 1466, 4436, 1473, 22