{'nodes': [(0, 0, 0, 0, 48000, 0, False), (1, -4.461237909212185, 4.037846932626896, 38427, 44357, 40, True), (2, 6.402108053991113, -9.57265050138984, 37236, 41561, 30, True), (3, 10.408405780469511, 8.745220337969183, 24732, 29267, 30, True), (4, -1.4856508528011632, -1.6503632057518656, 11293, 19387, 10, True), (5, 4.519684973034041, 6.306305776727727, 14575, 17727, 50, True), (6, -1.5969133986195845, -7.927822863380002, 33144, 41852, 30, True), (7, -0.8680277379151495, -1.786573961968707, 5443, 10653, 20, True), (8, 10.245326813258519, 12.010858018010769, 30618, 34759, 20, False), (9, 4.1033492159649505, -4.771061415516903, 1876, 8764, 50, True), (10, -2.7228392591555304, -2.760740984555492, 14331, 20616, 10, True), (11, 0.15563515530174032, 0.4771195104089211, 34579, 43316, 40, True), (12, -7.359293274065096, 5.3022277807059615, 6378, 11380, 50, True), (13, -0.7178697906676487, 1.1093738970501494, 13849, 19701, 10, True), (14, 12.48040157059019, 6.45094392264508, 25869, 33748, 40, True), (15, -4.040836494862412, 0.03856211419306618, 0, 4531, 10, True), (16, 9.314680952760046, 4.567207233926064, 8615, 12557, 50, True), (17, 4.832460481453351, 5.628005082797156, 37396, 39130, 10, False), (18, -11.038146555711888, -6.148366006547963, 0, 7750, 10, True), (19, -4.3754477662787385, -5.326557824584708, 7413, 9244, 40, True), (20, -7.024672898327197, 0.8845691153116267, 7605, 14170, 20, True), (21, 0, 0, 0, 48000, 0, False)], 'F': 20.0, 'ct': 0.083, 'cd': 0.021, 'truck_cap': 100, 'drone_cap': 20, 'truck_speed': 40, 'drone_speed': 40, 'a': 1, 'b': 2, 'max_flight_time': 30, 'ttt': [[0, 1806, 3456, 4079, 667, 2329, 2427, 597, 4737, 1889, 1164, 152, 2722, 397, 4216, 1213, 3113, 2226, 3791, 2069, 2125, 1], [1806, 0, 5225, 4680, 1927, 2780, 3692, 2054, 5020, 3687, 2106, 1750, 950, 1427, 5135, 1207, 4137, 2830, 3638, 2810, 1220, 1806], [3456, 5225, 0, 5626, 3355, 4798, 2451, 3197, 6578, 1598, 3417, 3551, 6080, 3852, 5142, 4259, 4332, 4585, 5333, 3476, 5107, 3456], [4079, 4680, 5626, 0, 4740, 1913, 6165, 4630, 982, 4475, 5239, 3952, 5430, 4049, 928, 5062, 1297, 1917, 7834, 6124, 5738, 4079], [667, 1927, 3355, 4740, 0, 2992, 1885, 191, 5403, 1921, 500, 807, 2731, 860, 4845, 920, 3740, 2892, 3169, 1404, 1828, 667], [2329, 2780, 4798, 1913, 2992, 0, 4649, 2918, 2426, 3327, 3482, 2186, 3577, 2215, 2390, 3184, 1531, 225, 5980, 4394, 3827, 2329], [2427, 3692, 2451, 6165, 1885, 4649, 0, 1856, 6958, 1956, 1587, 2577, 4330, 2725, 6038, 2501, 4978, 4502, 2883, 1143, 3106, 2427], [597, 2054, 3197, 4630, 191, 2918, 1856, 0, 5316, 1741, 630, 746, 2885, 871, 4707, 1099, 3602, 2807, 3321, 1496, 2014, 597], [4737, 5020, 6578, 982, 5403, 2426, 6958, 5316, 0, 5362, 5898, 4598, 5653, 4639, 1799, 5593, 2251, 2512, 8394, 6805, 6164, 4737], [1889, 3687, 1598, 4475, 1921, 3327, 1956, 1741, 5362, 0, 2136, 1971, 4579, 2282, 4202, 2839, 3209, 3128, 4562, 2550, 3746, 1889], [1164, 2106, 3417, 5239, 500, 3482, 1587, 630, 5898, 2136, 0, 1301, 2791, 1309, 5334, 929, 4229, 3388, 2695, 917, 1693, 1164], [152, 1750, 3551, 3952, 807, 2186, 2577, 746, 4598, 1971, 1301, 0, 2680, 324, 4110, 1267, 3010, 2088, 3903, 2210, 2159, 152], [2722, 950, 6080, 5430, 2731, 3577, 4330, 2885, 5653, 4579, 2791, 2680, 0, 2357, 5963, 1868, 5008, 3660, 3609, 3313, 1330, 2722], [397, 1427, 3852, 4049, 860, 2215, 2725, 871, 4639, 2282, 1309, 324, 2357, 0, 4272, 1048, 3185, 2148, 3786, 2222, 1894, 397], [4216, 5135, 5142, 928, 4845, 2390, 6038, 4707, 1799, 4202, 5334, 4110, 5963, 4272, 0, 5318, 1106, 2309, 8005, 6170, 6086, 4216], [1213, 1207, 4259, 5062, 920, 3184, 2501, 1099, 5593, 2839, 929, 1267, 1868, 1048, 5318, 0, 4232, 3147, 2803, 1614, 931, 1213], [3113, 4137, 4332, 1297, 3740, 1531, 4978, 3602, 2251, 3209, 4229, 3010, 5008, 3185, 1106, 4232, 0, 1383, 6901, 5068, 5026, 3113], [2226, 2830, 4585, 1917, 2892, 225, 4502, 2807, 2512, 3128, 3388, 2088, 3660, 2148, 2309, 3147, 1383, 0, 5930, 4294, 3832, 2226], [3791, 3638, 5333, 7834, 3169, 5980, 2883, 3321, 8394, 4562, 2695, 3903, 3609, 3786, 8005, 2803, 6901, 5930, 0, 2015, 2430, 3791], [2069, 2810, 3476, 6124, 1404, 4394, 1143, 1496, 6805, 2550, 917, 2210, 3313, 2222, 6170, 1614, 5068, 4294, 2015, 0, 2027, 2069], [2125, 1220, 5107, 5738, 1828, 3827, 3106, 2014, 6164, 3746, 1693, 2159, 1330, 1894, 6086, 931, 5026, 3832, 2430, 2027, 0, 2125], [1, 1806, 3456, 4079, 667, 2329, 2427, 597, 4737, 1889, 1164, 152, 2722, 397, 4216, 1213, 3113, 2226, 3791, 2069, 2125, 0]], 'ttd': [[0, 904, 1728, 2040, 334, 1165, 1214, 299, 2369, 945, 583, 76, 1362, 199, 2108, 607, 1557, 1114, 1896, 1035, 1063, 1], [904, 0, 2613, 2341, 964, 1390, 1847, 1028, 2510, 1844, 1054, 876, 475, 714, 2568, 604, 2069, 1415, 1820, 1406, 611, 904], [1728, 2613, 0, 2814, 1678, 2400, 1226, 1599, 3289, 800, 1709, 1776, 3041, 1927, 2572, 2130, 2167, 2293, 2667, 1739, 2554, 1728], [2040, 2341, 2814, 0, 2371, 957, 3083, 2315, 491, 2238, 2620, 1977, 2716, 2025, 465, 2531, 649, 959, 3918, 3063, 2870, 2040], [334, 964, 1678, 2371, 0, 1496, 943, 96, 2702, 961, 250, 404, 1366, 431, 2423, 460, 1870, 1447, 1585, 702, 915, 334], [1165, 1390, 2400, 957, 1496, 0, 2325, 1459, 1213, 1664, 1742, 1093, 1789, 1108, 1195, 1592, 766, 113, 2990, 2198, 1914, 1165], [1214, 1847, 1226, 3083, 943, 2325, 0, 929, 3480, 978, 794, 1289, 2166, 1363, 3019, 1251, 2489, 2251, 1442, 572, 1553, 1214], [299, 1028, 1599, 2315, 96, 1459, 929, 0, 2658, 871, 315, 374, 1443, 436, 2354, 550, 1801, 1404, 1661, 748, 1008, 299], [2369, 2510, 3289, 491, 2702, 1213, 3480, 2658, 0, 2682, 2949, 2300, 2827, 2320, 900, 2797, 1126, 1256, 4198, 3403, 3083, 2369], [945, 1844, 800, 2238, 961, 1664, 978, 871, 2682, 0, 1068, 986, 2290, 1142, 2102, 1420, 1605, 1565, 2282, 1276, 1873, 945], [583, 1054, 1709, 2620, 250, 1742, 794, 315, 2949, 1068, 0, 651, 1396, 655, 2667, 465, 2115, 1694, 1348, 459, 847, 583], [76, 876, 1776, 1977, 404, 1093, 1289, 374, 2300, 986, 651, 0, 1341, 163, 2055, 634, 1506, 1045, 1952, 1105, 1080, 76], [1362, 475, 3041, 2716, 1366, 1789, 2166, 1443, 2827, 2290, 1396, 1341, 0, 1179, 2982, 934, 2505, 1830, 1805, 1657, 666, 1362], [199, 714, 1927, 2025, 431, 1108, 1363, 436, 2320, 1142, 655, 163, 1179, 0, 2137, 525, 1593, 1075, 1894, 1111, 948, 199], [2108, 2568, 2572, 465, 2423, 1195, 3019, 2354, 900, 2102, 2667, 2055, 2982, 2137, 0, 2659, 554, 1155, 4003, 3085, 3044, 2108], [607, 604, 2130, 2531, 460, 1592, 1251, 550, 2797, 1420, 465, 634, 934, 525, 2659, 0, 2116, 1574, 1402, 807, 466, 607], [1557, 2069, 2167, 649, 1870, 766, 2489, 1801, 1126, 1605, 2115, 1506, 2505, 1593, 554, 2116, 0, 692, 3451, 2535, 2513, 1557], [1114, 1415, 2293, 959, 1447, 113, 2251, 1404, 1256, 1565, 1694, 1045, 1830, 1075, 1155, 1574, 692, 0, 2965, 2148, 1917, 1114], [1896, 1820, 2667, 3918, 1585, 2990, 1442, 1661, 4198, 2282, 1348, 1952, 1805, 1894, 4003, 1402, 3451, 2965, 0, 1008, 1216, 1896], [1035, 1406, 1739, 3063, 702, 2198, 572, 748, 3403, 1276, 459, 1105, 1657, 1111, 3085, 807, 2535, 2148, 1008, 0, 1014, 1035], [1063, 611, 2554, 2870, 915, 1914, 1553, 1008, 3083, 1873, 847, 1080, 666, 948, 3044, 466, 2513, 1917, 1216, 1014, 0, 1063], [1, 904, 1728, 2040, 334, 1165, 1214, 299, 2369, 945, 583, 76, 1362, 199, 2108, 607, 1557, 1114, 1896, 1035, 1063, 0]]}