{'nodes': [(0, 8.475, 7.45, 0, 48000, 0, False), (1, 2.0, 6.5, 21078, 27075, 50, True), (2, 5.5, 1.0, 3741, 7896, 40, True), (3, 8.5, 10.5, 41051, 48000, 10, True), (4, 11.5, 13.5, 8515, 14193, 30, True), (5, 3.5, 6.5, 8435, 13685, 10, False), (6, 12.0, 4.0, 4698, 12129, 40, True), (7, 11.5, 4.0, 1781, 6415, 40, True), (8, 5.0, 1.5, 2913, 9138, 20, True), (9, 6.0, 10.5, 0, 4826, 40, True), (10, 14.0, 0.5, 173, 6143, 20, True), (11, 13.5, 9.0, 10636, 16325, 20, True), (12, 0.5, 5.0, 43741, 46892, 30, True), (13, 15.0, 9.0, 31958, 39925, 20, True), (14, 11.0, 13.0, 32390, 37593, 40, True), (15, 7.5, 5.5, 16256, 23001, 40, True), (16, 8.5, 7.0, 21377, 24250, 50, True), (17, 1.5, 1.0, 9254, 15315, 10, True), (18, 14.0, 13.5, 12371, 17964, 20, False), (19, 10.5, 13.0, 44253, 47718, 50, True), (20, 8.0, 14.5, 21433, 27998, 20, True), (21, 8.475, 7.45, 0, 48000, 0, False)], 'F': 20.0, 'ct': 0.083, 'cd': 0.021, 'truck_cap': 100, 'drone_cap': 20, 'truck_speed': 40, 'drone_speed': 40, 'a': 1, 'b': 2, 'max_flight_time': 3000, 'ttt': [[0, 1964, 2132, 916, 2030, 1520, 1481, 1378, 2068, 1179, 2665, 1579, 2504, 2013, 1830, 655, 136, 2851, 2459, 1773, 2121, 1], [1964, 0, 1957, 2291, 3541, 451, 3093, 2948, 1750, 1698, 4026, 3532, 637, 3972, 3332, 1678, 1957, 1658, 4169, 3211, 3001, 1964], [2132, 1957, 0, 2990, 4161, 1757, 2149, 2013, 213, 2855, 2555, 3395, 1922, 3727, 3961, 1478, 2013, 1201, 4536, 3901, 4120, 2132], [916, 2291, 2990, 0, 1274, 1922, 2216, 2149, 2898, 751, 3425, 1567, 2913, 2002, 1062, 1531, 1051, 3541, 1880, 961, 1210, 916], [2030, 3541, 4161, 1274, 0, 3190, 2855, 2851, 4095, 1880, 3972, 1478, 4171, 1711, 213, 2684, 2149, 4803, 751, 336, 1093, 2030], [1520, 451, 1757, 1922, 3190, 0, 2659, 2515, 1567, 1416, 3629, 3093, 1007, 3532, 2978, 1238, 1508, 1757, 3787, 2867, 2755, 1520], [1481, 3093, 2149, 2216, 2855, 2659, 0, 151, 2231, 2655, 1210, 1567, 3464, 1750, 2718, 1424, 1384, 3277, 2913, 2738, 3372, 1481], [1378, 2948, 2013, 2149, 2851, 2515, 151, 0, 2090, 2555, 1291, 1617, 3315, 1832, 2705, 1283, 1274, 3133, 2948, 2718, 3321, 1378], [2068, 1750, 213, 2898, 4095, 1567, 2231, 2090, 0, 2718, 2718, 3402, 1711, 3751, 3892, 1416, 1957, 1062, 4501, 3825, 4003, 2068], [1179, 1698, 2855, 751, 1880, 1416, 2655, 2555, 2718, 0, 3843, 2296, 2334, 2738, 1678, 1567, 1291, 3155, 2564, 1545, 1343, 1179], [2665, 4026, 2555, 3425, 3972, 3629, 1210, 1291, 2718, 3843, 0, 2555, 4270, 2569, 3857, 2461, 2555, 3754, 3901, 3895, 4570, 2665], [1579, 3532, 3395, 1567, 1478, 3093, 1567, 1617, 3402, 2296, 2555, 0, 4081, 451, 1416, 2085, 1617, 4328, 1359, 1501, 2334, 1579], [2504, 637, 1922, 2913, 4171, 1007, 3464, 3315, 1711, 2334, 4270, 4081, 0, 4513, 3961, 2106, 2475, 1238, 4787, 3843, 3632, 2504], [2013, 3972, 3727, 2002, 1711, 3532, 1750, 1832, 3751, 2738, 2569, 451, 4513, 0, 1698, 2484, 2041, 4709, 1384, 1807, 2672, 2013], [1830, 3332, 3961, 1062, 213, 2978, 2718, 2705, 3892, 1678, 3857, 1416, 3961, 1698, 0, 2484, 1951, 4593, 913, 151, 1007, 1830], [655, 1678, 1478, 1531, 2684, 1238, 1424, 1283, 1416, 1567, 2461, 2085, 2106, 2484, 2484, 0, 542, 2251, 3093, 2424, 2705, 655], [136, 1957, 2013, 1051, 2149, 1508, 1384, 1274, 1957, 1291, 2555, 1617, 2475, 2041, 1951, 542, 0, 2767, 2555, 1898, 2256, 136], [2851, 1658, 1201, 3541, 4803, 1757, 3277, 3133, 1062, 3155, 3754, 4328, 1238, 4709, 4593, 2251, 2767, 0, 5304, 4501, 4496, 2851], [2459, 4169, 4536, 1880, 751, 3787, 2913, 2948, 4501, 2564, 3901, 1359, 4787, 1384, 913, 3093, 2555, 5304, 0, 1062, 1826, 2459], [1773, 3211, 3901, 961, 336, 2867, 2738, 2718, 3825, 1545, 3895, 1501, 3843, 1807, 151, 2424, 1898, 4501, 1062, 0, 876, 1773], [2121, 3001, 4120, 1210, 1093, 2755, 3372, 3321, 4003, 1343, 4570, 2334, 3632, 2672, 1007, 2705, 2256, 4496, 1826, 876, 0, 2121], [1, 1964, 2132, 916, 2030, 1520, 1481, 1378, 2068, 1179, 2665, 1579, 2504, 2013, 1830, 655, 136, 2851, 2459, 1773, 2121, 0]], 'ttd': [[0, 983, 1066, 459, 1016, 761, 741, 689, 1035, 590, 1333, 790, 1252, 1007, 916, 328, 69, 1426, 1230, 887, 1061, 1], [983, 0, 979, 1146, 1771, 226, 1547, 1475, 876, 850, 2013, 1766, 319, 1987, 1666, 840, 979, 829, 2085, 1606, 1501, 983], [1066, 979, 0, 1495, 2081, 879, 1075, 1007, 107, 1428, 1278, 1698, 961, 1864, 1981, 740, 1007, 601, 2268, 1951, 2060, 1066], [459, 1146, 1495, 0, 637, 961, 1108, 1075, 1449, 376, 1713, 784, 1457, 1002, 531, 766, 526, 1771, 941, 481, 606, 459], [1016, 1771, 2081, 637, 0, 1596, 1428, 1426, 2048, 941, 1987, 740, 2086, 856, 107, 1343, 1075, 2402, 376, 169, 547, 1016], [761, 226, 879, 961, 1596, 0, 1330, 1258, 784, 709, 1815, 1547, 504, 1766, 1490, 619, 755, 879, 1894, 1434, 1378, 761], [741, 1547, 1075, 1108, 1428, 1330, 0, 76, 1116, 1328, 606, 784, 1733, 876, 1359, 713, 692, 1639, 1457, 1370, 1686, 741], [689, 1475, 1007, 1075, 1426, 1258, 76, 0, 1046, 1278, 646, 809, 1658, 916, 1353, 642, 637, 1567, 1475, 1359, 1661, 689], [1035, 876, 107, 1449, 2048, 784, 1116, 1046, 0, 1359, 1359, 1701, 856, 1876, 1947, 709, 979, 531, 2251, 1913, 2002, 1035], [590, 850, 1428, 376, 941, 709, 1328, 1278, 1359, 0, 1922, 1148, 1168, 1370, 840, 784, 646, 1578, 1283, 773, 672, 590], [1333, 2013, 1278, 1713, 1987, 1815, 606, 646, 1359, 1922, 0, 1278, 2136, 1285, 1929, 1231, 1278, 1877, 1951, 1948, 2286, 1333], [790, 1766, 1698, 784, 740, 1547, 784, 809, 1701, 1148, 1278, 0, 2041, 226, 709, 1043, 809, 2164, 680, 751, 1168, 790], [1252, 319, 961, 1457, 2086, 504, 1733, 1658, 856, 1168, 2136, 2041, 0, 2257, 1981, 1054, 1238, 619, 2394, 1922, 1817, 1252], [1007, 1987, 1864, 1002, 856, 1766, 876, 916, 1876, 1370, 1285, 226, 2257, 0, 850, 1242, 1021, 2355, 692, 904, 1336, 1007], [916, 1666, 1981, 531, 107, 1490, 1359, 1353, 1947, 840, 1929, 709, 1981, 850, 0, 1242, 976, 2297, 457, 76, 504, 916], [328, 840, 740, 766, 1343, 619, 713, 642, 709, 784, 1231, 1043, 1054, 1242, 1242, 0, 271, 1126, 1547, 1213, 1353, 328], [69, 979, 1007, 526, 1075, 755, 692, 637, 979, 646, 1278, 809, 1238, 1021, 976, 271, 0, 1384, 1278, 950, 1128, 69], [1426, 829, 601, 1771, 2402, 879, 1639, 1567, 531, 1578, 1877, 2164, 619, 2355, 2297, 1126, 1384, 0, 2653, 2251, 2248, 1426], [1230, 2085, 2268, 941, 376, 1894, 1457, 1475, 2251, 1283, 1951, 680, 2394, 692, 457, 1547, 1278, 2653, 0, 531, 913, 1230], [887, 1606, 1951, 481, 169, 1434, 1370, 1359, 1913, 773, 1948, 751, 1922, 904, 76, 1213, 950, 2251, 531, 0, 438, 887], [1061, 1501, 2060, 606, 547, 1378, 1686, 1661, 2002, 672, 2286, 1168, 1817, 1336, 504, 1353, 1128, 2248, 913, 438, 0, 1061], [1, 983, 1066, 459, 1016, 761, 741, 689, 1035, 590, 1333, 790, 1252, 1007, 916, 328, 69, 1426, 1230, 887, 1061, 0]]}