{'nodes': [(0, 0, 0, 0, 48000, 0, False), (1, -0.3555006279010129, 0.5897505585903741, 38871, 46459, 50, True), (2, 1.1475501467686458, -6.773130834060308, 18654, 25046, 10, False), (3, -7.77690130354961, 1.300364985070152, 8916, 14856, 40, True), (4, -9.607718393930599, -4.844669359042945, 7351, 10539, 30, True), (5, 0.013153896376211859, -0.104416398308839, 43617, 48000, 40, True), (6, -4.035576162373784, -2.115669397816832, 18512, 23058, 20, True), (7, -0.19746799343499707, -0.33238127760323116, 33288, 41166, 10, True), (8, 1.1041054335995533, 26.1917025465536, 16598, 27266, 50, True), (9, 2.25632385664272, -7.917158049286662, 26587, 32722, 50, True), (10, -7.139271874158116, 13.676380147589194, 9028, 10676, 40, True), (11, 3.426151235035249, 2.986576812783417, 37682, 41238, 50, True), (12, -3.374693561706868, 1.9963866959052163, 18992, 26800, 40, True), (13, -6.181541075618873, -7.30338886755107, 12845, 16925, 30, True), (14, -3.756044038183204, -0.6346408958618499, 11231, 22667, 30, True), (15, -3.793938172382161, 11.641966753191108, 20568, 23471, 10, True), (16, 1.6361531516503287, -0.1693129431634616, 23049, 30733, 20, True), (17, -7.048995742450287, 0.7512012780094984, 14560, 20599, 40, True), (18, 1.4240011854921646, -0.2670643590001981, 3212, 8202, 50, True), (19, 0.36283036196897595, 2.0024555496095875, 21730, 26825, 40, True), (20, 1.4145291333619614, -6.76972776240478, 3769, 8574, 20, False), (21, 0, 0, 0, 48000, 0, False)], 'F': 20.0, 'ct': 0.083, 'cd': 0.021, 'truck_cap': 100, 'drone_cap': 20, 'truck_speed': 40, 'drone_speed': 40, 'a': 1, 'b': 2, 'max_flight_time': 30, 'ttt': [[0, 208, 2062, 2366, 3229, 33, 1368, 117, 7865, 2471, 4629, 1365, 1177, 2871, 1144, 3674, 494, 2128, 436, 612, 2076, 1], [208, 0, 2255, 2238, 3220, 237, 1371, 282, 7694, 2671, 4423, 1344, 1000, 2944, 1085, 3473, 640, 2010, 594, 476, 2272, 208], [2062, 2255, 0, 3611, 3279, 2030, 2091, 1975, 9890, 479, 6620, 3008, 2961, 2205, 2358, 5721, 1988, 3339, 1955, 2644, 81, 2062], [2366, 2238, 3611, 0, 1925, 2376, 1521, 2327, 7929, 4088, 3719, 3400, 1338, 2626, 1340, 3326, 2859, 275, 2801, 2452, 3670, 2366], [3229, 3220, 3279, 1925, 0, 3219, 1862, 3132, 9851, 3678, 5606, 4563, 2777, 1266, 2164, 5246, 3654, 1847, 3584, 3630, 3358, 3229], [33, 237, 2030, 2376, 3219, 0, 1357, 94, 7897, 2440, 4659, 1382, 1197, 2850, 1143, 3705, 488, 2135, 427, 642, 2044, 33], [1368, 1371, 2091, 1521, 1862, 1357, 0, 1271, 8632, 2569, 4829, 2713, 1250, 1685, 453, 4129, 1800, 1249, 1730, 1809, 2151, 1368], [117, 282, 1975, 2327, 3132, 94, 1271, 0, 7968, 2393, 4691, 1475, 1183, 2757, 1072, 3752, 553, 2082, 488, 721, 1992, 117], [7865, 7694, 9890, 7929, 9851, 7897, 8632, 7968, 0, 10239, 4497, 6997, 7383, 10284, 8180, 4607, 7911, 8016, 7939, 7261, 9890, 7865], [2471, 2671, 479, 4088, 3678, 2440, 2569, 2393, 10239, 0, 7066, 3291, 3421, 2539, 2834, 6143, 2333, 3816, 2310, 3031, 428, 2471], [4629, 4423, 6620, 3719, 5606, 4659, 4829, 4691, 4497, 7066, 0, 4510, 3683, 6301, 4413, 1176, 4919, 3879, 4910, 4164, 6650, 4629], [1365, 1344, 3008, 3400, 4563, 1382, 2713, 1475, 6997, 3291, 4510, 0, 2063, 4224, 2414, 3382, 1089, 3214, 1147, 966, 2989, 1365], [1177, 1000, 2961, 1338, 2777, 1197, 1250, 1183, 7383, 3421, 3683, 2063, 0, 2915, 799, 2897, 1639, 1165, 1593, 1122, 2998, 1177], [2871, 2944, 2205, 2626, 1266, 2850, 1685, 2757, 10284, 2539, 6301, 4224, 2915, 0, 2130, 5730, 3176, 2431, 3109, 3414, 2285, 2871], [1144, 1085, 2358, 1340, 2164, 1143, 453, 1072, 8180, 2834, 4413, 2414, 799, 2130, 0, 3684, 1625, 1073, 1559, 1468, 2408, 1144], [3674, 3473, 5721, 3326, 5246, 3705, 4129, 3752, 4607, 6143, 1176, 3382, 2897, 5730, 3684, 0, 3901, 3411, 3902, 3150, 5741, 3674], [494, 640, 1988, 2859, 3654, 488, 1800, 553, 7911, 2333, 4919, 1089, 1639, 3176, 1625, 3901, 0, 2621, 71, 756, 1982, 494], [2128, 2010, 3339, 275, 1847, 2135, 1249, 2082, 8016, 3816, 3879, 3214, 1165, 2431, 1073, 3411, 2621, 0, 2561, 2256, 3398, 2128], [436, 594, 1955, 2801, 3584, 427, 1730, 488, 7939, 2310, 4910, 1147, 1593, 3109, 1559, 3902, 71, 2561, 0, 753, 1952, 436], [612, 476, 2644, 2452, 3630, 642, 1809, 721, 7261, 3031, 4164, 966, 1122, 3414, 1468, 3150, 756, 2256, 753, 0, 2652, 612], [2076, 2272, 81, 3670, 3358, 2044, 2151, 1992, 9890, 428, 6650, 2989, 2998, 2285, 2408, 5741, 1982, 3398, 1952, 2652, 0, 2076], [1, 208, 2062, 2366, 3229, 33, 1368, 117, 7865, 2471, 4629, 1365, 1177, 2871, 1144, 3674, 494, 2128, 436, 612, 2076, 0]], 'ttd': [[0, 104, 1031, 1184, 1615, 17, 684, 59, 3933, 1236, 2315, 683, 589, 1436, 572, 1838, 248, 1064, 218, 306, 1038, 1], [104, 0, 1128, 1119, 1611, 119, 686, 141, 3848, 1336, 2212, 673, 501, 1473, 543, 1737, 321, 1005, 297, 239, 1136, 104], [1031, 1128, 0, 1806, 1640, 1016, 1046, 988, 4946, 240, 3311, 1504, 1481, 1103, 1179, 2861, 994, 1670, 978, 1323, 41, 1031], [1184, 1119, 1806, 0, 963, 1188, 761, 1164, 3965, 2045, 1860, 1700, 670, 1314, 670, 1663, 1430, 138, 1401, 1226, 1836, 1184], [1615, 1611, 1640, 963, 0, 1610, 932, 1566, 4926, 1839, 2804, 2282, 1389, 634, 1082, 2623, 1828, 924, 1793, 1815, 1679, 1615], [17, 119, 1016, 1188, 1610, 0, 679, 48, 3949, 1220, 2330, 692, 599, 1426, 572, 1853, 245, 1068, 214, 321, 1023, 17], [684, 686, 1046, 761, 932, 679, 0, 636, 4317, 1285, 2415, 1357, 626, 843, 227, 2065, 900, 625, 866, 905, 1076, 684], [59, 141, 988, 1164, 1566, 48, 636, 0, 3984, 1197, 2346, 738, 592, 1379, 537, 1876, 277, 1042, 244, 361, 996, 59], [3933, 3848, 4946, 3965, 4926, 3949, 4317, 3984, 0, 5120, 2249, 3499, 3692, 5143, 4090, 2304, 3956, 4008, 3970, 3631, 4945, 3933], [1236, 1336, 240, 2045, 1839, 1220, 1285, 1197, 5120, 0, 3533, 1646, 1711, 1270, 1418, 3072, 1167, 1909, 1155, 1516, 214, 1236], [2315, 2212, 3311, 1860, 2804, 2330, 2415, 2346, 2249, 3533, 0, 2255, 1842, 3151, 2207, 588, 2460, 1940, 2455, 2083, 3325, 2315], [683, 673, 1504, 1700, 2282, 692, 1357, 738, 3499, 1646, 2255, 0, 1032, 2113, 1208, 1692, 545, 1608, 574, 484, 1495, 683], [589, 501, 1481, 670, 1389, 599, 626, 592, 3692, 1711, 1842, 1032, 0, 1458, 400, 1449, 820, 583, 797, 562, 1499, 589], [1436, 1473, 1103, 1314, 634, 1426, 843, 1379, 5143, 1270, 3151, 2113, 1458, 0, 1065, 2865, 1589, 1216, 1555, 1707, 1143, 1436], [572, 543, 1179, 670, 1082, 572, 227, 537, 4090, 1418, 2207, 1208, 400, 1065, 0, 1842, 813, 537, 780, 735, 1205, 572], [1838, 1737, 2861, 1663, 2623, 1853, 2065, 1876, 2304, 3072, 588, 1692, 1449, 2865, 1842, 0, 1951, 1706, 1951, 1576, 2871, 1838], [248, 321, 994, 1430, 1828, 245, 900, 277, 3956, 1167, 2460, 545, 820, 1589, 813, 1951, 0, 1311, 36, 379, 992, 248], [1064, 1005, 1670, 138, 924, 1068, 625, 1042, 4008, 1909, 1940, 1608, 583, 1216, 537, 1706, 1311, 0, 1281, 1129, 1699, 1064], [218, 297, 978, 1401, 1793, 214, 866, 244, 3970, 1155, 2455, 574, 797, 1555, 780, 1951, 36, 1281, 0, 377, 976, 218], [306, 239, 1323, 1226, 1815, 321, 905, 361, 3631, 1516, 2083, 484, 562, 1707, 735, 1576, 379, 1129, 377, 0, 1326, 306], [1038, 1136, 41, 1836, 1679, 1023, 1076, 996, 4945, 214, 3325, 1495, 1499, 1143, 1205, 2871, 992, 1699, 976, 1326, 0, 1038], [1, 104, 1031, 1184, 1615, 17, 684, 59, 3933, 1236, 2315, 683, 589, 1436, 572, 1838, 248, 1064, 218, 306, 1038, 0]]}