{'nodes': [(0, 6.725, 6.825, 0, 48000, 0, False), (1, 7.5, 11.0, 16335, 25530, 40, True), (2, 7.5, 2.0, 24681, 31567, 40, True), (3, 4.5, 0, 14756, 21572, 40, True), (4, 5.5, 12.5, 30180, 34250, 30, True), (5, 5.5, 6.0, 1269, 5497, 40, True), (6, 4.0, 1.0, 9316, 14428, 50, True), (7, 4.0, 7.0, 20415, 23328, 10, True), (8, 10.0, 8.0, 43358, 48000, 20, True), (9, 3.0, 8.0, 19416, 23031, 20, True), (10, 1.5, 5.0, 11573, 18110, 30, True), (11, 5.0, 13.5, 12403, 21993, 40, False), (12, 12.5, 6.0, 34208, 41153, 30, True), (13, 7.5, 9.5, 0, 6328, 50, True), (14, 3.0, 7.0, 17409, 22503, 10, True), (15, 7.0, 13.5, 0, 8123, 50, True), (16, 15.0, 4.5, 3104, 8321, 50, True), (17, 8.0, 7.5, 3365, 8116, 30, True), (18, 7.0, 9.0, 28916, 34045, 40, True), (19, 3.0, 5.0, 26816, 31972, 20, False), (20, 13.5, 0.5, 3389, 9153, 20, True), (21, 6.725, 6.825, 0, 48000, 0, False)], 'F': 20.0, 'ct': 0.083, 'cd': 0.021, 'truck_cap': 100, 'drone_cap': 20, 'truck_speed': 40, 'drone_speed': 40, 'a': 1, 'b': 2, 'max_flight_time': 30, 'ttt': [[0, 1275, 1467, 2155, 1743, 444, 1930, 820, 1045, 1173, 1661, 2069, 1751, 837, 1120, 2005, 2580, 434, 659, 1245, 2782, 1], [1275, 0, 2701, 3422, 751, 1617, 3179, 1596, 1173, 1623, 2547, 1062, 2122, 451, 1807, 766, 2978, 1062, 619, 2251, 3629, 1275], [1467, 2701, 0, 1083, 3208, 1343, 1093, 1832, 1951, 2251, 2013, 3532, 1922, 2251, 2019, 3454, 2373, 1658, 2106, 1623, 1856, 1467], [2155, 3422, 1083, 0, 3763, 1826, 336, 2106, 2913, 2443, 1750, 4054, 3001, 2990, 2149, 4120, 3428, 2484, 2803, 1567, 2705, 2155], [1743, 751, 3208, 3763, 0, 1951, 3480, 1711, 1910, 1545, 2551, 336, 2867, 1083, 1813, 542, 3727, 1678, 1143, 2373, 4328, 1743], [444, 1617, 1343, 1826, 1951, 0, 1567, 542, 1478, 961, 1238, 2256, 2101, 1210, 809, 2296, 2886, 876, 1007, 809, 2913, 444], [1930, 3179, 1093, 336, 3480, 1567, 0, 1801, 2767, 2122, 1416, 3763, 2959, 2759, 1826, 3857, 3464, 2291, 2564, 1238, 2855, 1930], [820, 1596, 1832, 2106, 1711, 542, 1801, 0, 1826, 425, 961, 1974, 2569, 1291, 301, 2149, 3385, 1210, 1083, 672, 3454, 820], [1045, 1173, 1951, 2913, 1910, 1478, 2767, 1826, 0, 2101, 2705, 2231, 961, 876, 2122, 1880, 1832, 619, 950, 2286, 2484, 1045], [1173, 1623, 2251, 2443, 1545, 961, 2122, 425, 2101, 0, 1007, 1757, 2913, 1424, 301, 2041, 3751, 1508, 1238, 901, 3872, 1173], [1661, 2547, 2013, 1750, 2551, 1238, 1416, 961, 2705, 1007, 0, 2759, 3315, 2251, 751, 3038, 4054, 2090, 2041, 451, 3846, 1661], [2069, 1062, 3532, 4054, 336, 2256, 3763, 1974, 2231, 1757, 2759, 0, 3183, 1416, 2041, 601, 4037, 2013, 1478, 2621, 4661, 2069], [1751, 2122, 1922, 3001, 2867, 2101, 2959, 2569, 961, 2913, 3315, 3183, 0, 1832, 2867, 2791, 876, 1424, 1880, 2867, 1678, 1751], [837, 451, 2251, 2990, 1083, 1210, 2759, 1291, 876, 1424, 2251, 1416, 1832, 0, 1545, 1210, 2705, 619, 213, 1910, 3246, 837], [1120, 1807, 2019, 2149, 1813, 809, 1826, 301, 2122, 301, 751, 2041, 2867, 1545, 0, 2291, 3678, 1508, 1343, 601, 3706, 1120], [2005, 766, 3454, 4120, 542, 2296, 3857, 2149, 1880, 2041, 3038, 601, 2791, 1210, 2291, 0, 3613, 1826, 1351, 2819, 4361, 2005], [2580, 2978, 2373, 3428, 3727, 2886, 3464, 3385, 1832, 3751, 4054, 4037, 876, 2705, 3678, 3613, 0, 2286, 2755, 3604, 1283, 2580], [434, 1062, 1658, 2484, 1678, 876, 2291, 1210, 619, 1508, 2090, 2013, 1424, 619, 1508, 1826, 2286, 0, 542, 1678, 2672, 434], [659, 619, 2106, 2803, 1143, 1007, 2564, 1083, 950, 1238, 2041, 1478, 1880, 213, 1343, 1351, 2755, 542, 0, 1698, 3211, 659], [1245, 2251, 1623, 1567, 2373, 809, 1238, 672, 2286, 901, 451, 2621, 2867, 1910, 601, 2819, 3604, 1678, 1698, 0, 3428, 1245], [2782, 3629, 1856, 2705, 4328, 2913, 2855, 3454, 2484, 3872, 3846, 4661, 1678, 3246, 3706, 4361, 1283, 2672, 3211, 3428, 0, 2782], [1, 1275, 1467, 2155, 1743, 444, 1930, 820, 1045, 1173, 1661, 2069, 1751, 837, 1120, 2005, 2580, 434, 659, 1245, 2782, 0]], 'ttd': [[0, 638, 734, 1078, 872, 223, 966, 411, 523, 587, 831, 1035, 876, 419, 560, 1003, 1290, 217, 330, 623, 1391, 1], [638, 0, 1351, 1711, 376, 809, 1590, 798, 587, 812, 1274, 531, 1062, 226, 904, 383, 1490, 531, 310, 1126, 1815, 638], [734, 1351, 0, 542, 1604, 672, 547, 916, 976, 1126, 1007, 1766, 961, 1126, 1010, 1728, 1187, 829, 1054, 812, 929, 734], [1078, 1711, 542, 0, 1882, 913, 169, 1054, 1457, 1222, 876, 2027, 1501, 1495, 1075, 2060, 1715, 1242, 1402, 784, 1353, 1078], [872, 376, 1604, 1882, 0, 976, 1741, 856, 956, 773, 1276, 169, 1434, 542, 907, 271, 1864, 840, 572, 1187, 2164, 872], [223, 809, 672, 913, 976, 0, 784, 271, 740, 481, 619, 1128, 1051, 606, 405, 1148, 1444, 438, 504, 405, 1457, 223], [966, 1590, 547, 169, 1741, 784, 0, 901, 1384, 1062, 709, 1882, 1480, 1380, 913, 1929, 1733, 1146, 1283, 619, 1428, 966], [411, 798, 916, 1054, 856, 271, 901, 0, 913, 213, 481, 987, 1285, 646, 151, 1075, 1693, 606, 542, 336, 1728, 411], [523, 587, 976, 1457, 956, 740, 1384, 913, 0, 1051, 1353, 1116, 481, 438, 1062, 941, 916, 310, 475, 1143, 1242, 523], [587, 812, 1126, 1222, 773, 481, 1062, 213, 1051, 0, 504, 879, 1457, 713, 151, 1021, 1876, 755, 619, 451, 1937, 587], [831, 1274, 1007, 876, 1276, 619, 709, 481, 1353, 504, 0, 1380, 1658, 1126, 376, 1520, 2027, 1046, 1021, 226, 1923, 831], [1035, 531, 1766, 2027, 169, 1128, 1882, 987, 1116, 879, 1380, 0, 1592, 709, 1021, 301, 2019, 1007, 740, 1311, 2331, 1035], [876, 1062, 961, 1501, 1434, 1051, 1480, 1285, 481, 1457, 1658, 1592, 0, 916, 1434, 1396, 438, 713, 941, 1434, 840, 876], [419, 226, 1126, 1495, 542, 606, 1380, 646, 438, 713, 1126, 709, 916, 0, 773, 606, 1353, 310, 107, 956, 1623, 419], [560, 904, 1010, 1075, 907, 405, 913, 151, 1062, 151, 376, 1021, 1434, 773, 0, 1146, 1840, 755, 672, 301, 1853, 560], [1003, 383, 1728, 2060, 271, 1148, 1929, 1075, 941, 1021, 1520, 301, 1396, 606, 1146, 0, 1807, 913, 676, 1410, 2181, 1003], [1290, 1490, 1187, 1715, 1864, 1444, 1733, 1693, 916, 1876, 2027, 2019, 438, 1353, 1840, 1807, 0, 1143, 1378, 1803, 642, 1290], [217, 531, 829, 1242, 840, 438, 1146, 606, 310, 755, 1046, 1007, 713, 310, 755, 913, 1143, 0, 271, 840, 1336, 217], [330, 310, 1054, 1402, 572, 504, 1283, 542, 475, 619, 1021, 740, 941, 107, 672, 676, 1378, 271, 0, 850, 1606, 330], [623, 1126, 812, 784, 1187, 405, 619, 336, 1143, 451, 226, 1311, 1434, 956, 301, 1410, 1803, 840, 850, 0, 1715, 623], [1391, 1815, 929, 1353, 2164, 1457, 1428, 1728, 1242, 1937, 1923, 2331, 840, 1623, 1853, 2181, 642, 1336, 1606, 1715, 0, 1391], [1, 638, 734, 1078, 872, 223, 966, 411, 523, 587, 831, 1035, 876, 419, 560, 1003, 1290, 217, 330, 623, 1391, 0]]}