{'nodes': [(0, 7.4, 6.0, 0, 48000, 0, False), (1, 8.0, 8.0, 0, 6005, 20, True), (2, 9.0, 3.5, 38508, 47419, 30, True), (3, 8.5, 6.5, 5034, 7080, 50, True), (4, 6.5, 10.5, 32270, 37767, 40, True), (5, 5.0, 1.5, 26938, 31069, 10, False), (6, 12.5, 7.0, 26576, 31019, 30, True), (7, 2.5, 6.5, 4477, 8811, 50, True), (8, 0, 5.0, 36580, 41198, 10, True), (9, 3.5, 9.5, 24936, 26615, 40, True), (10, 5.5, 7.5, 4364, 9217, 10, True), (11, 3.5, 5.5, 23301, 28354, 30, True), (12, 6.0, 7.0, 40758, 46312, 40, True), (13, 6.0, 0, 41655, 45910, 10, True), (14, 14.0, 2.0, 825, 6168, 40, True), (15, 8.5, 15.0, 8997, 13870, 50, True), (16, 1.5, 0.5, 25877, 30927, 50, True), (17, 4.5, 4.0, 23247, 26692, 30, False), (18, 13.0, 3.0, 9621, 13750, 20, True), (19, 15.0, 10.0, 5097, 9040, 40, True), (20, 15.0, 7.5, 3456, 6112, 10, True), (21, 7.4, 6.0, 0, 48000, 0, False)], 'F': 20.0, 'ct': 0.083, 'cd': 0.021, 'truck_cap': 100, 'drone_cap': 20, 'truck_speed': 40, 'drone_speed': 40, 'a': 1, 'b': 2, 'max_flight_time': 30, 'ttt': [[0, 627, 891, 363, 1378, 1531, 1560, 1479, 2241, 1573, 727, 1181, 517, 1849, 2316, 2721, 2421, 1058, 1907, 2578, 2325, 1], [627, 0, 1384, 475, 876, 2149, 1384, 1711, 2564, 1424, 766, 1545, 672, 2475, 2547, 2106, 2978, 1596, 2122, 2185, 2106, 627], [891, 1384, 0, 913, 2231, 1343, 1486, 2149, 2738, 2443, 1596, 1757, 1384, 1384, 1567, 3454, 2424, 1359, 1210, 2655, 2164, 891], [363, 475, 913, 0, 1343, 1832, 1210, 1801, 2590, 1750, 950, 1531, 766, 2090, 2133, 2551, 2767, 1416, 1711, 2216, 1974, 363], [1378, 876, 2231, 1343, 0, 2738, 2085, 1698, 2555, 950, 950, 1750, 1062, 3155, 3402, 1478, 3355, 2041, 2978, 2555, 2705, 1378], [1531, 2149, 1343, 1832, 2738, 0, 2791, 1678, 1832, 2443, 1807, 1283, 1678, 542, 2705, 4185, 1093, 766, 2443, 3938, 3500, 1531], [1560, 1384, 1486, 1210, 2085, 2791, 0, 3005, 3799, 2803, 2106, 2738, 1951, 2867, 1567, 2684, 3834, 2564, 1210, 1173, 766, 1560], [1479, 1711, 2149, 1801, 1698, 1678, 3005, 0, 876, 950, 950, 425, 1062, 2216, 3706, 3122, 1826, 961, 3321, 3895, 3763, 1479], [2241, 2564, 2738, 2590, 2555, 1832, 3799, 876, 0, 1711, 1813, 1062, 1898, 2344, 4296, 3938, 1424, 1384, 3947, 4744, 4563, 2241], [1573, 1424, 2443, 1750, 950, 2443, 2803, 950, 1711, 0, 850, 1201, 1062, 2948, 3872, 2231, 2767, 1678, 3454, 3454, 3503, 1573], [727, 766, 1596, 950, 950, 1807, 2106, 950, 1813, 850, 0, 850, 213, 2256, 3038, 2424, 2420, 1093, 2625, 2948, 2851, 727], [1181, 1545, 1757, 1531, 1750, 1283, 2738, 425, 1062, 1201, 850, 0, 876, 1813, 3321, 3222, 1617, 542, 2948, 3706, 3503, 1181], [517, 672, 1384, 766, 1062, 1678, 1951, 1062, 1898, 1062, 213, 876, 0, 2101, 2831, 2515, 2373, 1007, 2420, 2847, 2705, 517], [1849, 2475, 1384, 2090, 3155, 542, 2867, 2216, 2344, 2948, 2256, 1813, 2101, 0, 2475, 4563, 1359, 1283, 2286, 4037, 3516, 1849], [2316, 2547, 1567, 2133, 3402, 2705, 1567, 3706, 4296, 3872, 3038, 3321, 2831, 2475, 0, 4236, 3778, 2913, 425, 2420, 1678, 2316], [2721, 2106, 3454, 2551, 1478, 4185, 2684, 3122, 3938, 2231, 2424, 3222, 2515, 4563, 4236, 0, 4831, 3512, 3846, 2461, 2978, 2721], [2421, 2978, 2424, 2767, 3355, 1093, 3834, 1826, 1424, 2767, 2420, 1617, 2373, 1359, 3778, 4831, 0, 1384, 3532, 4953, 4563, 2421], [1058, 1596, 1359, 1416, 2041, 766, 2564, 961, 1384, 1678, 1093, 542, 1007, 1283, 2913, 3512, 1384, 0, 2569, 3629, 3321, 1058], [1907, 2122, 1210, 1711, 2978, 2443, 1210, 3321, 3947, 3454, 2625, 2948, 2420, 2286, 425, 3846, 3532, 2569, 0, 2185, 1478, 1907], [2578, 2185, 2655, 2216, 2555, 3938, 1173, 3895, 4744, 3454, 2948, 3706, 2847, 4037, 2420, 2461, 4953, 3629, 2185, 0, 751, 2578], [2325, 2106, 2164, 1974, 2705, 3500, 766, 3763, 4563, 3503, 2851, 3503, 2705, 3516, 1678, 2978, 4563, 3321, 1478, 751, 0, 2325], [1, 627, 891, 363, 1378, 1531, 1560, 1479, 2241, 1573, 727, 1181, 517, 1849, 2316, 2721, 2421, 1058, 1907, 2578, 2325, 0]], 'ttd': [[0, 314, 446, 182, 689, 766, 781, 740, 1121, 787, 364, 591, 259, 925, 1159, 1361, 1211, 529, 954, 1289, 1163, 1], [314, 0, 692, 238, 438, 1075, 692, 856, 1283, 713, 383, 773, 336, 1238, 1274, 1054, 1490, 798, 1062, 1093, 1054, 314], [446, 692, 0, 457, 1116, 672, 743, 1075, 1370, 1222, 798, 879, 692, 692, 784, 1728, 1213, 680, 606, 1328, 1083, 446], [182, 238, 457, 0, 672, 916, 606, 901, 1296, 876, 475, 766, 383, 1046, 1067, 1276, 1384, 709, 856, 1108, 987, 182], [689, 438, 1116, 672, 0, 1370, 1043, 850, 1278, 475, 475, 876, 531, 1578, 1701, 740, 1678, 1021, 1490, 1278, 1353, 689], [766, 1075, 672, 916, 1370, 0, 1396, 840, 916, 1222, 904, 642, 840, 271, 1353, 2093, 547, 383, 1222, 1970, 1750, 766], [781, 692, 743, 606, 1043, 1396, 0, 1503, 1900, 1402, 1054, 1370, 976, 1434, 784, 1343, 1918, 1283, 606, 587, 383, 781], [740, 856, 1075, 901, 850, 840, 1503, 0, 438, 475, 475, 213, 531, 1108, 1853, 1562, 913, 481, 1661, 1948, 1882, 740], [1121, 1283, 1370, 1296, 1278, 916, 1900, 438, 0, 856, 907, 531, 950, 1173, 2149, 1970, 713, 692, 1974, 2373, 2282, 1121], [787, 713, 1222, 876, 475, 1222, 1402, 475, 856, 0, 425, 601, 531, 1475, 1937, 1116, 1384, 840, 1728, 1728, 1752, 787], [364, 383, 798, 475, 475, 904, 1054, 475, 907, 425, 0, 425, 107, 1128, 1520, 1213, 1210, 547, 1313, 1475, 1426, 364], [591, 773, 879, 766, 876, 642, 1370, 213, 531, 601, 425, 0, 438, 907, 1661, 1611, 809, 271, 1475, 1853, 1752, 591], [259, 336, 692, 383, 531, 840, 976, 531, 950, 531, 107, 438, 0, 1051, 1416, 1258, 1187, 504, 1210, 1424, 1353, 259], [925, 1238, 692, 1046, 1578, 271, 1434, 1108, 1173, 1475, 1128, 907, 1051, 0, 1238, 2282, 680, 642, 1143, 2019, 1758, 925], [1159, 1274, 784, 1067, 1701, 1353, 784, 1853, 2149, 1937, 1520, 1661, 1416, 1238, 0, 2118, 1889, 1457, 213, 1210, 840, 1159], [1361, 1054, 1728, 1276, 740, 2093, 1343, 1562, 1970, 1116, 1213, 1611, 1258, 2282, 2118, 0, 2416, 1757, 1923, 1231, 1490, 1361], [1211, 1490, 1213, 1384, 1678, 547, 1918, 913, 713, 1384, 1210, 809, 1187, 680, 1889, 2416, 0, 692, 1766, 2477, 2282, 1211], [529, 798, 680, 709, 1021, 383, 1283, 481, 692, 840, 547, 271, 504, 642, 1457, 1757, 692, 0, 1285, 1815, 1661, 529], [954, 1062, 606, 856, 1490, 1222, 606, 1661, 1974, 1728, 1313, 1475, 1210, 1143, 213, 1923, 1766, 1285, 0, 1093, 740, 954], [1289, 1093, 1328, 1108, 1278, 1970, 587, 1948, 2373, 1728, 1475, 1853, 1424, 2019, 1210, 1231, 2477, 1815, 1093, 0, 376, 1289], [1163, 1054, 1083, 987, 1353, 1750, 383, 1882, 2282, 1752, 1426, 1752, 1353, 1758, 840, 1490, 2282, 1661, 740, 376, 0, 1163], [1, 314, 446, 182, 689, 766, 781, 740, 1121, 787, 364, 591, 259, 925, 1159, 1361, 1211, 529, 954, 1289, 1163, 0]]}