{'nodes': [(0, 9.0, 12.5, 0, 48000, 0, False), (1, 14.5, 12.0, 10641, 17748, 30, True), (2, 14.0, 13.0, 24829, 31264, 10, True), (3, 0, 9.0, 4557, 10441, 30, True), (4, 6.5, 6.0, 40853, 42215, 50, True), (5, 5.5, 2.0, 22312, 29175, 20, True), (6, 4.0, 7.0, 40304, 42052, 10, True), (7, 3.5, 9.5, 18087, 25907, 40, True), (8, 14.0, 0, 9147, 16359, 10, False), (9, 1.0, 11.0, 5059, 12719, 40, True), (10, 6.5, 0, 25000, 32655, 50, True), (11, 10.0, 11.5, 2755, 9352, 40, True), (12, 5.5, 12.0, 35072, 40002, 10, True), (13, 3.0, 12.5, 20996, 26382, 10, True), (14, 9.0, 5.5, 11969, 20985, 20, True), (15, 9.5, 3.0, 6460, 11296, 30, True), (16, 9.0, 12.0, 32929, 38473, 30, True), (17, 15.0, 9.0, 4206, 8757, 30, False), (18, 10.5, 5.0, 16439, 21405, 50, True), (19, 1.0, 13.0, 19117, 24504, 40, True), (20, 2.5, 11.0, 230, 6744, 40, True), (21, 9.0, 12.5, 0, 48000, 0, False)], 'F': 20.0, 'ct': 0.083, 'cd': 0.021, 'truck_cap': 100, 'drone_cap': 20, 'truck_speed': 40, 'drone_speed': 40, 'a': 1, 'b': 2, 'max_flight_time': 3000, 'ttt': [[0, 1658, 1508, 2898, 2090, 3321, 2231, 1880, 4040, 2443, 3825, 425, 1062, 1801, 2101, 2855, 151, 2085, 2296, 2406, 2002, 1], [1658, 0, 336, 4443, 3001, 4037, 3490, 3385, 3604, 4062, 4328, 1359, 2701, 3454, 2555, 3090, 1651, 913, 2420, 4062, 3613, 1658], [1508, 336, 0, 4369, 3079, 4171, 3500, 3321, 3901, 3947, 4503, 1283, 2569, 3304, 2705, 3291, 1531, 1238, 2621, 3901, 3503, 1508], [2898, 4443, 4369, 0, 2149, 2672, 1343, 1062, 4994, 672, 3332, 3093, 1880, 1384, 2898, 3372, 2847, 4501, 3372, 1238, 961, 2898], [2090, 3001, 3079, 2149, 0, 1238, 809, 1384, 2882, 2231, 1801, 1957, 1826, 2216, 766, 1274, 1951, 2705, 1238, 2672, 1922, 2090], [3321, 4037, 4171, 2672, 1238, 0, 1567, 2330, 2621, 3020, 672, 3155, 3001, 3239, 1486, 1238, 3179, 3541, 1750, 3566, 2847, 3321], [2231, 3490, 3500, 1343, 809, 1567, 0, 766, 3663, 1501, 2231, 2251, 1567, 1678, 1567, 2041, 2122, 3355, 2041, 2013, 1283, 2231], [1880, 3385, 3321, 1062, 1384, 2330, 766, 0, 4249, 876, 2990, 2041, 961, 913, 2041, 2655, 1813, 3454, 2497, 1291, 542, 1880], [4040, 3604, 3901, 4994, 2882, 2621, 3663, 4249, 0, 5110, 2251, 3654, 4413, 4996, 2231, 1623, 3901, 2718, 1832, 5516, 4775, 4040], [2443, 4062, 3947, 672, 2231, 3020, 1501, 876, 5110, 0, 3691, 2705, 1384, 751, 2913, 3503, 2420, 4244, 3372, 601, 451, 2443], [3825, 4328, 4503, 3332, 1801, 672, 2231, 2990, 2251, 3691, 0, 3607, 3613, 3895, 1813, 1274, 3678, 3715, 1922, 4236, 3512, 3825], [425, 1359, 1283, 3093, 1957, 3155, 2251, 2041, 3654, 2705, 3607, 0, 1359, 2122, 1826, 2555, 336, 1678, 1957, 2738, 2256, 425], [1062, 2701, 2569, 1880, 1826, 3001, 1567, 961, 4413, 1384, 3613, 1359, 0, 766, 2216, 2956, 1051, 2990, 2582, 1384, 950, 1062], [1801, 3454, 3304, 1384, 2216, 3239, 1678, 913, 4996, 751, 3895, 2122, 766, 0, 2767, 3454, 1807, 3751, 3183, 619, 475, 1801], [2101, 2555, 2705, 2898, 766, 1486, 1567, 2041, 2231, 2913, 1813, 1826, 2216, 2767, 0, 766, 1951, 2085, 475, 3291, 2555, 2101], [2855, 3090, 3291, 3372, 1274, 1238, 2041, 2655, 1623, 3503, 1274, 2555, 2956, 3454, 766, 0, 2705, 2443, 672, 3938, 3190, 2855], [151, 1651, 1531, 2847, 1951, 3179, 2122, 1813, 3901, 2420, 3678, 336, 1051, 1807, 1951, 2705, 0, 2013, 2149, 2420, 1974, 151], [2085, 913, 1238, 4501, 2705, 3541, 3355, 3454, 2718, 4244, 3715, 1678, 2990, 3751, 2085, 2443, 2013, 0, 1807, 4369, 3799, 2085], [2296, 2420, 2621, 3372, 1238, 1750, 2041, 2497, 1832, 3372, 1922, 1957, 2582, 3183, 475, 672, 2149, 1807, 0, 3727, 3001, 2296], [2406, 4062, 3901, 1238, 2672, 3566, 2013, 1291, 5516, 601, 4236, 2738, 1384, 619, 3291, 3938, 2420, 4369, 3727, 0, 751, 2406], [2002, 3613, 3503, 961, 1922, 2847, 1283, 542, 4775, 451, 3512, 2256, 950, 475, 2555, 3190, 1974, 3799, 3001, 751, 0, 2002], [1, 1658, 1508, 2898, 2090, 3321, 2231, 1880, 4040, 2443, 3825, 425, 1062, 1801, 2101, 2855, 151, 2085, 2296, 2406, 2002, 0]], 'ttd': [[0, 829, 755, 1449, 1046, 1661, 1116, 941, 2020, 1222, 1913, 213, 531, 901, 1051, 1428, 76, 1043, 1148, 1203, 1002, 1], [829, 0, 169, 2222, 1501, 2019, 1745, 1693, 1803, 2032, 2164, 680, 1351, 1728, 1278, 1545, 826, 457, 1210, 2032, 1807, 829], [755, 169, 0, 2185, 1540, 2086, 1750, 1661, 1951, 1974, 2252, 642, 1285, 1653, 1353, 1646, 766, 619, 1311, 1951, 1752, 755], [1449, 2222, 2185, 0, 1075, 1336, 672, 531, 2497, 336, 1666, 1547, 941, 692, 1449, 1686, 1424, 2251, 1686, 619, 481, 1449], [1046, 1501, 1540, 1075, 0, 619, 405, 692, 1442, 1116, 901, 979, 913, 1108, 383, 637, 976, 1353, 619, 1336, 961, 1046], [1661, 2019, 2086, 1336, 619, 0, 784, 1165, 1311, 1510, 336, 1578, 1501, 1620, 743, 619, 1590, 1771, 876, 1784, 1424, 1661], [1116, 1745, 1750, 672, 405, 784, 0, 383, 1832, 751, 1116, 1126, 784, 840, 784, 1021, 1062, 1678, 1021, 1007, 642, 1116], [941, 1693, 1661, 531, 692, 1165, 383, 0, 2125, 438, 1495, 1021, 481, 457, 1021, 1328, 907, 1728, 1249, 646, 271, 941], [2020, 1803, 1951, 2497, 1442, 1311, 1832, 2125, 0, 2555, 1126, 1827, 2207, 2499, 1116, 812, 1951, 1359, 916, 2759, 2388, 2020], [1222, 2032, 1974, 336, 1116, 1510, 751, 438, 2555, 0, 1846, 1353, 692, 376, 1457, 1752, 1210, 2122, 1686, 301, 226, 1222], [1913, 2164, 2252, 1666, 901, 336, 1116, 1495, 1126, 1846, 0, 1804, 1807, 1948, 907, 637, 1840, 1858, 961, 2118, 1757, 1913], [213, 680, 642, 1547, 979, 1578, 1126, 1021, 1827, 1353, 1804, 0, 680, 1062, 913, 1278, 169, 840, 979, 1370, 1128, 213], [531, 1351, 1285, 941, 913, 1501, 784, 481, 2207, 692, 1807, 680, 0, 383, 1108, 1478, 526, 1495, 1291, 692, 475, 531], [901, 1728, 1653, 692, 1108, 1620, 840, 457, 2499, 376, 1948, 1062, 383, 0, 1384, 1728, 904, 1876, 1592, 310, 238, 901], [1051, 1278, 1353, 1449, 383, 743, 784, 1021, 1116, 1457, 907, 913, 1108, 1384, 0, 383, 976, 1043, 238, 1646, 1278, 1051], [1428, 1545, 1646, 1686, 637, 619, 1021, 1328, 812, 1752, 637, 1278, 1478, 1728, 383, 0, 1353, 1222, 336, 1970, 1596, 1428], [76, 826, 766, 1424, 976, 1590, 1062, 907, 1951, 1210, 1840, 169, 526, 904, 976, 1353, 0, 1007, 1075, 1210, 987, 76], [1043, 457, 619, 2251, 1353, 1771, 1678, 1728, 1359, 2122, 1858, 840, 1495, 1876, 1043, 1222, 1007, 0, 904, 2185, 1900, 1043], [1148, 1210, 1311, 1686, 619, 876, 1021, 1249, 916, 1686, 961, 979, 1291, 1592, 238, 336, 1075, 904, 0, 1864, 1501, 1148], [1203, 2032, 1951, 619, 1336, 1784, 1007, 646, 2759, 301, 2118, 1370, 692, 310, 1646, 1970, 1210, 2185, 1864, 0, 376, 1203], [1002, 1807, 1752, 481, 961, 1424, 642, 271, 2388, 226, 1757, 1128, 475, 238, 1278, 1596, 987, 1900, 1501, 376, 0, 1002], [1, 829, 755, 1449, 1046, 1661, 1116, 941, 2020, 1222, 1913, 213, 531, 901, 1051, 1428, 76, 1043, 1148, 1203, 1002, 0]]}