{'nodes': [(0, 6.5, 0.5, 0, 48000, 0, False), (1, 15.0, 14.5, 26048, 29253, 20, True), (2, 3.5, 0, 24195, 27787, 50, True), (3, 7.0, 2.5, 19191, 22586, 10, True), (4, 11.5, 10.0, 28822, 33576, 30, True), (5, 12.5, 14.0, 20657, 29552, 10, True), (6, 3.5, 4.0, 3969, 6767, 10, True), (7, 5.0, 9.5, 41169, 48000, 20, True), (8, 14.5, 8.5, 13790, 22315, 40, False), (9, 11.0, 14.0, 18662, 23951, 10, True), (10, 9.0, 14.0, 17836, 22434, 10, True), (11, 9.0, 4.0, 40035, 46979, 30, True), (12, 6.5, 3.0, 40810, 48000, 20, True), (13, 13.5, 1.5, 19369, 29680, 50, True), (14, 8.0, 15.0, 16208, 23992, 50, True), (15, 0.5, 11.0, 2968, 12156, 30, True), (16, 9.5, 5.0, 39150, 44250, 30, True), (17, 2.5, 15.0, 9066, 13318, 40, True), (18, 4.5, 14.0, 24576, 27136, 50, True), (19, 2.0, 4.0, 15428, 19120, 30, False), (20, 10.5, 11.0, 14278, 19552, 20, True), (21, 6.5, 0.5, 0, 48000, 0, False)], 'F': 20.0, 'ct': 0.083, 'cd': 0.021, 'truck_cap': 100, 'drone_cap': 20, 'truck_speed': 40, 'drone_speed': 40, 'a': 1, 'b': 2, 'max_flight_time': 30, 'ttt': [[0, 4915, 913, 619, 3222, 4433, 1384, 2738, 3395, 4270, 4120, 1291, 751, 2122, 4374, 3629, 1623, 4513, 4095, 1711, 3372, 1], [4915, 0, 5553, 4328, 1711, 766, 4673, 3355, 1807, 1210, 1807, 3629, 4291, 3927, 2106, 4476, 3294, 3754, 3155, 5014, 1711, 4915], [913, 5553, 0, 1291, 3843, 4994, 1201, 2886, 4171, 4766, 4513, 2041, 1274, 3035, 4699, 3422, 2344, 4511, 4212, 1283, 3913, 913], [619, 4328, 1291, 0, 2625, 3825, 1143, 2185, 2882, 3654, 3503, 751, 213, 1974, 3763, 3211, 1062, 3987, 3532, 1567, 2759, 619], [3222, 1711, 3843, 2625, 0, 1238, 3001, 1957, 1007, 1210, 1416, 1951, 2582, 2621, 1832, 3315, 1617, 3090, 2420, 3372, 425, 3222], [4433, 766, 4994, 3825, 1238, 0, 4037, 2625, 1757, 451, 1051, 3179, 3760, 3763, 1384, 3712, 2847, 3016, 2401, 4351, 1083, 4433], [1384, 4673, 1201, 1143, 3001, 4037, 0, 1711, 3566, 3751, 3425, 1651, 950, 3093, 3566, 2286, 1826, 3315, 3016, 451, 2971, 1384], [2738, 3355, 2886, 2185, 1957, 2625, 1711, 0, 2867, 2251, 1807, 2041, 2002, 3503, 1880, 1424, 1910, 1813, 1359, 1880, 1711, 2738], [3395, 1807, 4171, 2882, 1007, 1757, 3566, 2867, 0, 1957, 2334, 2133, 2913, 2122, 2759, 4267, 1832, 4095, 3425, 3987, 1416, 3395], [4270, 1210, 4766, 3654, 1210, 451, 3751, 2251, 1957, 0, 601, 3060, 3566, 3825, 950, 3277, 2738, 2569, 1951, 4037, 913, 4270], [4120, 1807, 4513, 3503, 1416, 1051, 3425, 1807, 2334, 601, 0, 3001, 3385, 3987, 425, 2705, 2705, 1974, 1351, 3663, 1007, 4120], [1291, 3629, 2041, 751, 1951, 3179, 1651, 2041, 2133, 3060, 3001, 0, 809, 1545, 3315, 3304, 336, 3834, 3291, 2101, 2149, 1291], [751, 4291, 1274, 213, 2582, 3760, 950, 2002, 2913, 3566, 3385, 809, 0, 2149, 3629, 3001, 1083, 3796, 3355, 1384, 2684, 751], [2122, 3927, 3035, 1974, 2621, 3763, 3093, 3503, 2122, 3825, 3987, 1545, 2149, 0, 4374, 4831, 1596, 5225, 4622, 3532, 2990, 2122], [4374, 2106, 4699, 3763, 1832, 1384, 3566, 1880, 2759, 950, 425, 3315, 3629, 4374, 0, 2551, 3035, 1651, 1093, 3760, 1416, 4374], [3629, 4476, 3422, 3211, 3315, 3712, 2286, 1424, 4267, 3277, 2705, 3304, 3001, 4831, 2551, 0, 3246, 1343, 1501, 2149, 3001, 3629], [1623, 3294, 2344, 1062, 1617, 2847, 1826, 1910, 1832, 2738, 2705, 336, 1083, 1596, 3035, 3246, 0, 3663, 3090, 2271, 1826, 1623], [4513, 3754, 4511, 3987, 3090, 3016, 3315, 1813, 4095, 2569, 1974, 3834, 3796, 5225, 1651, 1343, 3663, 0, 672, 3304, 2684, 4513], [4095, 3155, 4212, 3532, 2420, 2401, 3016, 1359, 3425, 1951, 1351, 3291, 3355, 4622, 1093, 1501, 3090, 672, 0, 3093, 2013, 4095], [1711, 5014, 1283, 1567, 3372, 4351, 451, 1880, 3987, 4037, 3663, 2101, 1384, 3532, 3760, 2149, 2271, 3304, 3093, 0, 3304, 1711], [3372, 1711, 3913, 2759, 425, 1083, 2971, 1711, 1416, 913, 1007, 2149, 2684, 2990, 1416, 3001, 1826, 2684, 2013, 3304, 0, 3372], [1, 4915, 913, 619, 3222, 4433, 1384, 2738, 3395, 4270, 4120, 1291, 751, 2122, 4374, 3629, 1623, 4513, 4095, 1711, 3372, 0]], 'ttd': [[0, 2458, 457, 310, 1611, 2217, 692, 1370, 1698, 2136, 2060, 646, 376, 1062, 2188, 1815, 812, 2257, 2048, 856, 1686, 1], [2458, 0, 2777, 2164, 856, 383, 2337, 1678, 904, 606, 904, 1815, 2146, 1964, 1054, 2238, 1648, 1877, 1578, 2508, 856, 2458], [457, 2777, 0, 646, 1922, 2497, 601, 1444, 2086, 2383, 2257, 1021, 637, 1518, 2350, 1711, 1173, 2256, 2106, 642, 1957, 457], [310, 2164, 646, 0, 1313, 1913, 572, 1093, 1442, 1827, 1752, 376, 107, 987, 1882, 1606, 531, 1994, 1766, 784, 1380, 310], [1611, 856, 1922, 1313, 0, 619, 1501, 979, 504, 606, 709, 976, 1291, 1311, 916, 1658, 809, 1545, 1210, 1686, 213, 1611], [2217, 383, 2497, 1913, 619, 0, 2019, 1313, 879, 226, 526, 1590, 1880, 1882, 692, 1856, 1424, 1508, 1201, 2176, 542, 2217], [692, 2337, 601, 572, 1501, 2019, 0, 856, 1784, 1876, 1713, 826, 475, 1547, 1784, 1143, 913, 1658, 1508, 226, 1486, 692], [1370, 1678, 1444, 1093, 979, 1313, 856, 0, 1434, 1126, 904, 1021, 1002, 1752, 941, 713, 956, 907, 680, 941, 856, 1370], [1698, 904, 2086, 1442, 504, 879, 1784, 1434, 0, 979, 1168, 1067, 1457, 1062, 1380, 2134, 916, 2048, 1713, 1994, 709, 1698], [2136, 606, 2383, 1827, 606, 226, 1876, 1126, 979, 0, 301, 1531, 1784, 1913, 475, 1639, 1370, 1285, 976, 2019, 457, 2136], [2060, 904, 2257, 1752, 709, 526, 1713, 904, 1168, 301, 0, 1501, 1693, 1994, 213, 1353, 1353, 987, 676, 1832, 504, 2060], [646, 1815, 1021, 376, 976, 1590, 826, 1021, 1067, 1531, 1501, 0, 405, 773, 1658, 1653, 169, 1918, 1646, 1051, 1075, 646], [376, 2146, 637, 107, 1291, 1880, 475, 1002, 1457, 1784, 1693, 405, 0, 1075, 1815, 1501, 542, 1898, 1678, 692, 1343, 376], [1062, 1964, 1518, 987, 1311, 1882, 1547, 1752, 1062, 1913, 1994, 773, 1075, 0, 2188, 2416, 798, 2613, 2311, 1766, 1495, 1062], [2188, 1054, 2350, 1882, 916, 692, 1784, 941, 1380, 475, 213, 1658, 1815, 2188, 0, 1276, 1518, 826, 547, 1880, 709, 2188], [1815, 2238, 1711, 1606, 1658, 1856, 1143, 713, 2134, 1639, 1353, 1653, 1501, 2416, 1276, 0, 1623, 672, 751, 1075, 1501, 1815], [812, 1648, 1173, 531, 809, 1424, 913, 956, 916, 1370, 1353, 169, 542, 798, 1518, 1623, 0, 1832, 1545, 1136, 913, 812], [2257, 1877, 2256, 1994, 1545, 1508, 1658, 907, 2048, 1285, 987, 1918, 1898, 2613, 826, 672, 1832, 0, 336, 1653, 1343, 2257], [2048, 1578, 2106, 1766, 1210, 1201, 1508, 680, 1713, 976, 676, 1646, 1678, 2311, 547, 751, 1545, 336, 0, 1547, 1007, 2048], [856, 2508, 642, 784, 1686, 2176, 226, 941, 1994, 2019, 1832, 1051, 692, 1766, 1880, 1075, 1136, 1653, 1547, 0, 1653, 856], [1686, 856, 1957, 1380, 213, 542, 1486, 856, 709, 457, 504, 1075, 1343, 1495, 709, 1501, 913, 1343, 1007, 1653, 0, 1686], [1, 2458, 457, 310, 1611, 2217, 692, 1370, 1698, 2136, 2060, 646, 376, 1062, 2188, 1815, 812, 2257, 2048, 856, 1686, 0]]}