{'nodes': [(0, 10.5, 0.5, 0, 48000, 0, False), (1, 2.5, 6.5, 36918, 43636, 40, True), (2, 10.0, 4.5, 15368, 24390, 40, True), (3, 13.0, 3.0, 16602, 19030, 40, True), (4, 12.5, 15.0, 17404, 26777, 50, True), (5, 2.5, 8.0, 16316, 22221, 50, True), (6, 3.5, 12.5, 41427, 45827, 10, False), (7, 0, 5.5, 17150, 21544, 50, True), (8, 6.5, 1.0, 515, 4349, 20, True), (9, 12.5, 12.0, 4548, 10101, 20, True), (10, 14.5, 3.5, 29980, 37648, 10, True), (11, 6.5, 11.5, 40610, 47778, 40, True), (12, 9.5, 7.0, 20185, 27462, 10, True), (13, 15.0, 5.0, 22321, 24931, 50, True), (14, 7.5, 11.0, 24661, 27519, 10, True), (15, 10.0, 15.0, 29198, 38305, 30, True), (16, 0, 2.0, 8457, 16395, 10, True), (17, 1.5, 12.5, 23063, 33430, 10, True), (18, 7.0, 2.5, 22364, 30784, 50, True), (19, 11.5, 5.0, 27571, 31522, 40, True), (20, 7.5, 2.0, 5029, 13600, 20, False), (21, 10.5, 0.5, 0, 48000, 0, False)], 'F': 20.0, 'ct': 0.083, 'cd': 0.021, 'truck_cap': 100, 'drone_cap': 20, 'truck_speed': 40, 'drone_speed': 40, 'a': 1, 'b': 2, 'max_flight_time': 3000, 'ttt': [[0, 3001, 1210, 1062, 4392, 3291, 4169, 3490, 1210, 3503, 1501, 3512, 1974, 1910, 3277, 4354, 3183, 4501, 1210, 1384, 1007, 1], [3001, 0, 2330, 3321, 3938, 451, 1826, 809, 2041, 3425, 3712, 1922, 2106, 3778, 2019, 3402, 1545, 1826, 1807, 2738, 2019, 3001], [1210, 2330, 0, 1007, 3239, 2484, 3093, 3016, 1486, 2373, 1384, 2349, 766, 1508, 2090, 3151, 3093, 3503, 1083, 475, 1062, 1210], [1062, 3321, 1007, 0, 3604, 3490, 4032, 3972, 2041, 2705, 475, 3211, 1596, 850, 2913, 3712, 3913, 4476, 1807, 751, 1678, 1062], [4392, 3938, 3239, 3604, 0, 3663, 2803, 4711, 4570, 901, 3503, 2085, 2564, 3093, 1922, 751, 5411, 3385, 4098, 3016, 4180, 4392], [3291, 451, 2484, 3490, 3663, 0, 1384, 1062, 2420, 3232, 3846, 1596, 2122, 3857, 1750, 3079, 1951, 1384, 2133, 2847, 2344, 3291], [4169, 1826, 3093, 4032, 2803, 1384, 0, 2349, 3566, 2705, 4265, 950, 2443, 4120, 1283, 2090, 3321, 601, 3179, 3291, 3372, 4169], [3490, 809, 3016, 3972, 4711, 1062, 2349, 0, 2373, 4228, 4392, 2655, 2886, 4503, 2791, 4139, 1051, 2149, 2286, 3454, 2484, 3490], [1210, 2041, 1486, 2041, 4570, 2420, 3566, 2373, 0, 3760, 2515, 3151, 2013, 2819, 3016, 4330, 1974, 3763, 475, 1922, 425, 1210], [3503, 3425, 2373, 2705, 901, 3232, 2705, 4228, 3760, 0, 2621, 1807, 1750, 2231, 1531, 1173, 4803, 3304, 3294, 2122, 3355, 3503], [1501, 3712, 1384, 475, 3503, 3846, 4265, 4392, 2515, 2621, 0, 3395, 1832, 475, 3079, 3706, 4374, 4744, 2271, 1007, 2149, 1501], [3512, 1922, 2349, 3211, 2085, 1596, 950, 2655, 3151, 1807, 3395, 0, 1623, 3211, 336, 1486, 3454, 1531, 2705, 2461, 2867, 3512], [1974, 2106, 766, 1596, 2564, 2122, 2443, 2886, 2013, 1750, 1832, 1623, 0, 1757, 1343, 2406, 3222, 2913, 1545, 850, 1617, 1974], [1910, 3778, 1508, 850, 3093, 3857, 4120, 4503, 2819, 2231, 475, 3211, 1757, 0, 2882, 3355, 4590, 4634, 2515, 1051, 2424, 1910], [3277, 2019, 2090, 2913, 1922, 1750, 1283, 2791, 3016, 1531, 3079, 336, 1343, 2882, 0, 1416, 3516, 1856, 2555, 2164, 2701, 3277], [4354, 3402, 3151, 3712, 751, 3079, 2090, 4139, 4330, 1173, 3706, 1486, 2406, 3355, 1416, 0, 4921, 2659, 3857, 3035, 3972, 4354], [3183, 1545, 3093, 3913, 5411, 1951, 3321, 1051, 1974, 4803, 4374, 3454, 3222, 4590, 3516, 4921, 0, 3183, 2106, 3566, 2251, 3183], [4501, 1826, 3503, 4476, 3385, 1384, 601, 2149, 3763, 3304, 4744, 1531, 2913, 4634, 1856, 2659, 3183, 0, 3425, 3751, 3629, 4501], [1210, 1807, 1083, 1807, 4098, 2133, 3179, 2286, 475, 3294, 2271, 2705, 1545, 2515, 2555, 3857, 2106, 3425, 0, 1545, 213, 1210], [1384, 2738, 475, 751, 3016, 2847, 3291, 3454, 1922, 2122, 1007, 2461, 850, 1051, 2164, 3035, 3566, 3751, 1545, 0, 1501, 1384], [1007, 2019, 1062, 1678, 4180, 2344, 3372, 2484, 425, 3355, 2149, 2867, 1617, 2424, 2701, 3972, 2251, 3629, 213, 1501, 0, 1007], [1, 3001, 1210, 1062, 4392, 3291, 4169, 3490, 1210, 3503, 1501, 3512, 1974, 1910, 3277, 4354, 3183, 4501, 1210, 1384, 1007, 0]], 'ttd': [[0, 1501, 606, 531, 2197, 1646, 2085, 1745, 606, 1752, 751, 1757, 987, 956, 1639, 2177, 1592, 2251, 606, 692, 504, 1], [1501, 0, 1165, 1661, 1970, 226, 913, 405, 1021, 1713, 1856, 961, 1054, 1889, 1010, 1701, 773, 913, 904, 1370, 1010, 1501], [606, 1165, 0, 504, 1620, 1242, 1547, 1508, 743, 1187, 692, 1175, 383, 755, 1046, 1576, 1547, 1752, 542, 238, 531, 606], [531, 1661, 504, 0, 1803, 1745, 2016, 1987, 1021, 1353, 238, 1606, 798, 425, 1457, 1856, 1957, 2238, 904, 376, 840, 531], [2197, 1970, 1620, 1803, 0, 1832, 1402, 2356, 2286, 451, 1752, 1043, 1283, 1547, 961, 376, 2706, 1693, 2049, 1508, 2090, 2197], [1646, 226, 1242, 1745, 1832, 0, 692, 531, 1210, 1617, 1923, 798, 1062, 1929, 876, 1540, 976, 692, 1067, 1424, 1173, 1646], [2085, 913, 1547, 2016, 1402, 692, 0, 1175, 1784, 1353, 2133, 475, 1222, 2060, 642, 1046, 1661, 301, 1590, 1646, 1686, 2085], [1745, 405, 1508, 1987, 2356, 531, 1175, 0, 1187, 2114, 2197, 1328, 1444, 2252, 1396, 2070, 526, 1075, 1143, 1728, 1242, 1745], [606, 1021, 743, 1021, 2286, 1210, 1784, 1187, 0, 1880, 1258, 1576, 1007, 1410, 1508, 2166, 987, 1882, 238, 961, 213, 606], [1752, 1713, 1187, 1353, 451, 1617, 1353, 2114, 1880, 0, 1311, 904, 876, 1116, 766, 587, 2402, 1653, 1648, 1062, 1678, 1752], [751, 1856, 692, 238, 1752, 1923, 2133, 2197, 1258, 1311, 0, 1698, 916, 238, 1540, 1853, 2188, 2373, 1136, 504, 1075, 751], [1757, 961, 1175, 1606, 1043, 798, 475, 1328, 1576, 904, 1698, 0, 812, 1606, 169, 743, 1728, 766, 1353, 1231, 1434, 1757], [987, 1054, 383, 798, 1283, 1062, 1222, 1444, 1007, 876, 916, 812, 0, 879, 672, 1203, 1611, 1457, 773, 425, 809, 987], [956, 1889, 755, 425, 1547, 1929, 2060, 2252, 1410, 1116, 238, 1606, 879, 0, 1442, 1678, 2296, 2318, 1258, 526, 1213, 956], [1639, 1010, 1046, 1457, 961, 876, 642, 1396, 1508, 766, 1540, 169, 672, 1442, 0, 709, 1758, 929, 1278, 1083, 1351, 1639], [2177, 1701, 1576, 1856, 376, 1540, 1046, 2070, 2166, 587, 1853, 743, 1203, 1678, 709, 0, 2461, 1330, 1929, 1518, 1987, 2177], [1592, 773, 1547, 1957, 2706, 976, 1661, 526, 987, 2402, 2188, 1728, 1611, 2296, 1758, 2461, 0, 1592, 1054, 1784, 1126, 1592], [2251, 913, 1752, 2238, 1693, 692, 301, 1075, 1882, 1653, 2373, 766, 1457, 2318, 929, 1330, 1592, 0, 1713, 1876, 1815, 2251], [606, 904, 542, 904, 2049, 1067, 1590, 1143, 238, 1648, 1136, 1353, 773, 1258, 1278, 1929, 1054, 1713, 0, 773, 107, 606], [692, 1370, 238, 376, 1508, 1424, 1646, 1728, 961, 1062, 504, 1231, 425, 526, 1083, 1518, 1784, 1876, 773, 0, 751, 692], [504, 1010, 531, 840, 2090, 1173, 1686, 1242, 213, 1678, 1075, 1434, 809, 1213, 1351, 1987, 1126, 1815, 107, 751, 0, 504], [1, 1501, 606, 531, 2197, 1646, 2085, 1745, 606, 1752, 751, 1757, 987, 956, 1639, 2177, 1592, 2251, 606, 692, 504, 0]]}