{'nodes': [(0, 7.9, 6.557142857142857, 0, 48000, 0, False), (1, 6.5, 11.0, 29001, 34099, 10, False), (2, 11.5, 1.0, 5407, 10931, 10, True), (3, 1.0, 5.5, 10005, 17570, 40, False), (4, 2.0, 0, 22781, 28175, 30, True), (5, 5.0, 9.5, 35095, 41687, 10, True), (6, 9.5, 8.0, 1, 8072, 30, True), (7, 12.5, 7.5, 16209, 26158, 30, True), (8, 15.0, 14.5, 17883, 25027, 20, True), (9, 12.5, 14.5, 13043, 20211, 50, True), (10, 2.0, 13.5, 29527, 36972, 10, True), (11, 1.0, 2.5, 14309, 18596, 30, True), (12, 11.0, 5.5, 35718, 42265, 20, True), (13, 13.0, 13.0, 32965, 40752, 30, True), (14, 5.0, 2.0, 4491, 14384, 30, True), (15, 0, 0, 6357, 11503, 10, True), (16, 4.0, 2.5, 13716, 17241, 30, False), (17, 14.5, 5.5, 17727, 23578, 30, True), (18, 8.5, 13.5, 42651, 47485, 50, True), (19, 12.5, 2.5, 32826, 40095, 10, True), (20, 7.0, 14.5, 19161, 23428, 10, True), (21, 2.5, 5.5, 16517, 21411, 30, True), (22, 11.0, 11.5, 10408, 19538, 50, True), (23, 9.5, 0.5, 17051, 25554, 20, True), (24, 10.0, 13.0, 20978, 26453, 30, True), (25, 2.0, 14.0, 1767, 5343, 30, True), (26, 0, 0, 2264, 7426, 20, True), (27, 10.5, 2.0, 18400, 23830, 30, True), (28, 8.0, 12.0, 2568, 5256, 40, True), (29, 13.5, 5.0, 23344, 29503, 40, True), (30, 3.0, 9.0, 22318, 28630, 30, True), (31, 14.0, 0, 41539, 44900, 40, True), (32, 6.5, 0, 21136, 26195, 30, True), (33, 11.0, 2.0, 0, 6893, 10, True), (34, 10.5, 1.5, 4524, 11225, 20, True), (35, 10.5, 7.0, 35800, 40707, 40, True), (36, 7.9, 6.557142857142857, 0, 48000, 0, False)], 'F': 20.0, 'ct': 0.083, 'cd': 0.021, 'truck_cap': 100, 'drone_cap': 20, 'truck_speed': 40, 'drone_speed': 40, 'a': 1, 'b': 2, 'max_flight_time': 3000, 'ttt': [[0, 1398, 1987, 2095, 2647, 1240, 647, 1410, 3197, 2755, 2734, 2402, 984, 2466, 1621, 3081, 1689, 2006, 2092, 1841, 2399, 1652, 1751, 1880, 2034, 2850, 3081, 1575, 1634, 1745, 1644, 2688, 2012, 1654, 1707, 792, 1], [1398, 0, 3355, 2334, 3566, 637, 1274, 2085, 2759, 2085, 1545, 3038, 2133, 2041, 2738, 3834, 2659, 2913, 961, 3122, 1062, 2041, 1359, 3277, 1210, 1623, 3834, 2956, 542, 2767, 1210, 3995, 3301, 3020, 3093, 1698, 1398], [1987, 3355, 0, 3428, 2867, 3211, 2185, 1974, 4185, 4062, 4711, 3183, 1359, 3629, 1974, 3464, 2296, 1623, 3857, 542, 4270, 3020, 3155, 619, 3629, 4831, 3464, 425, 3464, 1343, 3503, 809, 1531, 336, 336, 1826, 1987], [2095, 2334, 3428, 0, 1678, 1698, 2659, 3503, 4994, 4382, 2420, 901, 3001, 4246, 1596, 1678, 1274, 4051, 3291, 3566, 3246, 451, 3500, 2959, 3516, 2569, 1678, 3038, 2867, 3754, 1210, 4236, 2334, 3179, 3093, 2886, 2095], [2647, 3566, 2867, 1678, 0, 2990, 3291, 3872, 5843, 5372, 4051, 809, 3165, 5110, 1083, 601, 961, 4098, 4496, 3239, 4602, 1658, 4382, 2256, 4580, 4201, 601, 2621, 4026, 3763, 2718, 3601, 1351, 2767, 2590, 3304, 2647], [1240, 637, 3211, 1698, 2990, 0, 1424, 2330, 3355, 2705, 1501, 2420, 2164, 2621, 2251, 3222, 2122, 3093, 1596, 3079, 1617, 1416, 1898, 3020, 1832, 1623, 3222, 2791, 1173, 2886, 619, 3927, 2886, 2882, 2913, 1813, 1240], [647, 1274, 2185, 2659, 3291, 1424, 0, 913, 2555, 2149, 2791, 3038, 876, 1832, 2251, 3727, 2334, 1678, 1678, 1880, 2090, 2231, 1143, 2251, 1508, 2882, 3727, 1826, 1283, 1501, 1974, 2755, 2564, 1856, 1974, 425, 647], [1410, 2085, 1974, 3503, 3872, 2330, 913, 0, 2231, 2101, 3629, 3763, 751, 1658, 2791, 4374, 2959, 850, 2164, 1501, 2672, 3060, 1283, 2286, 1813, 3706, 4374, 1757, 1910, 809, 2886, 2296, 2882, 1711, 1898, 619, 1410], [3197, 2759, 4185, 4994, 5843, 3355, 2555, 2231, 0, 751, 3913, 5533, 2956, 751, 4803, 6260, 4885, 2705, 1974, 3678, 2401, 4622, 1501, 4513, 1567, 3904, 6260, 3987, 2231, 2886, 3961, 4361, 5043, 3938, 4128, 2625, 3197], [2755, 2085, 4062, 4382, 5372, 2705, 2149, 2101, 751, 0, 3165, 4987, 2738, 475, 4374, 5744, 4413, 2767, 1238, 3601, 1651, 4037, 1007, 4296, 876, 3155, 5744, 3799, 1545, 2867, 3294, 4374, 4709, 3778, 3947, 2330, 2755], [2734, 1545, 4711, 2420, 4051, 1501, 2791, 3629, 3913, 3165, 0, 3315, 3613, 3304, 3566, 4095, 3355, 4453, 1951, 4563, 1531, 2406, 2767, 4503, 2406, 151, 4095, 4291, 1856, 4291, 1384, 5420, 4270, 4382, 4413, 3211, 2734], [2402, 3038, 3183, 901, 809, 2420, 3038, 3763, 5533, 4987, 3315, 0, 3133, 4785, 1210, 809, 901, 4150, 3995, 3451, 4026, 1007, 4037, 2621, 4150, 3464, 809, 2855, 3541, 3825, 2041, 3972, 1813, 3005, 2867, 3155, 2402], [984, 2133, 1359, 3001, 3165, 2164, 876, 751, 2956, 2738, 3613, 3133, 0, 2330, 2085, 3691, 2286, 1051, 2515, 1007, 2956, 2551, 1801, 1567, 2271, 3715, 3691, 1062, 2149, 766, 2621, 1880, 2133, 1051, 1210, 475, 984], [2466, 2041, 3629, 4246, 5110, 2621, 1832, 1658, 751, 475, 3304, 4785, 2330, 0, 4081, 5516, 4150, 2296, 1359, 3155, 1856, 3872, 751, 3895, 901, 3315, 5516, 3385, 1531, 2406, 3232, 3913, 4361, 3355, 3532, 1951, 2466], [1621, 2738, 1974, 1596, 1083, 2251, 2251, 2791, 4803, 4374, 3566, 1210, 2085, 4081, 0, 1617, 336, 3038, 3607, 2256, 3799, 1291, 3372, 1424, 3626, 3712, 1617, 1651, 3133, 2705, 2185, 2767, 751, 1801, 1658, 2231, 1621], [3081, 3834, 3464, 1678, 601, 3222, 3727, 4374, 6260, 5744, 4095, 809, 3691, 5516, 1617, 0, 1416, 4653, 4787, 3825, 4831, 1813, 4775, 2855, 4921, 4244, 1, 3208, 4328, 4320, 2847, 4201, 1951, 3355, 3183, 3787, 3081], [1689, 2659, 2296, 1274, 961, 2122, 2334, 2959, 4885, 4413, 3355, 901, 2286, 4150, 336, 1416, 0, 3277, 3566, 2551, 3712, 1007, 3422, 1757, 3629, 3503, 1416, 1957, 3093, 2948, 1974, 3093, 1062, 2106, 1974, 2373, 1689], [2006, 2913, 1623, 4051, 4098, 3093, 1678, 850, 2705, 2767, 4453, 4150, 1051, 2296, 3038, 4653, 3277, 0, 3001, 1083, 3516, 3601, 2085, 2122, 2625, 4536, 4653, 1596, 2759, 336, 3607, 1658, 2913, 1486, 1698, 1283, 2006], [2092, 961, 3857, 3291, 4496, 1596, 1678, 2164, 1974, 1238, 1951, 3995, 2515, 1359, 3607, 4787, 3566, 3001, 0, 3512, 542, 3001, 961, 3913, 475, 1957, 4787, 3503, 475, 2959, 2133, 4374, 4095, 3532, 3651, 2041, 2092], [1841, 3122, 542, 3566, 3239, 3079, 1880, 1501, 3678, 3601, 4563, 3451, 1007, 3155, 2256, 3825, 2551, 1083, 3512, 0, 3961, 3133, 2738, 1083, 3239, 4673, 3825, 619, 3155, 809, 3454, 876, 1951, 475, 672, 1478, 1841], [2399, 1062, 4270, 3246, 4602, 1617, 2090, 2672, 2401, 1651, 1531, 4026, 2956, 1856, 3799, 4831, 3712, 3516, 542, 3961, 0, 3020, 1501, 4267, 1007, 1508, 4831, 3895, 809, 3454, 2041, 4831, 4354, 3938, 4040, 2484, 2399], [1652, 2041, 3020, 451, 1658, 1416, 2231, 3060, 4622, 4037, 2406, 1007, 2551, 3872, 1291, 1813, 1007, 3601, 3001, 3133, 3020, 0, 3122, 2582, 3183, 2555, 1813, 2621, 2555, 3304, 1062, 3825, 2041, 2759, 2684, 2443, 1652], [1751, 1359, 3155, 3500, 4382, 1898, 1143, 1283, 1501, 1007, 2767, 4037, 1801, 751, 3372, 4775, 3422, 2085, 961, 2738, 1501, 3122, 0, 3332, 542, 2803, 4775, 2855, 913, 2090, 2515, 3566, 3706, 2851, 3005, 1359, 1751], [1880, 3277, 619, 2959, 2256, 3020, 2251, 2286, 4513, 4296, 4503, 2621, 1567, 3895, 1424, 2855, 1757, 2122, 3913, 1083, 4267, 2582, 3332, 0, 3754, 4634, 2855, 542, 3480, 1807, 3211, 1359, 913, 637, 425, 1974, 1880], [2034, 1210, 3629, 3516, 4580, 1832, 1508, 1813, 1567, 876, 2406, 4150, 2271, 901, 3626, 4921, 3629, 2625, 475, 3239, 1007, 3183, 542, 3754, 0, 2420, 4921, 3304, 672, 2621, 2420, 4081, 4040, 3315, 3454, 1807, 2034], [2850, 1623, 4831, 2569, 4201, 1623, 2882, 3706, 3904, 3155, 151, 3464, 3715, 3315, 3712, 4244, 3503, 4536, 1957, 4673, 1508, 2555, 2803, 4634, 2420, 0, 4244, 4413, 1898, 4382, 1531, 5533, 4413, 4501, 4536, 3304, 2850], [3081, 3834, 3464, 1678, 601, 3222, 3727, 4374, 6260, 5744, 4095, 809, 3691, 5516, 1617, 1, 1416, 4653, 4787, 3825, 4831, 1813, 4775, 2855, 4921, 4244, 0, 3208, 4328, 4320, 2847, 4201, 1951, 3355, 3183, 3787, 3081], [1575, 2956, 425, 3038, 2621, 2791, 1826, 1757, 3987, 3799, 4291, 2855, 1062, 3385, 1651, 3208, 1957, 1596, 3503, 619, 3895, 2621, 2855, 542, 3304, 4413, 3208, 0, 3093, 1274, 3079, 1210, 1343, 151, 151, 1501, 1575], [1634, 542, 3464, 2867, 4026, 1173, 1283, 1910, 2231, 1545, 1856, 3541, 2149, 1531, 3133, 4328, 3093, 2759, 475, 3155, 809, 2555, 913, 3480, 672, 1898, 4328, 3093, 0, 2672, 1750, 4026, 3629, 3133, 3239, 1678, 1634], [1745, 2767, 1343, 3754, 3763, 2886, 1501, 809, 2886, 2867, 4291, 3825, 766, 2406, 2705, 4320, 2948, 336, 2959, 809, 3454, 3304, 2090, 1807, 2621, 4382, 4320, 1274, 2672, 0, 3372, 1508, 2582, 1173, 1384, 1083, 1745], [1644, 1210, 3503, 1210, 2718, 619, 1974, 2886, 3961, 3294, 1384, 2041, 2621, 3232, 2185, 2847, 1974, 3607, 2133, 3454, 2041, 1062, 2515, 3211, 2420, 1531, 2847, 3079, 1750, 3372, 0, 4265, 2898, 3190, 3183, 2330, 1644], [2688, 3995, 809, 4236, 3601, 3927, 2755, 2296, 4361, 4374, 5420, 3972, 1880, 3913, 2767, 4201, 3093, 1658, 4374, 876, 4831, 3825, 3566, 1359, 4081, 5533, 4201, 1210, 4026, 1508, 4265, 0, 2251, 1083, 1143, 2349, 2688], [2012, 3301, 1531, 2334, 1351, 2886, 2564, 2882, 5043, 4709, 4270, 1813, 2133, 4361, 751, 1951, 1062, 2913, 4095, 1951, 4354, 2041, 3706, 913, 4040, 4413, 1951, 1343, 3629, 2582, 2898, 2251, 0, 1478, 1283, 2420, 2012], [1654, 3020, 336, 3179, 2767, 2882, 1856, 1711, 3938, 3778, 4382, 3005, 1051, 3355, 1801, 3355, 2106, 1486, 3532, 475, 3938, 2759, 2851, 637, 3315, 4501, 3355, 151, 3133, 1173, 3190, 1083, 1478, 0, 213, 1508, 1654], [1707, 3093, 336, 3093, 2590, 2913, 1974, 1898, 4128, 3947, 4413, 2867, 1210, 3532, 1658, 3183, 1974, 1698, 3651, 672, 4040, 2684, 3005, 425, 3454, 4536, 3183, 151, 3239, 1384, 3183, 1143, 1283, 213, 0, 1651, 1707], [792, 1698, 1826, 2886, 3304, 1813, 425, 619, 2625, 2330, 3211, 3155, 475, 1951, 2231, 3787, 2373, 1283, 2041, 1478, 2484, 2443, 1359, 1974, 1807, 3304, 3787, 1501, 1678, 1083, 2330, 2349, 2420, 1508, 1651, 0, 792], [1, 1398, 1987, 2095, 2647, 1240, 647, 1410, 3197, 2755, 2734, 2402, 984, 2466, 1621, 3081, 1689, 2006, 2092, 1841, 2399, 1652, 1751, 1880, 2034, 2850, 3081, 1575, 1634, 1745, 1644, 2688, 2012, 1654, 1707, 792, 0]], 'ttd': [[0, 700, 994, 1048, 1324, 621, 324, 705, 1599, 1378, 1368, 1202, 492, 1234, 811, 1541, 845, 1004, 1046, 921, 1200, 826, 876, 941, 1017, 1426, 1541, 788, 818, 873, 822, 1344, 1007, 828, 854, 397, 1], [700, 0, 1678, 1168, 1784, 319, 637, 1043, 1380, 1043, 773, 1520, 1067, 1021, 1370, 1918, 1330, 1457, 481, 1562, 531, 1021, 680, 1639, 606, 812, 1918, 1478, 271, 1384, 606, 1998, 1651, 1510, 1547, 850, 700], [994, 1678, 0, 1715, 1434, 1606, 1093, 987, 2093, 2032, 2356, 1592, 680, 1815, 987, 1733, 1148, 812, 1929, 271, 2136, 1510, 1578, 310, 1815, 2416, 1733, 213, 1733, 672, 1752, 405, 766, 169, 169, 913, 994], [1048, 1168, 1715, 0, 840, 850, 1330, 1752, 2497, 2191, 1210, 451, 1501, 2124, 798, 840, 637, 2026, 1646, 1784, 1623, 226, 1750, 1480, 1758, 1285, 840, 1520, 1434, 1877, 606, 2118, 1168, 1590, 1547, 1444, 1048], [1324, 1784, 1434, 840, 0, 1495, 1646, 1937, 2922, 2686, 2026, 405, 1583, 2555, 542, 301, 481, 2049, 2248, 1620, 2302, 829, 2191, 1128, 2291, 2101, 301, 1311, 2013, 1882, 1359, 1801, 676, 1384, 1296, 1653, 1324], [621, 319, 1606, 850, 1495, 0, 713, 1165, 1678, 1353, 751, 1210, 1083, 1311, 1126, 1611, 1062, 1547, 798, 1540, 809, 709, 950, 1510, 916, 812, 1611, 1396, 587, 1444, 310, 1964, 1444, 1442, 1457, 907, 621], [324, 637, 1093, 1330, 1646, 713, 0, 457, 1278, 1075, 1396, 1520, 438, 916, 1126, 1864, 1168, 840, 840, 941, 1046, 1116, 572, 1126, 755, 1442, 1864, 913, 642, 751, 987, 1378, 1283, 929, 987, 213, 324], [705, 1043, 987, 1752, 1937, 1165, 457, 0, 1116, 1051, 1815, 1882, 376, 829, 1396, 2188, 1480, 425, 1083, 751, 1336, 1531, 642, 1143, 907, 1853, 2188, 879, 956, 405, 1444, 1148, 1442, 856, 950, 310, 705], [1599, 1380, 2093, 2497, 2922, 1678, 1278, 1116, 0, 376, 1957, 2767, 1478, 376, 2402, 3130, 2443, 1353, 987, 1840, 1201, 2311, 751, 2257, 784, 1952, 3130, 1994, 1116, 1444, 1981, 2181, 2522, 1970, 2065, 1313, 1599], [1378, 1043, 2032, 2191, 2686, 1353, 1075, 1051, 376, 0, 1583, 2494, 1370, 238, 2188, 2873, 2207, 1384, 619, 1801, 826, 2019, 504, 2149, 438, 1578, 2873, 1900, 773, 1434, 1648, 2188, 2355, 1889, 1974, 1165, 1378], [1368, 773, 2356, 1210, 2026, 751, 1396, 1815, 1957, 1583, 0, 1658, 1807, 1653, 1784, 2048, 1678, 2227, 976, 2282, 766, 1203, 1384, 2252, 1203, 76, 2048, 2146, 929, 2146, 692, 2710, 2136, 2191, 2207, 1606, 1368], [1202, 1520, 1592, 451, 405, 1210, 1520, 1882, 2767, 2494, 1658, 0, 1567, 2393, 606, 405, 451, 2075, 1998, 1726, 2013, 504, 2019, 1311, 2075, 1733, 405, 1428, 1771, 1913, 1021, 1987, 907, 1503, 1434, 1578, 1202], [492, 1067, 680, 1501, 1583, 1083, 438, 376, 1478, 1370, 1807, 1567, 0, 1165, 1043, 1846, 1143, 526, 1258, 504, 1478, 1276, 901, 784, 1136, 1858, 1846, 531, 1075, 383, 1311, 941, 1067, 526, 606, 238, 492], [1234, 1021, 1815, 2124, 2555, 1311, 916, 829, 376, 238, 1653, 2393, 1165, 0, 2041, 2759, 2075, 1148, 680, 1578, 929, 1937, 376, 1948, 451, 1658, 2759, 1693, 766, 1203, 1617, 1957, 2181, 1678, 1766, 976, 1234], [811, 1370, 987, 798, 542, 1126, 1126, 1396, 2402, 2188, 1784, 606, 1043, 2041, 0, 809, 169, 1520, 1804, 1128, 1900, 646, 1686, 713, 1813, 1856, 809, 826, 1567, 1353, 1093, 1384, 376, 901, 829, 1116, 811], [1541, 1918, 1733, 840, 301, 1611, 1864, 2188, 3130, 2873, 2048, 405, 1846, 2759, 809, 0, 709, 2327, 2394, 1913, 2416, 907, 2388, 1428, 2461, 2122, 1, 1604, 2164, 2160, 1424, 2101, 976, 1678, 1592, 1894, 1541], [845, 1330, 1148, 637, 481, 1062, 1168, 1480, 2443, 2207, 1678, 451, 1143, 2075, 169, 709, 0, 1639, 1784, 1276, 1856, 504, 1711, 879, 1815, 1752, 709, 979, 1547, 1475, 987, 1547, 531, 1054, 987, 1187, 845], [1004, 1457, 812, 2026, 2049, 1547, 840, 425, 1353, 1384, 2227, 2075, 526, 1148, 1520, 2327, 1639, 0, 1501, 542, 1758, 1801, 1043, 1062, 1313, 2268, 2327, 798, 1380, 169, 1804, 829, 1457, 743, 850, 642, 1004], [1046, 481, 1929, 1646, 2248, 798, 840, 1083, 987, 619, 976, 1998, 1258, 680, 1804, 2394, 1784, 1501, 0, 1757, 271, 1501, 481, 1957, 238, 979, 2394, 1752, 238, 1480, 1067, 2188, 2048, 1766, 1826, 1021, 1046], [921, 1562, 271, 1784, 1620, 1540, 941, 751, 1840, 1801, 2282, 1726, 504, 1578, 1128, 1913, 1276, 542, 1757, 0, 1981, 1567, 1370, 542, 1620, 2337, 1913, 310, 1578, 405, 1728, 438, 976, 238, 336, 740, 921], [1200, 531, 2136, 1623, 2302, 809, 1046, 1336, 1201, 826, 766, 2013, 1478, 929, 1900, 2416, 1856, 1758, 271, 1981, 0, 1510, 751, 2134, 504, 755, 2416, 1948, 405, 1728, 1021, 2416, 2177, 1970, 2020, 1242, 1200], [826, 1021, 1510, 226, 829, 709, 1116, 1531, 2311, 2019, 1203, 504, 1276, 1937, 646, 907, 504, 1801, 1501, 1567, 1510, 0, 1562, 1291, 1592, 1278, 907, 1311, 1278, 1653, 531, 1913, 1021, 1380, 1343, 1222, 826], [876, 680, 1578, 1750, 2191, 950, 572, 642, 751, 504, 1384, 2019, 901, 376, 1686, 2388, 1711, 1043, 481, 1370, 751, 1562, 0, 1666, 271, 1402, 2388, 1428, 457, 1046, 1258, 1784, 1853, 1426, 1503, 680, 876], [941, 1639, 310, 1480, 1128, 1510, 1126, 1143, 2257, 2149, 2252, 1311, 784, 1948, 713, 1428, 879, 1062, 1957, 542, 2134, 1291, 1666, 0, 1877, 2318, 1428, 271, 1741, 904, 1606, 680, 457, 319, 213, 987, 941], [1017, 606, 1815, 1758, 2291, 916, 755, 907, 784, 438, 1203, 2075, 1136, 451, 1813, 2461, 1815, 1313, 238, 1620, 504, 1592, 271, 1877, 0, 1210, 2461, 1653, 336, 1311, 1210, 2041, 2020, 1658, 1728, 904, 1017], [1426, 812, 2416, 1285, 2101, 812, 1442, 1853, 1952, 1578, 76, 1733, 1858, 1658, 1856, 2122, 1752, 2268, 979, 2337, 755, 1278, 1402, 2318, 1210, 0, 2122, 2207, 950, 2191, 766, 2767, 2207, 2251, 2268, 1653, 1426], [1541, 1918, 1733, 840, 301, 1611, 1864, 2188, 3130, 2873, 2048, 405, 1846, 2759, 809, 1, 709, 2327, 2394, 1913, 2416, 907, 2388, 1428, 2461, 2122, 0, 1604, 2164, 2160, 1424, 2101, 976, 1678, 1592, 1894, 1541], [788, 1478, 213, 1520, 1311, 1396, 913, 879, 1994, 1900, 2146, 1428, 531, 1693, 826, 1604, 979, 798, 1752, 310, 1948, 1311, 1428, 271, 1653, 2207, 1604, 0, 1547, 637, 1540, 606, 672, 76, 76, 751, 788], [818, 271, 1733, 1434, 2013, 587, 642, 956, 1116, 773, 929, 1771, 1075, 766, 1567, 2164, 1547, 1380, 238, 1578, 405, 1278, 457, 1741, 336, 950, 2164, 1547, 0, 1336, 876, 2013, 1815, 1567, 1620, 840, 818], [873, 1384, 672, 1877, 1882, 1444, 751, 405, 1444, 1434, 2146, 1913, 383, 1203, 1353, 2160, 1475, 169, 1480, 405, 1728, 1653, 1046, 904, 1311, 2191, 2160, 637, 1336, 0, 1686, 755, 1291, 587, 692, 542, 873], [822, 606, 1752, 606, 1359, 310, 987, 1444, 1981, 1648, 692, 1021, 1311, 1617, 1093, 1424, 987, 1804, 1067, 1728, 1021, 531, 1258, 1606, 1210, 766, 1424, 1540, 876, 1686, 0, 2133, 1449, 1596, 1592, 1165, 822], [1344, 1998, 405, 2118, 1801, 1964, 1378, 1148, 2181, 2188, 2710, 1987, 941, 1957, 1384, 2101, 1547, 829, 2188, 438, 2416, 1913, 1784, 680, 2041, 2767, 2101, 606, 2013, 755, 2133, 0, 1126, 542, 572, 1175, 1344], [1007, 1651, 766, 1168, 676, 1444, 1283, 1442, 2522, 2355, 2136, 907, 1067, 2181, 376, 976, 531, 1457, 2048, 976, 2177, 1021, 1853, 457, 2020, 2207, 976, 672, 1815, 1291, 1449, 1126, 0, 740, 642, 1210, 1007], [828, 1510, 169, 1590, 1384, 1442, 929, 856, 1970, 1889, 2191, 1503, 526, 1678, 901, 1678, 1054, 743, 1766, 238, 1970, 1380, 1426, 319, 1658, 2251, 1678, 76, 1567, 587, 1596, 542, 740, 0, 107, 755, 828], [854, 1547, 169, 1547, 1296, 1457, 987, 950, 2065, 1974, 2207, 1434, 606, 1766, 829, 1592, 987, 850, 1826, 336, 2020, 1343, 1503, 213, 1728, 2268, 1592, 76, 1620, 692, 1592, 572, 642, 107, 0, 826, 854], [397, 850, 913, 1444, 1653, 907, 213, 310, 1313, 1165, 1606, 1578, 238, 976, 1116, 1894, 1187, 642, 1021, 740, 1242, 1222, 680, 987, 904, 1653, 1894, 751, 840, 542, 1165, 1175, 1210, 755, 826, 0, 397], [1, 700, 994, 1048, 1324, 621, 324, 705, 1599, 1378, 1368, 1202, 492, 1234, 811, 1541, 845, 1004, 1046, 921, 1200, 826, 876, 941, 1017, 1426, 1541, 788, 818, 873, 822, 1344, 1007, 828, 854, 397, 0]]}