{'nodes': [(0, 0, 0, 0, 48000, 0, False), (1, -0.13058773429885215, 4.920803319929653, 22216, 30924, 50, False), (2, 0.14836432283248785, -5.393991479680671, 348, 7980, 10, True), (3, 1.9059084511959692, -4.896720852814789, 41915, 48000, 20, True), (4, -1.61927193892778, -0.4504824865761999, 41911, 47046, 40, True), (5, 9.728462573297033, 6.745392187375195, 26147, 30907, 30, True), (6, 1.9572044842669007, -7.480705892539938, 16349, 22214, 40, True), (7, 0.4794411750894949, -6.0220332239179255, 20419, 28539, 30, True), (8, 9.222975041165338, -5.94398361064856, 17259, 24427, 30, True), (9, 12.435061332445589, 1.6092326109893014, 11311, 15626, 40, True), (10, 15.64029165485489, 8.100005312189975, 31492, 37994, 50, True), (11, 11.988930343196563, 5.178639752691544, 10870, 14405, 30, True), (12, -1.3416920059434154, -7.92275652873954, 30936, 36698, 20, True), (13, -2.7225598029241103, 0.23578419703613077, 0, 3849, 40, True), (14, 1.9862113819767218, -1.0936925791419274, 2960, 7838, 40, True), (15, 0.33178432275764574, 0.5341289403395402, 0, 4919, 20, True), (16, 4.412671210540214, 0.3240069778107873, 2154, 11914, 30, True), (17, -4.3205098437137615, -0.8756012883173196, 7336, 16352, 50, True), (18, 7.625258614117665, 18.36443017440195, 25483, 32237, 40, True), (19, -6.001717659627676, 12.504794894069265, 6365, 10604, 20, True), (20, -7.129801922638984, 8.189472048722743, 9975, 14113, 10, True), (21, -3.3766907300811, 5.791350680961511, 1248, 7015, 40, True), (22, 6.724888221692772, 6.564388067288265, 19697, 24103, 50, True), (23, -1.696550741550684, -3.159177804484685, 33972, 43167, 50, False), (24, 2.2085470079358083, 0.6102931458902328, 21715, 30804, 50, True), (25, -1.5748302807351209, -3.287235835336864, 39200, 42921, 40, True), (26, -7.629914940001526, 3.475700453498282, 896, 6432, 10, True), (27, 1.5782129333692891, -7.227960720004649, 4984, 13486, 10, True), (28, 9.091004024218291, 3.0742947845465247, 8023, 18056, 20, True), (29, 3.330854980042637, 6.15796249158784, 30851, 37833, 10, True), (30, 1.789309707055066, 6.696432745848457, 7760, 13370, 10, True), (31, -7.275243061596916, -3.8256992594180197, 5151, 10828, 10, False), (32, -0.03217931382943556, -0.052018190103696245, 19185, 27676, 10, True), (33, -8.88570959027765, -11.811734558675516, 1102, 8810, 20, True), (34, -0.18932441897943716, -0.6598215382887672, 36666, 43840, 40, True), (35, -3.2869497210586127, -9.871167917640502, 29682, 34436, 20, True), (36, 0, 0, 0, 48000, 0, False)], 'F': 20.0, 'ct': 0.083, 'cd': 0.021, 'truck_cap': 100, 'drone_cap': 20, 'truck_speed': 40, 'drone_speed': 40, 'a': 1, 'b': 2, 'max_flight_time': 3000, 'ttt': [[0, 1478, 1620, 1577, 505, 3552, 2321, 1813, 3293, 3763, 5285, 3919, 2412, 821, 681, 190, 1328, 1324, 5966, 4162, 3258, 2012, 2820, 1077, 688, 1094, 2516, 2220, 2880, 2101, 2080, 2467, 19, 4435, 207, 3122, 1], [1478, 0, 3097, 3009, 1673, 3009, 3774, 3289, 4302, 3899, 4827, 3638, 3871, 1607, 1914, 1324, 1940, 2147, 4657, 2878, 2318, 1009, 2116, 2470, 1472, 2501, 2292, 3682, 2822, 1104, 786, 3389, 1493, 5666, 1675, 4538, 1478], [1620, 3097, 0, 549, 1576, 4640, 829, 214, 2728, 4244, 6164, 4763, 882, 1897, 1404, 1780, 2141, 1908, 7473, 5679, 4624, 3519, 4095, 870, 1905, 818, 3540, 699, 3696, 3596, 3661, 2277, 1605, 3325, 1425, 1694, 1620], [1577, 3009, 549, 0, 1703, 4209, 776, 546, 2218, 3714, 5674, 4277, 1333, 2074, 1142, 1697, 1738, 2225, 7187, 5735, 4772, 3578, 3731, 1201, 1656, 1151, 3808, 707, 3220, 3345, 3479, 2774, 1566, 3846, 1419, 2158, 1577], [505, 1673, 1576, 1703, 0, 4032, 2367, 1787, 3647, 4262, 5779, 4419, 2244, 391, 1100, 657, 1825, 821, 6290, 4104, 3075, 1946, 3271, 814, 1193, 852, 2155, 2249, 3384, 2478, 2376, 1977, 492, 4047, 435, 2871, 505], [3552, 3009, 4640, 4209, 4032, 0, 4864, 4731, 3811, 1743, 1821, 826, 5514, 4216, 3306, 3380, 2502, 4796, 3543, 5026, 5077, 3943, 904, 4537, 2913, 4535, 5300, 4854, 1119, 1928, 2383, 6008, 3569, 7886, 3714, 6333, 3552], [2321, 3774, 829, 776, 2367, 4864, 0, 624, 2229, 4162, 6222, 4847, 1000, 2708, 1917, 2454, 2456, 2735, 7939, 6455, 5435, 4292, 4451, 1699, 2429, 1646, 4369, 138, 3823, 4113, 4254, 2980, 2308, 3504, 2146, 1730, 2321], [1813, 3289, 214, 546, 1787, 4731, 624, 0, 2624, 4256, 6217, 4819, 791, 2110, 1547, 1968, 2241, 2112, 7625, 5889, 4837, 3729, 4216, 1080, 2057, 1027, 3748, 490, 3759, 3754, 3837, 2419, 1799, 3304, 1622, 1617, 1813], [3293, 4302, 2728, 2218, 3647, 3811, 2229, 2624, 0, 2463, 4633, 3439, 3226, 4036, 2615, 3301, 2371, 4339, 7309, 7177, 6485, 5166, 3828, 3382, 2881, 3337, 5793, 2327, 2707, 4039, 4400, 4991, 3292, 5712, 3239, 3935, 3293], [3763, 3899, 4244, 3714, 4262, 1743, 4162, 4256, 2463, 0, 2173, 1080, 5027, 4567, 3239, 3646, 2438, 5083, 5231, 6426, 6194, 4908, 2269, 4475, 3084, 4453, 6046, 4201, 1096, 3054, 3541, 6135, 3774, 7559, 3849, 5841, 3763], [5285, 4827, 6164, 5674, 5779, 1821, 6222, 6217, 4633, 2173, 0, 1404, 7005, 5994, 4939, 5124, 4098, 6567, 3908, 6627, 6832, 5748, 2715, 6203, 4615, 6193, 7119, 6241, 2478, 3740, 4178, 7751, 5301, 9478, 5429, 7831, 5285], [3919, 3638, 4763, 4277, 4419, 826, 4847, 4819, 3439, 1080, 1404, 0, 5608, 4657, 3543, 3765, 2700, 5220, 4168, 5829, 5807, 4614, 1634, 4809, 3239, 4798, 5909, 4860, 1075, 2615, 3095, 6380, 3934, 8076, 4053, 6434, 3919], [2412, 3871, 882, 1333, 2244, 5514, 1000, 791, 3226, 5027, 7005, 5608, 0, 2483, 2280, 2587, 3018, 2296, 8333, 6287, 5137, 4160, 4975, 1434, 2774, 1393, 3906, 901, 4549, 4452, 4486, 2164, 2395, 2547, 2207, 827, 2412], [821, 1607, 1897, 2074, 391, 4216, 2708, 2110, 4036, 4567, 5994, 4657, 2483, 0, 1469, 922, 2142, 585, 6263, 3811, 2729, 1679, 3412, 1065, 1485, 1113, 1765, 2585, 3646, 2542, 2365, 1831, 813, 4061, 807, 3038, 821], [681, 1914, 1404, 1142, 1100, 3306, 1917, 1547, 2615, 3239, 4939, 3543, 2280, 1469, 0, 697, 844, 1894, 6079, 4732, 3904, 2619, 2703, 1268, 517, 1256, 3195, 1845, 2472, 2214, 2339, 2898, 682, 4581, 667, 3073, 681], [190, 1324, 1780, 1697, 657, 3380, 2454, 1968, 3301, 3646, 5124, 3765, 2587, 922, 697, 0, 1227, 1459, 5780, 4064, 3208, 1931, 2638, 1265, 564, 1282, 2547, 2359, 2737, 1913, 1901, 2631, 208, 4623, 392, 3306, 190], [1328, 1940, 2141, 1738, 1825, 2502, 2456, 2241, 2371, 2438, 4098, 2700, 3018, 2142, 844, 1227, 0, 2646, 5498, 4809, 4191, 2856, 1997, 2111, 668, 2099, 3735, 2421, 1629, 1781, 2068, 3722, 1339, 5402, 1413, 3834, 1328], [1324, 2147, 1908, 2225, 821, 4796, 2735, 2112, 4339, 5083, 6567, 5220, 2296, 585, 1894, 1459, 2646, 0, 6795, 4047, 2848, 2021, 3996, 1045, 2010, 1097, 1641, 2602, 4195, 3119, 2920, 1254, 1311, 3556, 1242, 2717, 1324], [5966, 4657, 7473, 7187, 6290, 3543, 7939, 7625, 7309, 5231, 3908, 4168, 8333, 6263, 6079, 5780, 5498, 6795, 0, 4451, 5378, 5013, 3551, 7038, 5570, 7059, 6396, 7890, 4609, 3883, 3915, 8020, 5984, 10320, 6171, 9082, 5966], [4162, 2878, 5679, 5735, 4104, 5026, 6455, 5889, 7177, 6426, 6627, 5829, 6287, 3811, 4732, 4064, 4809, 4047, 4451, 0, 1339, 2164, 4214, 4874, 4337, 4921, 2753, 6343, 5340, 3387, 2916, 4915, 4172, 7347, 4318, 6763, 4162], [3258, 2318, 4624, 4772, 3075, 5077, 5435, 4837, 6485, 6194, 6832, 5807, 5137, 2729, 3904, 3208, 4191, 2848, 5378, 1339, 0, 1337, 4186, 3776, 3609, 3826, 1423, 5313, 5103, 3198, 2714, 3606, 3264, 6024, 3375, 5540, 3258], [2012, 1009, 3519, 3578, 1946, 3943, 4292, 3729, 5166, 4908, 5748, 4614, 4160, 1679, 2619, 1931, 2856, 2021, 5013, 2164, 1337, 0, 3040, 2733, 2286, 2778, 1454, 4180, 3829, 2016, 1574, 3114, 2021, 5534, 2160, 4700, 2012], [2820, 2116, 4095, 3731, 3271, 904, 4451, 4216, 3828, 2269, 2715, 1634, 4975, 3412, 2703, 2638, 1997, 3996, 3551, 4214, 4186, 3040, 0, 3860, 2243, 3866, 4406, 4417, 1266, 1026, 1482, 5231, 2838, 7235, 3001, 5774, 2820], [1077, 2470, 870, 1201, 814, 4537, 1699, 1080, 3382, 4475, 6203, 4809, 1434, 1065, 1268, 1265, 2111, 1045, 7038, 4874, 3776, 2733, 3860, 0, 1629, 54, 2671, 1568, 3739, 3177, 3137, 1687, 1058, 3376, 877, 2070, 1077], [688, 1472, 1905, 1656, 1193, 2913, 2429, 2057, 2881, 3084, 4615, 3239, 2774, 1485, 517, 564, 668, 2010, 5570, 4337, 3609, 2286, 2243, 1629, 0, 1631, 3075, 2360, 2194, 1699, 1831, 3142, 702, 4998, 815, 3551, 688], [1094, 2501, 818, 1151, 852, 4535, 1646, 1027, 3337, 4453, 6193, 4798, 1393, 1113, 1256, 1282, 2099, 1097, 7059, 4921, 3826, 2778, 3866, 54, 1631, 0, 2724, 1515, 3727, 3194, 3162, 1719, 1076, 3370, 892, 2042, 1094], [2516, 2292, 3540, 3808, 2155, 5300, 4369, 3748, 5793, 6046, 7119, 5909, 3906, 1765, 3195, 2547, 3735, 1641, 6396, 2753, 1423, 1454, 4406, 2671, 3075, 2724, 0, 4237, 5019, 3386, 2987, 2194, 2514, 4603, 2555, 4212, 2516], [2220, 3682, 699, 707, 2249, 4854, 138, 490, 2327, 4201, 6241, 4860, 901, 2585, 1845, 2359, 2421, 2602, 7890, 6343, 5313, 4180, 4417, 1568, 2360, 1515, 4237, 0, 3826, 4051, 4179, 2846, 2207, 3428, 2042, 1662, 2220], [2880, 2822, 3696, 3220, 3384, 1119, 3823, 3759, 2707, 1096, 2478, 1075, 4549, 3646, 2472, 2737, 1629, 4195, 4609, 5340, 5103, 3829, 1266, 3739, 2194, 3727, 5019, 3826, 0, 1961, 2446, 5329, 2894, 7003, 3002, 5374, 2880], [2101, 1104, 3596, 3345, 2478, 1928, 4113, 3754, 4039, 3054, 3740, 2615, 4452, 2542, 2214, 1913, 1781, 3119, 3883, 3387, 3198, 2016, 1026, 3177, 1699, 3194, 3386, 4051, 1961, 0, 491, 4371, 2120, 6520, 2303, 5203, 2101], [2080, 786, 3661, 3479, 2376, 2383, 4254, 3837, 4400, 3541, 4178, 3095, 4486, 2365, 2339, 1901, 2068, 2920, 3915, 2916, 2714, 1574, 1482, 3137, 1831, 3162, 2987, 4179, 2446, 491, 0, 4167, 2098, 6411, 2286, 5199, 2080], [2467, 3389, 2277, 2774, 1977, 6008, 2980, 2419, 4991, 6135, 7751, 6380, 2164, 1831, 2898, 2631, 3722, 1254, 8020, 4915, 3606, 3114, 5231, 1687, 3142, 1719, 2194, 2846, 5329, 4371, 4167, 0, 2451, 2445, 2329, 2174, 2467], [19, 1493, 1605, 1566, 492, 3569, 2308, 1799, 3292, 3774, 5301, 3934, 2395, 813, 682, 208, 1339, 1311, 5984, 4172, 3264, 2021, 2838, 1058, 702, 1076, 2514, 2207, 2894, 2120, 2098, 2451, 0, 4417, 189, 3104, 19], [4435, 5666, 3325, 3846, 4047, 7886, 3504, 3304, 5712, 7559, 9478, 8076, 2547, 4061, 4581, 4623, 5402, 3556, 10320, 7347, 6024, 5534, 7235, 3376, 4998, 3370, 4603, 3428, 7003, 6520, 6411, 2445, 4417, 0, 4244, 1779, 4435], [207, 1675, 1425, 1419, 435, 3714, 2146, 1622, 3239, 3849, 5429, 4053, 2207, 807, 667, 392, 1413, 1242, 6171, 4318, 3375, 2160, 3001, 877, 815, 892, 2555, 2042, 3002, 2303, 2286, 2329, 189, 4244, 0, 2916, 207], [3122, 4538, 1694, 2158, 2871, 6333, 1730, 1617, 3935, 5841, 7831, 6434, 827, 3038, 3073, 3306, 3834, 2717, 9082, 6763, 5540, 4700, 5774, 2070, 3551, 2042, 4212, 1662, 5374, 5203, 5199, 2174, 3104, 1779, 2916, 0, 3122], [1, 1478, 1620, 1577, 505, 3552, 2321, 1813, 3293, 3763, 5285, 3919, 2412, 821, 681, 190, 1328, 1324, 5966, 4162, 3258, 2012, 2820, 1077, 688, 1094, 2516, 2220, 2880, 2101, 2080, 2467, 19, 4435, 207, 3122, 0]], 'ttd': [[0, 739, 810, 789, 253, 1777, 1161, 907, 1647, 1882, 2643, 1960, 1206, 411, 341, 95, 665, 662, 2984, 2082, 1630, 1007, 1411, 539, 345, 548, 1259, 1111, 1441, 1051, 1041, 1234, 10, 2218, 104, 1562, 1], [739, 0, 1549, 1505, 837, 1505, 1887, 1645, 2151, 1950, 2414, 1819, 1936, 804, 957, 663, 970, 1074, 2329, 1440, 1160, 505, 1058, 1236, 737, 1251, 1147, 1841, 1412, 552, 393, 1695, 747, 2834, 838, 2270, 739], [810, 1549, 0, 275, 789, 2321, 415, 107, 1365, 2122, 3083, 2382, 441, 949, 702, 891, 1071, 954, 3737, 2840, 2313, 1760, 2048, 436, 953, 409, 1771, 350, 1848, 1798, 1831, 1139, 803, 1663, 713, 847, 810], [789, 1505, 275, 0, 852, 2105, 389, 274, 1110, 1858, 2837, 2139, 667, 1038, 572, 849, 870, 1113, 3594, 2868, 2386, 1789, 1866, 601, 828, 576, 1904, 354, 1611, 1673, 1740, 1388, 784, 1924, 710, 1080, 789], [253, 837, 789, 852, 0, 2017, 1184, 894, 1824, 2132, 2890, 2210, 1123, 196, 550, 329, 913, 411, 3146, 2052, 1538, 974, 1636, 407, 597, 427, 1078, 1125, 1692, 1240, 1189, 989, 246, 2024, 218, 1436, 253], [1777, 1505, 2321, 2105, 2017, 0, 2433, 2366, 1906, 872, 911, 414, 2758, 2109, 1654, 1691, 1251, 2398, 1772, 2514, 2539, 1972, 452, 2269, 1457, 2268, 2651, 2427, 560, 965, 1192, 3004, 1785, 3944, 1858, 3167, 1777], [1161, 1887, 415, 389, 1184, 2433, 0, 312, 1115, 2082, 3111, 2424, 500, 1355, 959, 1228, 1228, 1368, 3970, 3228, 2718, 2147, 2226, 850, 1215, 823, 2185, 69, 1912, 2057, 2128, 1490, 1155, 1752, 1074, 865, 1161], [907, 1645, 107, 274, 894, 2366, 312, 0, 1313, 2129, 3109, 2410, 396, 1055, 774, 985, 1121, 1057, 3813, 2945, 2419, 1865, 2109, 540, 1029, 514, 1874, 246, 1880, 1877, 1919, 1210, 900, 1653, 812, 809, 907], [1647, 2151, 1365, 1110, 1824, 1906, 1115, 1313, 0, 1232, 2317, 1720, 1613, 2018, 1308, 1651, 1186, 2170, 3655, 3589, 3243, 2584, 1914, 1691, 1441, 1669, 2897, 1164, 1354, 2020, 2201, 2496, 1647, 2856, 1620, 1968, 1647], [1882, 1950, 2122, 1858, 2132, 872, 2082, 2129, 1232, 0, 1087, 541, 2514, 2284, 1620, 1824, 1220, 2542, 2616, 3213, 3097, 2454, 1135, 2238, 1542, 2227, 3024, 2101, 549, 1528, 1771, 3068, 1888, 3780, 1925, 2921, 1882], [2643, 2414, 3083, 2837, 2890, 911, 3111, 3109, 2317, 1087, 0, 702, 3503, 2997, 2470, 2562, 2050, 3284, 1954, 3314, 3417, 2874, 1358, 3102, 2308, 3097, 3560, 3121, 1239, 1870, 2089, 3876, 2651, 4740, 2715, 3916, 2643], [1960, 1819, 2382, 2139, 2210, 414, 2424, 2410, 1720, 541, 702, 0, 2805, 2329, 1772, 1883, 1351, 2611, 2084, 2915, 2904, 2308, 818, 2405, 1620, 2399, 2955, 2430, 538, 1308, 1548, 3191, 1967, 4038, 2027, 3218, 1960], [1206, 1936, 441, 667, 1123, 2758, 500, 396, 1613, 2514, 3503, 2805, 0, 1242, 1141, 1294, 1509, 1149, 4167, 3144, 2569, 2081, 2488, 718, 1387, 697, 1954, 451, 2275, 2226, 2244, 1083, 1198, 1274, 1104, 414, 1206], [411, 804, 949, 1038, 196, 2109, 1355, 1055, 2018, 2284, 2997, 2329, 1242, 0, 735, 461, 1071, 293, 3132, 1906, 1365, 840, 1707, 533, 743, 557, 883, 1293, 1823, 1271, 1183, 916, 407, 2031, 404, 1519, 411], [341, 957, 702, 572, 550, 1654, 959, 774, 1308, 1620, 2470, 1772, 1141, 735, 0, 349, 423, 948, 3040, 2367, 1953, 1310, 1352, 634, 259, 628, 1598, 923, 1237, 1107, 1170, 1449, 342, 2291, 334, 1537, 341], [95, 663, 891, 849, 329, 1691, 1228, 985, 1651, 1824, 2562, 1883, 1294, 461, 349, 0, 614, 730, 2891, 2032, 1605, 966, 1319, 633, 283, 642, 1274, 1180, 1369, 957, 951, 1316, 104, 2312, 196, 1653, 95], [665, 970, 1071, 870, 913, 1251, 1228, 1121, 1186, 1220, 2050, 1351, 1509, 1071, 423, 614, 0, 1323, 2750, 2405, 2096, 1428, 999, 1056, 334, 1050, 1868, 1211, 815, 891, 1035, 1861, 670, 2702, 707, 1917, 665], [662, 1074, 954, 1113, 411, 2398, 1368, 1057, 2170, 2542, 3284, 2611, 1149, 293, 948, 730, 1323, 0, 3398, 2024, 1425, 1011, 1999, 523, 1005, 549, 821, 1301, 2098, 1560, 1460, 627, 656, 1779, 622, 1359, 662], [2984, 2329, 3737, 3594, 3146, 1772, 3970, 3813, 3655, 2616, 1954, 2084, 4167, 3132, 3040, 2891, 2750, 3398, 0, 2226, 2689, 2507, 1776, 3519, 2785, 3530, 3198, 3946, 2305, 1942, 1958, 4010, 2993, 5161, 3086, 4542, 2984], [2082, 1440, 2840, 2868, 2052, 2514, 3228, 2945, 3589, 3213, 3314, 2915, 3144, 1906, 2367, 2032, 2405, 2024, 2226, 0, 670, 1082, 2108, 2438, 2169, 2461, 1377, 3172, 2671, 1694, 1459, 2458, 2087, 3674, 2160, 3382, 2082], [1630, 1160, 2313, 2386, 1538, 2539, 2718, 2419, 3243, 3097, 3417, 2904, 2569, 1365, 1953, 1605, 2096, 1425, 2689, 670, 0, 669, 2093, 1888, 1805, 1914, 712, 2657, 2552, 1599, 1357, 1803, 1632, 3013, 1688, 2771, 1630], [1007, 505, 1760, 1789, 974, 1972, 2147, 1865, 2584, 2454, 2874, 2308, 2081, 840, 1310, 966, 1428, 1011, 2507, 1082, 669, 0, 1521, 1367, 1144, 1389, 727, 2091, 1915, 1009, 788, 1558, 1011, 2768, 1080, 2350, 1007], [1411, 1058, 2048, 1866, 1636, 452, 2226, 2109, 1914, 1135, 1358, 818, 2488, 1707, 1352, 1319, 999, 1999, 1776, 2108, 2093, 1521, 0, 1931, 1122, 1933, 2204, 2209, 633, 514, 742, 2616, 1420, 3618, 1501, 2888, 1411], [539, 1236, 436, 601, 407, 2269, 850, 540, 1691, 2238, 3102, 2405, 718, 533, 634, 633, 1056, 523, 3519, 2438, 1888, 1367, 1931, 0, 815, 28, 1336, 784, 1870, 1589, 1569, 844, 530, 1688, 439, 1036, 539], [345, 737, 953, 828, 597, 1457, 1215, 1029, 1441, 1542, 2308, 1620, 1387, 743, 259, 283, 334, 1005, 2785, 2169, 1805, 1144, 1122, 815, 0, 816, 1538, 1181, 1098, 850, 916, 1571, 351, 2499, 408, 1776, 345], [548, 1251, 409, 576, 427, 2268, 823, 514, 1669, 2227, 3097, 2399, 697, 557, 628, 642, 1050, 549, 3530, 2461, 1914, 1389, 1933, 28, 816, 0, 1363, 758, 1864, 1597, 1581, 860, 539, 1686, 447, 1021, 548], [1259, 1147, 1771, 1904, 1078, 2651, 2185, 1874, 2897, 3024, 3560, 2955, 1954, 883, 1598, 1274, 1868, 821, 3198, 1377, 712, 727, 2204, 1336, 1538, 1363, 0, 2119, 2510, 1694, 1494, 1098, 1258, 2302, 1278, 2106, 1259], [1111, 1841, 350, 354, 1125, 2427, 69, 246, 1164, 2101, 3121, 2430, 451, 1293, 923, 1180, 1211, 1301, 3946, 3172, 2657, 2091, 2209, 784, 1181, 758, 2119, 0, 1914, 2026, 2090, 1424, 1104, 1715, 1021, 832, 1111], [1441, 1412, 1848, 1611, 1692, 560, 1912, 1880, 1354, 549, 1239, 538, 2275, 1823, 1237, 1369, 815, 2098, 2305, 2671, 2552, 1915, 633, 1870, 1098, 1864, 2510, 1914, 0, 981, 1224, 2665, 1448, 3502, 1502, 2688, 1441], [1051, 552, 1798, 1673, 1240, 965, 2057, 1877, 2020, 1528, 1870, 1308, 2226, 1271, 1107, 957, 891, 1560, 1942, 1694, 1599, 1009, 514, 1589, 850, 1597, 1694, 2026, 981, 0, 246, 2186, 1060, 3260, 1152, 2602, 1051], [1041, 393, 1831, 1740, 1189, 1192, 2128, 1919, 2201, 1771, 2089, 1548, 2244, 1183, 1170, 951, 1035, 1460, 1958, 1459, 1357, 788, 742, 1569, 916, 1581, 1494, 2090, 1224, 246, 0, 2084, 1049, 3206, 1144, 2600, 1041], [1234, 1695, 1139, 1388, 989, 3004, 1490, 1210, 2496, 3068, 3876, 3191, 1083, 916, 1449, 1316, 1861, 627, 4010, 2458, 1803, 1558, 2616, 844, 1571, 860, 1098, 1424, 2665, 2186, 2084, 0, 1226, 1223, 1165, 1087, 1234], [10, 747, 803, 784, 246, 1785, 1155, 900, 1647, 1888, 2651, 1967, 1198, 407, 342, 104, 670, 656, 2993, 2087, 1632, 1011, 1420, 530, 351, 539, 1258, 1104, 1448, 1060, 1049, 1226, 0, 2209, 95, 1553, 10], [2218, 2834, 1663, 1924, 2024, 3944, 1752, 1653, 2856, 3780, 4740, 4038, 1274, 2031, 2291, 2312, 2702, 1779, 5161, 3674, 3013, 2768, 3618, 1688, 2499, 1686, 2302, 1715, 3502, 3260, 3206, 1223, 2209, 0, 2122, 890, 2218], [104, 838, 713, 710, 218, 1858, 1074, 812, 1620, 1925, 2715, 2027, 1104, 404, 334, 196, 707, 622, 3086, 2160, 1688, 1080, 1501, 439, 408, 447, 1278, 1021, 1502, 1152, 1144, 1165, 95, 2122, 0, 1459, 104], [1562, 2270, 847, 1080, 1436, 3167, 865, 809, 1968, 2921, 3916, 3218, 414, 1519, 1537, 1653, 1917, 1359, 4542, 3382, 2771, 2350, 2888, 1036, 1776, 1021, 2106, 832, 2688, 2602, 2600, 1087, 1553, 890, 1459, 0, 1562], [1, 739, 810, 789, 253, 1777, 1161, 907, 1647, 1882, 2643, 1960, 1206, 411, 341, 95, 665, 662, 2984, 2082, 1630, 1007, 1411, 539, 345, 548, 1259, 1111, 1441, 1051, 1041, 1234, 10, 2218, 104, 1562, 0]]}