{'nodes': [(0, 0, 0, 0, 48000, 0, False), (1, 7.879416971367703, -7.635356810721375, 4030, 12242, 10, True), (2, 4.002857781064514, 2.853332196437658, 4478, 9709, 50, True), (3, 1.0317142636012955, -1.2751128087826578, 23252, 27658, 10, True), (4, -2.4401436035165442, -2.7520276817106497, 25888, 32560, 10, True), (5, 8.664720911246176, -6.721244100365017, 39086, 44330, 10, True), (6, 11.176223333073162, 6.800718669399481, 26075, 31484, 40, False), (7, 2.086464980745998, -2.101190521691221, 15190, 16501, 10, True), (8, -2.137099929169272, 0.14881176839371335, 23750, 31297, 10, True), (9, -16.637962462988423, 10.888205745490215, 6223, 13465, 20, True), (10, -5.107127217835563, 7.054713314989196, 9037, 13348, 20, True), (11, 4.138325765537118, -10.27756743573317, 14981, 24527, 50, True), (12, -0.5593220266230016, -0.9363579273708594, 37115, 43408, 40, True), (13, -3.764023403129057, 2.3252190388960483, 6016, 13357, 20, True), (14, -5.976852328869587, 12.700359591115003, 20061, 28066, 40, True), (15, 3.1061506364142675, 1.3497172801976214, 26949, 32892, 30, True), (16, -3.6329128569229354, -2.922826842400482, 5836, 12397, 40, False), (17, 10.962755221685436, 0.05715036442767372, 26877, 31401, 30, True), (18, -2.3561063058266245, -0.39294637447888825, 6970, 13543, 40, True), (19, 0.9181459835207993, -4.5355885828097655, 15701, 22781, 10, True), (20, -7.989315714968243, 10.172108248924687, 4925, 10510, 50, True), (21, -6.985144397537914, 19.843732529771373, 16413, 21890, 40, True), (22, 3.258580965398366, -1.07566407290187, 16753, 25264, 30, True), (23, -9.25327458374336, -1.478756559091343, 18309, 27567, 40, True), (24, 12.115905241932342, 10.581114766858855, 2744, 11852, 30, True), (25, -3.0556272451580506, 13.086747396496975, 20095, 27613, 20, True), (26, -0.802999267170454, 0.12387317441240805, 38855, 46691, 10, True), (27, 4.870942535418434, 3.76756486537387, 1581, 8339, 30, True), (28, -1.522917518958142, 0.009142728953747223, 25088, 29991, 20, True), (29, 6.16371388713367, -1.8378304376717172, 16394, 23159, 50, True), (30, -0.08326737596133774, 1.9641060770842214, 0, 4491, 50, True), (31, -11.213784863344443, -2.1846482283869917, 13012, 19412, 50, True), (32, 6.559654086888311, 6.997450879453052, 10285, 13812, 10, True), (33, 1.4001783681970754, 1.3550928838928729, 30678, 36532, 20, False), (34, 1.3069665720848673, -1.7955080619331776, 29245, 35685, 50, True), (35, 1.3521380383042039, -7.234695710368485, 7068, 12914, 40, True), (36, 0, 0, 0, 48000, 0, False)], 'F': 20.0, 'ct': 0.083, 'cd': 0.021, 'truck_cap': 100, 'drone_cap': 20, 'truck_speed': 40, 'drone_speed': 40, 'a': 1, 'b': 2, 'max_flight_time': 3000, 'ttt': [[0, 3293, 1476, 493, 1104, 3291, 3926, 889, 644, 5966, 2614, 3325, 328, 1328, 4212, 1017, 1400, 3290, 718, 1389, 3881, 6312, 1030, 2812, 4827, 4033, 245, 1848, 458, 1931, 591, 3428, 2878, 586, 667, 2209, 1], [3293, 0, 3356, 2805, 3426, 363, 4443, 2404, 3807, 9219, 5883, 1375, 3233, 4598, 7383, 3053, 3733, 2487, 3763, 2287, 7157, 9374, 2408, 5463, 5612, 7030, 3494, 3539, 3636, 1815, 3743, 5958, 4409, 3326, 2639, 1963, 3293], [1476, 3356, 0, 1527, 2563, 3196, 2457, 1595, 2014, 6646, 3011, 3940, 1780, 2336, 4207, 526, 2873, 2251, 2143, 2403, 4216, 6071, 1201, 4185, 3362, 3730, 1659, 379, 1865, 1550, 1256, 4810, 1462, 902, 1613, 3130, 1476], [493, 2805, 1527, 0, 1133, 2814, 3891, 403, 1043, 6436, 3105, 2858, 489, 1800, 4691, 1005, 1485, 3007, 1051, 980, 4373, 6778, 672, 3087, 4870, 4481, 693, 1902, 859, 1550, 1029, 3685, 2986, 798, 178, 1791, 493], [1104, 3426, 2563, 1133, 0, 3539, 4991, 1373, 876, 5908, 3050, 3000, 785, 1575, 4757, 2070, 362, 4109, 709, 1142, 4221, 6915, 1783, 2080, 5923, 4756, 994, 2940, 874, 2597, 1583, 2639, 3982, 1688, 1161, 1762, 1104], [3291, 363, 3196, 2814, 3539, 0, 4127, 2413, 3841, 9249, 5845, 1728, 3267, 4613, 7298, 2941, 3862, 2148, 3814, 2416, 7118, 9251, 2346, 5602, 5294, 6906, 3506, 3347, 3664, 1647, 3699, 6118, 4165, 3260, 2657, 2200, 3291], [3926, 4443, 2457, 3891, 4991, 4127, 0, 3818, 4466, 8435, 4887, 5542, 4218, 4680, 5443, 2923, 5316, 2025, 4599, 4588, 5839, 6709, 3351, 6614, 1170, 4668, 4115, 2100, 4321, 2997, 3677, 7239, 1387, 3358, 3927, 5141, 3926], [889, 2404, 1595, 403, 1373, 2413, 3818, 0, 1437, 6838, 3494, 2530, 868, 2202, 5058, 1081, 1734, 2741, 1429, 811, 4765, 7125, 468, 3408, 4852, 4811, 1095, 1950, 1255, 1227, 1383, 3991, 3043, 1058, 252, 1557, 889], [644, 3807, 2014, 1043, 876, 3841, 4466, 1437, 0, 5414, 2256, 3652, 575, 816, 3939, 1615, 1026, 3931, 176, 1679, 3483, 6086, 1661, 2191, 5300, 3892, 401, 2367, 190, 2562, 823, 2813, 3322, 1122, 1187, 2451, 644], [5966, 9219, 6646, 6436, 5908, 9249, 8435, 6838, 5414, 0, 3646, 8899, 5989, 4639, 3245, 6579, 5692, 8896, 5461, 7012, 2604, 3951, 6966, 4322, 8628, 4129, 5745, 6798, 5588, 7835, 5643, 4247, 7057, 6122, 6593, 7662, 5966], [2614, 5883, 3011, 3105, 3050, 5845, 4887, 3494, 2256, 3646, 0, 5894, 2759, 1476, 1715, 3001, 3027, 5259, 2383, 3920, 1275, 3879, 3501, 2847, 5275, 1912, 2449, 3153, 2372, 4308, 2147, 3324, 3501, 2596, 3280, 4705, 2614], [3325, 1375, 3940, 2858, 3000, 1728, 5542, 2530, 3652, 8899, 5894, 0, 3138, 4464, 7533, 3503, 3211, 3716, 3549, 1976, 7134, 9634, 2774, 4808, 6701, 7335, 3456, 4220, 3523, 2605, 3886, 5207, 5234, 3586, 2684, 1239, 3325], [328, 3233, 1780, 489, 785, 3267, 4218, 868, 575, 5989, 2759, 3138, 0, 1373, 4403, 1297, 1099, 3470, 564, 1168, 4010, 6526, 1147, 2614, 5139, 4274, 327, 2156, 406, 2036, 883, 3219, 3199, 906, 617, 1976, 328], [1328, 4598, 2336, 1800, 1575, 4613, 4680, 2202, 816, 4639, 1476, 4464, 1373, 0, 3184, 2083, 1576, 4471, 919, 2493, 2675, 5345, 2342, 2005, 5370, 3236, 1108, 2627, 968, 3231, 1111, 2614, 3401, 1577, 1961, 3254, 1328], [4212, 7383, 4207, 4691, 4757, 7298, 5443, 5058, 3939, 3245, 1715, 7533, 4403, 3184, 0, 4362, 4740, 6342, 4076, 5570, 970, 2165, 4977, 4367, 5466, 885, 4081, 4217, 4036, 5683, 3675, 4735, 4133, 4061, 4868, 6373, 4212], [1017, 3053, 526, 1005, 2070, 2941, 2923, 1081, 1615, 6579, 3001, 3503, 1297, 2083, 4362, 0, 2395, 2390, 1721, 1885, 4254, 6321, 730, 3805, 3871, 3978, 1230, 899, 1447, 1326, 975, 4426, 1987, 513, 1088, 2630, 1017], [1400, 3733, 2873, 1485, 362, 3862, 5316, 1734, 1026, 5692, 3027, 3211, 1099, 1576, 4740, 2395, 0, 4470, 851, 1450, 4141, 6905, 2141, 1742, 6225, 4807, 1248, 3247, 1085, 2958, 1813, 2286, 4268, 1983, 1521, 1978, 1400], [3290, 2487, 2251, 3007, 4109, 2148, 2025, 2741, 3931, 8896, 5259, 3716, 3470, 4471, 6342, 2390, 4470, 0, 3999, 3314, 6446, 8015, 2337, 6083, 3177, 5743, 3531, 2141, 3747, 1549, 3364, 6688, 2467, 2896, 2951, 3620, 3290], [718, 3763, 2143, 1051, 709, 3814, 4599, 1429, 176, 5461, 2383, 3549, 564, 919, 4076, 1721, 851, 3999, 0, 1585, 3593, 6229, 1698, 2096, 5450, 4050, 492, 2503, 279, 2593, 983, 2712, 3475, 1244, 1178, 2336, 718], [1389, 2287, 2403, 980, 1142, 2416, 4588, 811, 1679, 7012, 3920, 1976, 1168, 2493, 5570, 1885, 1450, 3314, 1585, 0, 5159, 7690, 1254, 3187, 5645, 5420, 1491, 2760, 1549, 1771, 1974, 3708, 3853, 1774, 831, 821, 1389], [3881, 7157, 4216, 4373, 4221, 7118, 5839, 4765, 3483, 2604, 1275, 7134, 4010, 2675, 970, 4254, 4141, 6446, 3593, 5159, 0, 2918, 4773, 3517, 6034, 1720, 3707, 4311, 3615, 5570, 3420, 3832, 4468, 3865, 4547, 5927, 3881], [6312, 9374, 6071, 6778, 6915, 9251, 6709, 7125, 6086, 3951, 3879, 9634, 6526, 5345, 2165, 6321, 6905, 8015, 6229, 7690, 2918, 0, 6989, 6434, 6370, 2346, 6201, 5994, 6173, 7608, 5751, 6730, 5601, 6091, 6953, 8501, 6312], [1030, 2408, 1201, 672, 1783, 2346, 3351, 468, 1661, 6966, 3501, 2774, 1147, 2342, 4977, 730, 2141, 2337, 1698, 1254, 4773, 6989, 0, 3757, 4393, 4653, 1272, 1532, 1472, 902, 1356, 4355, 2618, 919, 625, 1935, 1030], [2812, 5463, 4185, 3087, 2080, 5602, 6614, 3408, 2191, 4322, 2847, 4808, 2614, 2005, 4367, 3805, 1742, 6083, 2096, 3187, 3517, 6434, 3757, 0, 7362, 4750, 2581, 4521, 2363, 4627, 2940, 626, 5383, 3308, 3170, 3621, 2812], [4827, 5612, 3362, 4870, 5923, 5294, 1170, 4852, 5300, 8628, 5275, 6701, 5139, 5370, 5466, 3871, 6225, 3177, 5450, 5645, 6034, 6370, 4393, 7362, 0, 4614, 4987, 2985, 5178, 4132, 4482, 7979, 1985, 4243, 4931, 6245, 4827], [4033, 7030, 3730, 4481, 4756, 6906, 4668, 4811, 3892, 4129, 1912, 7335, 4274, 3236, 885, 3978, 4807, 5743, 4050, 5420, 1720, 2346, 4653, 4750, 4614, 0, 3948, 3671, 3951, 5264, 3455, 5195, 3415, 3766, 4654, 6239, 4033], [245, 3494, 1659, 693, 994, 3506, 4115, 1095, 401, 5745, 2449, 3456, 327, 1108, 4081, 1230, 1248, 3531, 492, 1491, 3707, 6201, 1272, 2581, 4987, 3948, 0, 2024, 220, 2172, 594, 3200, 3023, 758, 857, 2301, 245], [1848, 3539, 379, 1902, 2940, 3347, 2100, 1950, 2367, 6798, 3153, 4220, 2156, 2627, 4217, 899, 3247, 2141, 2503, 2760, 4311, 5994, 1532, 4521, 2985, 3671, 2024, 0, 2226, 1727, 1583, 5146, 1094, 1269, 1983, 3466, 1848], [458, 3636, 1865, 859, 874, 3664, 4321, 1255, 190, 5588, 2372, 3523, 406, 968, 4036, 1447, 1085, 3747, 279, 1549, 3615, 6173, 1472, 2363, 5178, 3951, 220, 2226, 0, 2373, 729, 2982, 3206, 966, 1008, 2339, 458], [1931, 1815, 1550, 1550, 2597, 1647, 2997, 1227, 2562, 7835, 4308, 2605, 2036, 3231, 5683, 1326, 2958, 1549, 2593, 1771, 5570, 7608, 902, 4627, 4132, 5264, 2172, 1727, 2373, 0, 2195, 5215, 2654, 1721, 1458, 2170, 1931], [591, 3743, 1256, 1029, 1583, 3699, 3677, 1383, 823, 5643, 2147, 3886, 883, 1111, 3675, 975, 1813, 3364, 983, 1974, 3420, 5751, 1356, 2940, 4482, 3455, 594, 1583, 729, 2195, 0, 3565, 2501, 482, 1204, 2794, 591], [3428, 5958, 4810, 3685, 2639, 6118, 7239, 3991, 2813, 4247, 3324, 5207, 3219, 2614, 4735, 4426, 2286, 6688, 2712, 3708, 3832, 6730, 4355, 626, 7979, 5195, 3200, 5146, 2982, 5215, 3565, 0, 6003, 3931, 3759, 4064, 3428], [2878, 4409, 1462, 2986, 3982, 4165, 1387, 3043, 3322, 7057, 3501, 5234, 3199, 3401, 4133, 1987, 4268, 2467, 3475, 3853, 4468, 5601, 2618, 5383, 1985, 3415, 3023, 1094, 3206, 2654, 2501, 6003, 0, 2295, 3074, 4547, 2878], [586, 3326, 902, 798, 1688, 3260, 3358, 1058, 1122, 6122, 2596, 3586, 906, 1577, 4061, 513, 1983, 2896, 1244, 1774, 3865, 6091, 919, 3308, 4243, 3766, 758, 1269, 966, 1721, 482, 3931, 2295, 0, 947, 2578, 586], [667, 2639, 1613, 178, 1161, 2657, 3927, 252, 1187, 6593, 3280, 2684, 617, 1961, 4868, 1088, 1521, 2951, 1178, 831, 4547, 6953, 625, 3170, 4931, 4654, 857, 1983, 1008, 1458, 1204, 3759, 3074, 947, 0, 1633, 667], [2209, 1963, 3130, 1791, 1762, 2200, 5141, 1557, 2451, 7662, 4705, 1239, 1976, 3254, 6373, 2630, 1978, 3620, 2336, 821, 5927, 8501, 1935, 3621, 6245, 6239, 2301, 3466, 2339, 2170, 2794, 4064, 4547, 2578, 1633, 0, 2209], [1, 3293, 1476, 493, 1104, 3291, 3926, 889, 644, 5966, 2614, 3325, 328, 1328, 4212, 1017, 1400, 3290, 718, 1389, 3881, 6312, 1030, 2812, 4827, 4033, 245, 1848, 458, 1931, 591, 3428, 2878, 586, 667, 2209, 0]], 'ttd': [[0, 1647, 738, 247, 553, 1646, 1963, 445, 322, 2984, 1307, 1663, 165, 665, 2106, 509, 700, 1645, 359, 695, 1941, 3157, 516, 1407, 2414, 2017, 123, 925, 229, 966, 296, 1715, 1440, 293, 334, 1105, 1], [1647, 0, 1678, 1403, 1713, 182, 2222, 1203, 1904, 4610, 2942, 688, 1617, 2299, 3692, 1527, 1867, 1244, 1882, 1144, 3579, 4687, 1205, 2732, 2806, 3516, 1748, 1770, 1819, 908, 1872, 2979, 2205, 1663, 1320, 982, 1647], [738, 1678, 0, 764, 1282, 1598, 1229, 798, 1007, 3323, 1506, 1971, 891, 1169, 2104, 264, 1437, 1126, 1072, 1202, 2108, 3036, 601, 2093, 1682, 1866, 830, 190, 933, 776, 628, 2405, 731, 451, 807, 1566, 738], [247, 1403, 764, 0, 567, 1408, 1946, 202, 522, 3219, 1553, 1430, 245, 901, 2346, 503, 743, 1504, 526, 490, 2187, 3389, 336, 1544, 2436, 2241, 347, 952, 430, 775, 515, 1843, 1493, 399, 89, 896, 247], [553, 1713, 1282, 567, 0, 1770, 2496, 687, 438, 2954, 1525, 1500, 393, 788, 2379, 1036, 182, 2055, 355, 571, 2111, 3458, 892, 1041, 2962, 2379, 497, 1470, 437, 1299, 792, 1320, 1991, 844, 581, 882, 553], [1646, 182, 1598, 1408, 1770, 0, 2064, 1207, 1921, 4625, 2923, 864, 1634, 2307, 3649, 1471, 1932, 1075, 1907, 1208, 3559, 4626, 1173, 2801, 2647, 3453, 1753, 1674, 1833, 824, 1850, 3059, 2083, 1630, 1329, 1101, 1646], [1963, 2222, 1229, 1946, 2496, 2064, 0, 1909, 2233, 4218, 2444, 2772, 2109, 2340, 2722, 1462, 2658, 1013, 2300, 2294, 2920, 3355, 1676, 3308, 585, 2335, 2058, 1051, 2161, 1499, 1839, 3620, 694, 1680, 1964, 2571, 1963], [445, 1203, 798, 202, 687, 1207, 1909, 0, 719, 3419, 1748, 1265, 435, 1101, 2529, 541, 868, 1371, 715, 406, 2383, 3563, 235, 1705, 2426, 2406, 548, 975, 628, 614, 692, 1996, 1522, 530, 127, 779, 445], [322, 1904, 1007, 522, 438, 1921, 2233, 719, 0, 2708, 1129, 1826, 288, 409, 1970, 808, 513, 1966, 89, 840, 1742, 3043, 831, 1096, 2650, 1947, 201, 1184, 95, 1281, 412, 1407, 1661, 562, 594, 1226, 322], [2984, 4610, 3323, 3219, 2954, 4625, 4218, 3419, 2708, 0, 1824, 4450, 2995, 2320, 1623, 3290, 2847, 4448, 2731, 3506, 1303, 1976, 3483, 2162, 4314, 2065, 2873, 3400, 2794, 3918, 2822, 2124, 3529, 3061, 3297, 3831, 2984], [1307, 2942, 1506, 1553, 1525, 2923, 2444, 1748, 1129, 1824, 0, 2948, 1380, 738, 858, 1501, 1514, 2630, 1192, 1960, 638, 1940, 1751, 1424, 2638, 957, 1225, 1577, 1187, 2154, 1074, 1662, 1751, 1299, 1641, 2353, 1307], [1663, 688, 1971, 1430, 1500, 864, 2772, 1265, 1826, 4450, 2948, 0, 1569, 2232, 3767, 1752, 1606, 1859, 1775, 988, 3567, 4817, 1388, 2405, 3351, 3668, 1728, 2111, 1762, 1303, 1943, 2604, 2618, 1794, 1342, 620, 1663], [165, 1617, 891, 245, 393, 1634, 2109, 435, 288, 2995, 1380, 1569, 0, 687, 2202, 649, 550, 1736, 283, 585, 2006, 3264, 574, 1308, 2570, 2138, 164, 1079, 203, 1018, 442, 1610, 1600, 453, 309, 988, 165], [665, 2299, 1169, 901, 788, 2307, 2340, 1101, 409, 2320, 738, 2232, 687, 0, 1592, 1042, 788, 2236, 460, 1247, 1338, 2673, 1171, 1003, 2686, 1619, 554, 1314, 484, 1616, 556, 1307, 1701, 789, 981, 1627, 665], [2106, 3692, 2104, 2346, 2379, 3649, 2722, 2529, 1970, 1623, 858, 3767, 2202, 1592, 0, 2182, 2371, 3172, 2039, 2786, 486, 1083, 2489, 2184, 2733, 443, 2041, 2109, 2019, 2842, 1838, 2368, 2067, 2031, 2434, 3187, 2106], [509, 1527, 264, 503, 1036, 1471, 1462, 541, 808, 3290, 1501, 1752, 649, 1042, 2182, 0, 1198, 1195, 861, 943, 2127, 3161, 366, 1903, 1936, 1989, 616, 450, 724, 664, 488, 2213, 994, 257, 545, 1315, 509], [700, 1867, 1437, 743, 182, 1932, 2658, 868, 513, 2847, 1514, 1606, 550, 788, 2371, 1198, 0, 2236, 426, 725, 2071, 3453, 1071, 871, 3113, 2404, 625, 1624, 543, 1479, 907, 1144, 2134, 992, 761, 990, 700], [1645, 1244, 1126, 1504, 2055, 1075, 1013, 1371, 1966, 4448, 2630, 1859, 1736, 2236, 3172, 1195, 2236, 0, 2000, 1658, 3223, 4008, 1169, 3042, 1589, 2872, 1766, 1071, 1874, 775, 1682, 3344, 1234, 1449, 1476, 1811, 1645], [359, 1882, 1072, 526, 355, 1907, 2300, 715, 89, 2731, 1192, 1775, 283, 460, 2039, 861, 426, 2000, 0, 793, 1797, 3115, 849, 1048, 2725, 2026, 247, 1252, 140, 1297, 492, 1357, 1738, 622, 589, 1168, 359], [695, 1144, 1202, 490, 571, 1208, 2294, 406, 840, 3506, 1960, 988, 585, 1247, 2786, 943, 725, 1658, 793, 0, 2580, 3845, 628, 1594, 2823, 2711, 746, 1380, 775, 886, 987, 1855, 1927, 888, 416, 411, 695], [1941, 3579, 2108, 2187, 2111, 3559, 2920, 2383, 1742, 1303, 638, 3567, 2006, 1338, 486, 2127, 2071, 3223, 1797, 2580, 0, 1460, 2387, 1759, 3017, 861, 1854, 2156, 1808, 2785, 1710, 1917, 2235, 1933, 2274, 2964, 1941], [3157, 4687, 3036, 3389, 3458, 4626, 3355, 3563, 3043, 1976, 1940, 4817, 3264, 2673, 1083, 3161, 3453, 4008, 3115, 3845, 1460, 0, 3495, 3217, 3185, 1173, 3101, 2997, 3087, 3805, 2876, 3366, 2801, 3046, 3477, 4251, 3157], [516, 1205, 601, 336, 892, 1173, 1676, 235, 831, 3483, 1751, 1388, 574, 1171, 2489, 366, 1071, 1169, 849, 628, 2387, 3495, 0, 1879, 2197, 2327, 636, 767, 736, 452, 679, 2178, 1309, 460, 313, 968, 516], [1407, 2732, 2093, 1544, 1041, 2801, 3308, 1705, 1096, 2162, 1424, 2405, 1308, 1003, 2184, 1903, 871, 3042, 1048, 1594, 1759, 3217, 1879, 0, 3682, 2375, 1291, 2261, 1182, 2314, 1470, 314, 2692, 1655, 1586, 1811, 1407], [2414, 2806, 1682, 2436, 2962, 2647, 585, 2426, 2650, 4314, 2638, 3351, 2570, 2686, 2733, 1936, 3113, 1589, 2725, 2823, 3017, 3185, 2197, 3682, 0, 2308, 2494, 1493, 2589, 2067, 2241, 3990, 993, 2122, 2466, 3123, 2414], [2017, 3516, 1866, 2241, 2379, 3453, 2335, 2406, 1947, 2065, 957, 3668, 2138, 1619, 443, 1989, 2404, 2872, 2026, 2711, 861, 1173, 2327, 2375, 2308, 0, 1975, 1836, 1976, 2632, 1728, 2598, 1708, 1883, 2327, 3120, 2017], [123, 1748, 830, 347, 497, 1753, 2058, 548, 201, 2873, 1225, 1728, 164, 554, 2041, 616, 625, 1766, 247, 746, 1854, 3101, 636, 1291, 2494, 1975, 0, 1012, 110, 1087, 297, 1601, 1512, 380, 429, 1151, 123], [925, 1770, 190, 952, 1470, 1674, 1051, 975, 1184, 3400, 1577, 2111, 1079, 1314, 2109, 450, 1624, 1071, 1252, 1380, 2156, 2997, 767, 2261, 1493, 1836, 1012, 0, 1114, 864, 792, 2574, 548, 635, 992, 1734, 925], [229, 1819, 933, 430, 437, 1833, 2161, 628, 95, 2794, 1187, 1762, 203, 484, 2019, 724, 543, 1874, 140, 775, 1808, 3087, 736, 1182, 2589, 1976, 110, 1114, 0, 1187, 365, 1491, 1604, 484, 504, 1170, 229], [966, 908, 776, 775, 1299, 824, 1499, 614, 1281, 3918, 2154, 1303, 1018, 1616, 2842, 664, 1479, 775, 1297, 886, 2785, 3805, 452, 2314, 2067, 2632, 1087, 864, 1187, 0, 1098, 2608, 1328, 861, 730, 1086, 966], [296, 1872, 628, 515, 792, 1850, 1839, 692, 412, 2822, 1074, 1943, 442, 556, 1838, 488, 907, 1682, 492, 987, 1710, 2876, 679, 1470, 2241, 1728, 297, 792, 365, 1098, 0, 1783, 1251, 242, 602, 1398, 296], [1715, 2979, 2405, 1843, 1320, 3059, 3620, 1996, 1407, 2124, 1662, 2604, 1610, 1307, 2368, 2213, 1144, 3344, 1357, 1855, 1917, 3366, 2178, 314, 3990, 2598, 1601, 2574, 1491, 2608, 1783, 0, 3002, 1966, 1880, 2032, 1715], [1440, 2205, 731, 1493, 1991, 2083, 694, 1522, 1661, 3529, 1751, 2618, 1600, 1701, 2067, 994, 2134, 1234, 1738, 1927, 2235, 2801, 1309, 2692, 993, 1708, 1512, 548, 1604, 1328, 1251, 3002, 0, 1148, 1537, 2274, 1440], [293, 1663, 451, 399, 844, 1630, 1680, 530, 562, 3061, 1299, 1794, 453, 789, 2031, 257, 992, 1449, 622, 888, 1933, 3046, 460, 1655, 2122, 1883, 380, 635, 484, 861, 242, 1966, 1148, 0, 474, 1289, 293], [334, 1320, 807, 89, 581, 1329, 1964, 127, 594, 3297, 1641, 1342, 309, 981, 2434, 545, 761, 1476, 589, 416, 2274, 3477, 313, 1586, 2466, 2327, 429, 992, 504, 730, 602, 1880, 1537, 474, 0, 817, 334], [1105, 982, 1566, 896, 882, 1101, 2571, 779, 1226, 3831, 2353, 620, 988, 1627, 3187, 1315, 990, 1811, 1168, 411, 2964, 4251, 968, 1811, 3123, 3120, 1151, 1734, 1170, 1086, 1398, 2032, 2274, 1289, 817, 0, 1105], [1, 1647, 738, 247, 553, 1646, 1963, 445, 322, 2984, 1307, 1663, 165, 665, 2106, 509, 700, 1645, 359, 695, 1941, 3157, 516, 1407, 2414, 2017, 123, 925, 229, 966, 296, 1715, 1440, 293, 334, 1105, 0]]}