{'nodes': [(0, 14.5, 12.5, 0, 48000, 0, False), (1, 5.0, 0.5, 37916, 41697, 10, True), (2, 15.0, 12.5, 3454, 8879, 30, True), (3, 14.0, 1.0, 28768, 34242, 10, True), (4, 8.0, 10.0, 12645, 18171, 20, True), (5, 3.5, 4.0, 17903, 26140, 40, True), (6, 5.5, 8.5, 23909, 30176, 30, True), (7, 8.5, 1.0, 15984, 22702, 50, True), (8, 6.5, 13.0, 27529, 33541, 40, False), (9, 6.0, 5.5, 14726, 18929, 40, True), (10, 14.0, 3.5, 20660, 27003, 40, True), (11, 2.5, 1.5, 14799, 22251, 50, False), (12, 7.5, 11.0, 17546, 23780, 20, True), (13, 8.0, 4.5, 6592, 11496, 20, True), (14, 7.5, 11.0, 16006, 19563, 50, True), (15, 5.0, 11.0, 2941, 12191, 50, True), (16, 2.5, 0, 26341, 30766, 50, True), (17, 6.0, 14.0, 18238, 22649, 40, True), (18, 2.0, 12.0, 19009, 22384, 20, True), (19, 6.5, 14.0, 37822, 44446, 30, True), (20, 12.5, 3.0, 6397, 12612, 40, True), (21, 14.5, 14.5, 23122, 27609, 30, True), (22, 9.5, 0.5, 25594, 31237, 20, True), (23, 10.0, 8.0, 26605, 32994, 40, True), (24, 10.0, 8.0, 32912, 38111, 30, True), (25, 7.0, 11.5, 15732, 19683, 10, True), (26, 13.5, 3.5, 39385, 44808, 30, True), (27, 3.0, 9.0, 27626, 34052, 20, True), (28, 2.5, 1.0, 5811, 9854, 20, True), (29, 5.5, 6.5, 25968, 30793, 50, True), (30, 0, 9.5, 21074, 28253, 40, False), (31, 5.5, 7.5, 38152, 46254, 20, True), (32, 8.5, 9.0, 30116, 37661, 30, True), (33, 1.0, 1.5, 27255, 33799, 40, True), (34, 3.0, 3.5, 26847, 35141, 30, True), (35, 15.0, 2.0, 30129, 35272, 20, True), (36, 14.5, 12.5, 0, 48000, 0, False)], 'F': 20.0, 'ct': 0.083, 'cd': 0.021, 'truck_cap': 100, 'drone_cap': 20, 'truck_speed': 40, 'drone_speed': 40, 'a': 1, 'b': 2, 'max_flight_time': 3000, 'ttt': [[0, 4593, 151, 3454, 2090, 4171, 2956, 3892, 2406, 3304, 2705, 4885, 2149, 3093, 2149, 2886, 5199, 2590, 3754, 2443, 2913, 601, 3901, 1910, 1910, 2271, 2718, 3607, 4987, 3246, 4443, 3090, 2085, 5225, 4382, 3155, 1], [4593, 0, 4687, 2705, 2990, 1143, 2406, 1062, 3778, 1531, 2847, 809, 3239, 1501, 3239, 3151, 766, 4062, 3566, 4076, 2373, 5077, 1351, 2705, 2705, 3355, 2705, 2621, 766, 1807, 3090, 2106, 2759, 1238, 1083, 3035, 4593], [151, 4687, 0, 3464, 2231, 4291, 3093, 3964, 2555, 3422, 2718, 4996, 2296, 3190, 2296, 3035, 5304, 2738, 3904, 2590, 2948, 619, 3961, 2019, 2019, 2420, 2738, 3751, 5097, 3372, 4590, 3222, 2216, 5342, 4501, 3151, 151], [3454, 2705, 3464, 0, 3246, 3277, 3402, 1651, 4246, 2755, 751, 3454, 3579, 2085, 3579, 4037, 3464, 4580, 4885, 4503, 751, 4054, 1359, 2420, 2420, 3787, 766, 4081, 3451, 3038, 4915, 3211, 2913, 3904, 3385, 425, 3454], [2090, 2990, 2231, 3246, 0, 2251, 876, 2705, 1007, 1478, 2655, 3038, 336, 1651, 336, 950, 3425, 1343, 1898, 1283, 2497, 2373, 2886, 850, 850, 542, 2555, 1531, 3165, 1291, 2406, 1062, 336, 3304, 2461, 3190, 2090], [4171, 1143, 4291, 3277, 2251, 0, 1478, 1750, 2847, 876, 3155, 809, 2420, 1359, 2420, 2149, 1238, 3093, 2443, 3133, 2718, 4563, 2085, 2291, 2291, 2484, 3005, 1508, 950, 961, 1957, 1210, 2122, 1062, 213, 3503, 4171], [2956, 2406, 3093, 3402, 876, 1478, 0, 2424, 1384, 913, 2959, 2286, 961, 1416, 961, 766, 2705, 1658, 1486, 1678, 2672, 3246, 2684, 1359, 1359, 1007, 2831, 766, 2424, 601, 1678, 301, 913, 2497, 1678, 3454, 2956], [3892, 1062, 3964, 1651, 2705, 1750, 2424, 0, 3651, 1545, 1813, 1807, 3016, 1062, 3016, 3179, 1826, 3972, 3834, 3947, 1343, 4433, 336, 2149, 2149, 3183, 1678, 2913, 1801, 1880, 3607, 2149, 2401, 2256, 1813, 1974, 3892], [2406, 3778, 2555, 4246, 1007, 2847, 1384, 3651, 0, 2256, 3632, 3654, 672, 2590, 672, 751, 4081, 336, 1384, 301, 3500, 2443, 3857, 1832, 1832, 475, 3541, 1596, 3796, 1974, 2216, 1678, 1343, 3825, 3038, 4171, 2406], [3304, 1531, 3422, 2755, 1478, 876, 913, 1545, 2256, 0, 2475, 1596, 1711, 672, 1711, 1678, 1957, 2551, 2291, 2555, 2090, 3715, 1832, 1416, 1416, 1826, 2330, 1384, 1711, 336, 2164, 619, 1291, 1922, 1083, 2898, 3304], [2705, 2847, 2718, 751, 2655, 3155, 2959, 1813, 3632, 2475, 0, 3503, 2978, 1826, 2978, 3516, 3607, 3961, 4413, 3872, 475, 3304, 1623, 1807, 1807, 3190, 151, 3691, 3532, 2705, 4570, 2819, 2334, 3947, 3301, 542, 2705], [4885, 809, 4996, 3454, 3038, 809, 2286, 1807, 3654, 1596, 3503, 0, 3222, 1880, 3222, 2948, 451, 3895, 3155, 3938, 3035, 5309, 2122, 2978, 2978, 3291, 3355, 2256, 151, 1750, 2515, 2013, 2882, 451, 619, 3754, 4885], [2149, 3239, 2296, 3579, 336, 2420, 961, 3016, 672, 1711, 2978, 3222, 0, 1957, 1, 751, 3626, 1007, 1678, 950, 2831, 2349, 3208, 1173, 1173, 213, 2882, 1478, 3355, 1478, 2296, 1210, 672, 3454, 2625, 3516, 2149], [3093, 1501, 3190, 2085, 1651, 1359, 1416, 1062, 2590, 672, 1826, 1880, 1957, 0, 1957, 2149, 2133, 2913, 2882, 2886, 1424, 3579, 1283, 1210, 1210, 2122, 1678, 2019, 1957, 961, 2831, 1173, 1359, 2286, 1531, 2231, 3093], [2149, 3239, 2296, 3579, 336, 2420, 961, 3016, 672, 1711, 2978, 3222, 1, 1957, 0, 751, 3626, 1007, 1678, 950, 2831, 2349, 3208, 1173, 1173, 213, 2882, 1478, 3355, 1478, 2296, 1210, 672, 3454, 2625, 3516, 2149], [2886, 3151, 3035, 4037, 950, 2149, 766, 3179, 751, 1678, 3516, 2948, 751, 2149, 751, 0, 3385, 950, 950, 1007, 3291, 3038, 3428, 1750, 1750, 619, 3402, 850, 3093, 1359, 1567, 1062, 1210, 3093, 2330, 4037, 2886], [5199, 766, 5304, 3464, 3425, 1238, 2705, 1826, 4081, 1957, 3607, 451, 3626, 2133, 3626, 3385, 0, 4330, 3604, 4369, 3133, 5647, 2106, 3291, 3291, 3706, 3464, 2705, 301, 2149, 2948, 2424, 3246, 637, 1062, 3799, 5199], [2590, 4062, 2738, 4580, 1343, 3093, 1658, 3972, 336, 2551, 3961, 3895, 1007, 2913, 1007, 950, 4330, 0, 1343, 151, 3834, 2555, 4185, 2164, 2164, 809, 3872, 1750, 4040, 2256, 2251, 1957, 1678, 4040, 3277, 4501, 2590], [3754, 3566, 3904, 4885, 1898, 2443, 1486, 3834, 1384, 2291, 4413, 3155, 1678, 2882, 1678, 950, 3604, 1343, 0, 1478, 4150, 3825, 4120, 2684, 2684, 1508, 4291, 950, 3304, 1957, 961, 1711, 2149, 3165, 2569, 4921, 3754], [2443, 4076, 2590, 4503, 1283, 3133, 1678, 3947, 301, 2555, 3872, 3938, 950, 2886, 950, 1007, 4369, 151, 1478, 0, 3760, 2406, 4150, 2085, 2085, 766, 3787, 1832, 4081, 2271, 2373, 1974, 1617, 4098, 3321, 4413, 2443], [2913, 2373, 2948, 751, 2497, 2718, 2672, 1343, 3500, 2090, 475, 3035, 2831, 1424, 2831, 3291, 3133, 3834, 4150, 3760, 0, 3503, 1173, 1678, 1678, 3038, 336, 3372, 3060, 2349, 4228, 2497, 2164, 3480, 2855, 809, 2913], [601, 5077, 619, 4054, 2373, 4563, 3246, 4433, 2443, 3715, 3304, 5309, 2349, 3579, 2349, 3038, 5647, 2555, 3825, 2406, 3503, 0, 4461, 2373, 2373, 2424, 3315, 3825, 5420, 3613, 4602, 3422, 2443, 5623, 4775, 3754, 601], [3901, 1351, 3961, 1359, 2886, 2085, 2684, 336, 3857, 1832, 1623, 2122, 3208, 1283, 3208, 3428, 2106, 4185, 4120, 4150, 1173, 4461, 0, 2256, 2256, 3385, 1501, 3211, 2106, 2164, 3927, 2420, 2569, 2569, 2149, 1711, 3901], [1910, 2705, 2019, 2420, 850, 2291, 1359, 2149, 1832, 1416, 1807, 2978, 1173, 1210, 1173, 1750, 3291, 2164, 2684, 2085, 1678, 2373, 2256, 0, 1, 1384, 1711, 2122, 3079, 1424, 3035, 1359, 542, 3332, 2497, 2344, 1910], [1910, 2705, 2019, 2420, 850, 2291, 1359, 2149, 1832, 1416, 1807, 2978, 1173, 1210, 1173, 1750, 3291, 2164, 2684, 2085, 1678, 2373, 2256, 1, 0, 1384, 1711, 2122, 3079, 1424, 3035, 1359, 542, 3332, 2497, 2344, 1910], [2271, 3355, 2420, 3787, 542, 2484, 1007, 3183, 475, 1826, 3190, 3291, 213, 2122, 213, 619, 3706, 809, 1508, 766, 3038, 2424, 3385, 1384, 1384, 0, 3093, 1416, 3428, 1567, 2185, 1283, 876, 3500, 2684, 3727, 2271], [2718, 2705, 2738, 766, 2555, 3005, 2831, 1678, 3541, 2330, 151, 3355, 2882, 1678, 2882, 3402, 3464, 3872, 4291, 3787, 336, 3315, 1501, 1711, 1711, 3093, 0, 3557, 3385, 2564, 4433, 2684, 2231, 3799, 3151, 637, 2718], [3607, 2621, 3751, 4081, 1531, 1508, 766, 2913, 1596, 1384, 3691, 2256, 1478, 2019, 1478, 850, 2705, 1750, 950, 1832, 3372, 3825, 3211, 2122, 2122, 1416, 3557, 0, 2406, 1062, 913, 876, 1651, 2330, 1651, 4169, 3607], [4987, 766, 5097, 3451, 3165, 950, 2424, 1801, 3796, 1711, 3532, 151, 3355, 1957, 3355, 3093, 301, 4040, 3304, 4081, 3060, 5420, 2106, 3079, 3079, 3428, 3385, 2406, 0, 1880, 2659, 2149, 3001, 475, 766, 3763, 4987], [3246, 1807, 3372, 3038, 1291, 961, 601, 1880, 1974, 336, 2705, 1750, 1478, 961, 1478, 1359, 2149, 2256, 1957, 2271, 2349, 3613, 2164, 1424, 1424, 1567, 2564, 1062, 1880, 0, 1880, 301, 1173, 2019, 1173, 3155, 3246], [4443, 3090, 4590, 4915, 2406, 1957, 1678, 3607, 2216, 2164, 4570, 2515, 2296, 2831, 2296, 1567, 2948, 2251, 961, 2373, 4228, 4602, 3927, 3035, 3035, 2185, 4433, 913, 2659, 1880, 0, 1757, 2555, 2420, 2013, 5032, 4443], [3090, 2106, 3222, 3211, 1062, 1210, 301, 2149, 1678, 619, 2819, 2013, 1210, 1173, 1210, 1062, 2424, 1957, 1711, 1974, 2497, 3422, 2420, 1359, 1359, 1283, 2684, 876, 2149, 301, 1757, 0, 1007, 2251, 1416, 3294, 3090], [2085, 2759, 2216, 2913, 336, 2122, 913, 2401, 1343, 1291, 2334, 2882, 672, 1359, 672, 1210, 3246, 1678, 2149, 1617, 2164, 2443, 2569, 542, 542, 876, 2231, 1651, 3001, 1173, 2555, 1007, 0, 3183, 2334, 2867, 2085], [5225, 1238, 5342, 3904, 3304, 1062, 2497, 2256, 3825, 1922, 3947, 451, 3454, 2286, 3454, 3093, 637, 4040, 3165, 4098, 3480, 5623, 2569, 3332, 3332, 3500, 3799, 2330, 475, 2019, 2420, 2251, 3183, 0, 850, 4204, 5225], [4382, 1083, 4501, 3385, 2461, 213, 1678, 1813, 3038, 1083, 3301, 619, 2625, 1531, 2625, 2330, 1062, 3277, 2569, 3321, 2855, 4775, 2149, 2497, 2497, 2684, 3151, 1651, 766, 1173, 2013, 1416, 2334, 850, 0, 3629, 4382], [3155, 3035, 3151, 425, 3190, 3503, 3454, 1974, 4171, 2898, 542, 3754, 3516, 2231, 3516, 4037, 3799, 4501, 4921, 4413, 809, 3754, 1711, 2344, 2344, 3727, 637, 4169, 3763, 3155, 5032, 3294, 2867, 4204, 3629, 0, 3155], [1, 4593, 151, 3454, 2090, 4171, 2956, 3892, 2406, 3304, 2705, 4885, 2149, 3093, 2149, 2886, 5199, 2590, 3754, 2443, 2913, 601, 3901, 1910, 1910, 2271, 2718, 3607, 4987, 3246, 4443, 3090, 2085, 5225, 4382, 3155, 0]], 'ttd': [[0, 2297, 76, 1728, 1046, 2086, 1478, 1947, 1203, 1653, 1353, 2443, 1075, 1547, 1075, 1444, 2600, 1296, 1877, 1222, 1457, 301, 1951, 956, 956, 1136, 1359, 1804, 2494, 1623, 2222, 1545, 1043, 2613, 2191, 1578, 1], [2297, 0, 2344, 1353, 1495, 572, 1203, 531, 1889, 766, 1424, 405, 1620, 751, 1620, 1576, 383, 2032, 1784, 2038, 1187, 2539, 676, 1353, 1353, 1678, 1353, 1311, 383, 904, 1545, 1054, 1380, 619, 542, 1518, 2297], [76, 2344, 0, 1733, 1116, 2146, 1547, 1982, 1278, 1711, 1359, 2499, 1148, 1596, 1148, 1518, 2653, 1370, 1952, 1296, 1475, 310, 1981, 1010, 1010, 1210, 1370, 1876, 2549, 1686, 2296, 1611, 1108, 2672, 2251, 1576, 76], [1728, 1353, 1733, 0, 1623, 1639, 1701, 826, 2124, 1378, 376, 1728, 1790, 1043, 1790, 2019, 1733, 2291, 2443, 2252, 376, 2027, 680, 1210, 1210, 1894, 383, 2041, 1726, 1520, 2458, 1606, 1457, 1952, 1693, 213, 1728], [1046, 1495, 1116, 1623, 0, 1126, 438, 1353, 504, 740, 1328, 1520, 169, 826, 169, 475, 1713, 672, 950, 642, 1249, 1187, 1444, 425, 425, 271, 1278, 766, 1583, 646, 1203, 531, 169, 1653, 1231, 1596, 1046], [2086, 572, 2146, 1639, 1126, 0, 740, 876, 1424, 438, 1578, 405, 1210, 680, 1210, 1075, 619, 1547, 1222, 1567, 1359, 2282, 1043, 1146, 1146, 1242, 1503, 755, 475, 481, 979, 606, 1062, 531, 107, 1752, 2086], [1478, 1203, 1547, 1701, 438, 740, 0, 1213, 692, 457, 1480, 1143, 481, 709, 481, 383, 1353, 829, 743, 840, 1336, 1623, 1343, 680, 680, 504, 1416, 383, 1213, 301, 840, 151, 457, 1249, 840, 1728, 1478], [1947, 531, 1982, 826, 1353, 876, 1213, 0, 1826, 773, 907, 904, 1508, 531, 1508, 1590, 913, 1987, 1918, 1974, 672, 2217, 169, 1075, 1075, 1592, 840, 1457, 901, 941, 1804, 1075, 1201, 1128, 907, 987, 1947], [1203, 1889, 1278, 2124, 504, 1424, 692, 1826, 0, 1128, 1817, 1827, 336, 1296, 336, 376, 2041, 169, 692, 151, 1750, 1222, 1929, 916, 916, 238, 1771, 798, 1898, 987, 1108, 840, 672, 1913, 1520, 2086, 1203], [1653, 766, 1711, 1378, 740, 438, 457, 773, 1128, 0, 1238, 798, 856, 336, 856, 840, 979, 1276, 1146, 1278, 1046, 1858, 916, 709, 709, 913, 1165, 692, 856, 169, 1083, 310, 646, 961, 542, 1449, 1653], [1353, 1424, 1359, 376, 1328, 1578, 1480, 907, 1817, 1238, 0, 1752, 1490, 913, 1490, 1758, 1804, 1981, 2207, 1937, 238, 1653, 812, 904, 904, 1596, 76, 1846, 1766, 1353, 2286, 1410, 1168, 1974, 1651, 271, 1353], [2443, 405, 2499, 1728, 1520, 405, 1143, 904, 1827, 798, 1752, 0, 1611, 941, 1611, 1475, 226, 1948, 1578, 1970, 1518, 2655, 1062, 1490, 1490, 1646, 1678, 1128, 76, 876, 1258, 1007, 1442, 226, 310, 1877, 2443], [1075, 1620, 1148, 1790, 169, 1210, 481, 1508, 336, 856, 1490, 1611, 0, 979, 1, 376, 1813, 504, 840, 475, 1416, 1175, 1604, 587, 587, 107, 1442, 740, 1678, 740, 1148, 606, 336, 1728, 1313, 1758, 1075], [1547, 751, 1596, 1043, 826, 680, 709, 531, 1296, 336, 913, 941, 979, 0, 979, 1075, 1067, 1457, 1442, 1444, 713, 1790, 642, 606, 606, 1062, 840, 1010, 979, 481, 1416, 587, 680, 1143, 766, 1116, 1547], [1075, 1620, 1148, 1790, 169, 1210, 481, 1508, 336, 856, 1490, 1611, 1, 979, 0, 376, 1813, 504, 840, 475, 1416, 1175, 1604, 587, 587, 107, 1442, 740, 1678, 740, 1148, 606, 336, 1728, 1313, 1758, 1075], [1444, 1576, 1518, 2019, 475, 1075, 383, 1590, 376, 840, 1758, 1475, 376, 1075, 376, 0, 1693, 475, 475, 504, 1646, 1520, 1715, 876, 876, 310, 1701, 425, 1547, 680, 784, 531, 606, 1547, 1165, 2019, 1444], [2600, 383, 2653, 1733, 1713, 619, 1353, 913, 2041, 979, 1804, 226, 1813, 1067, 1813, 1693, 0, 2166, 1803, 2185, 1567, 2824, 1054, 1646, 1646, 1853, 1733, 1353, 151, 1075, 1475, 1213, 1623, 319, 531, 1900, 2600], [1296, 2032, 1370, 2291, 672, 1547, 829, 1987, 169, 1276, 1981, 1948, 504, 1457, 504, 475, 2166, 0, 672, 76, 1918, 1278, 2093, 1083, 1083, 405, 1937, 876, 2020, 1128, 1126, 979, 840, 2020, 1639, 2251, 1296], [1877, 1784, 1952, 2443, 950, 1222, 743, 1918, 692, 1146, 2207, 1578, 840, 1442, 840, 475, 1803, 672, 0, 740, 2075, 1913, 2060, 1343, 1343, 755, 2146, 475, 1653, 979, 481, 856, 1075, 1583, 1285, 2461, 1877], [1222, 2038, 1296, 2252, 642, 1567, 840, 1974, 151, 1278, 1937, 1970, 475, 1444, 475, 504, 2185, 76, 740, 0, 1880, 1203, 2075, 1043, 1043, 383, 1894, 916, 2041, 1136, 1187, 987, 809, 2049, 1661, 2207, 1222], [1457, 1187, 1475, 376, 1249, 1359, 1336, 672, 1750, 1046, 238, 1518, 1416, 713, 1416, 1646, 1567, 1918, 2075, 1880, 0, 1752, 587, 840, 840, 1520, 169, 1686, 1531, 1175, 2114, 1249, 1083, 1741, 1428, 405, 1457], [301, 2539, 310, 2027, 1187, 2282, 1623, 2217, 1222, 1858, 1653, 2655, 1175, 1790, 1175, 1520, 2824, 1278, 1913, 1203, 1752, 0, 2231, 1187, 1187, 1213, 1658, 1913, 2710, 1807, 2302, 1711, 1222, 2812, 2388, 1877, 301], [1951, 676, 1981, 680, 1444, 1043, 1343, 169, 1929, 916, 812, 1062, 1604, 642, 1604, 1715, 1054, 2093, 2060, 2075, 587, 2231, 0, 1128, 1128, 1693, 751, 1606, 1054, 1083, 1964, 1210, 1285, 1285, 1075, 856, 1951], [956, 1353, 1010, 1210, 425, 1146, 680, 1075, 916, 709, 904, 1490, 587, 606, 587, 876, 1646, 1083, 1343, 1043, 840, 1187, 1128, 0, 1, 692, 856, 1062, 1540, 713, 1518, 680, 271, 1666, 1249, 1173, 956], [956, 1353, 1010, 1210, 425, 1146, 680, 1075, 916, 709, 904, 1490, 587, 606, 587, 876, 1646, 1083, 1343, 1043, 840, 1187, 1128, 1, 0, 692, 856, 1062, 1540, 713, 1518, 680, 271, 1666, 1249, 1173, 956], [1136, 1678, 1210, 1894, 271, 1242, 504, 1592, 238, 913, 1596, 1646, 107, 1062, 107, 310, 1853, 405, 755, 383, 1520, 1213, 1693, 692, 692, 0, 1547, 709, 1715, 784, 1093, 642, 438, 1750, 1343, 1864, 1136], [1359, 1353, 1370, 383, 1278, 1503, 1416, 840, 1771, 1165, 76, 1678, 1442, 840, 1442, 1701, 1733, 1937, 2146, 1894, 169, 1658, 751, 856, 856, 1547, 0, 1779, 1693, 1283, 2217, 1343, 1116, 1900, 1576, 319, 1359], [1804, 1311, 1876, 2041, 766, 755, 383, 1457, 798, 692, 1846, 1128, 740, 1010, 740, 425, 1353, 876, 475, 916, 1686, 1913, 1606, 1062, 1062, 709, 1779, 0, 1203, 531, 457, 438, 826, 1165, 826, 2085, 1804], [2494, 383, 2549, 1726, 1583, 475, 1213, 901, 1898, 856, 1766, 76, 1678, 979, 1678, 1547, 151, 2020, 1653, 2041, 1531, 2710, 1054, 1540, 1540, 1715, 1693, 1203, 0, 941, 1330, 1075, 1501, 238, 383, 1882, 2494], [1623, 904, 1686, 1520, 646, 481, 301, 941, 987, 169, 1353, 876, 740, 481, 740, 680, 1075, 1128, 979, 1136, 1175, 1807, 1083, 713, 713, 784, 1283, 531, 941, 0, 941, 151, 587, 1010, 587, 1578, 1623], [2222, 1545, 2296, 2458, 1203, 979, 840, 1804, 1108, 1083, 2286, 1258, 1148, 1416, 1148, 784, 1475, 1126, 481, 1187, 2114, 2302, 1964, 1518, 1518, 1093, 2217, 457, 1330, 941, 0, 879, 1278, 1210, 1007, 2517, 2222], [1545, 1054, 1611, 1606, 531, 606, 151, 1075, 840, 310, 1410, 1007, 606, 587, 606, 531, 1213, 979, 856, 987, 1249, 1711, 1210, 680, 680, 642, 1343, 438, 1075, 151, 879, 0, 504, 1126, 709, 1648, 1545], [1043, 1380, 1108, 1457, 169, 1062, 457, 1201, 672, 646, 1168, 1442, 336, 680, 336, 606, 1623, 840, 1075, 809, 1083, 1222, 1285, 271, 271, 438, 1116, 826, 1501, 587, 1278, 504, 0, 1592, 1168, 1434, 1043], [2613, 619, 2672, 1952, 1653, 531, 1249, 1128, 1913, 961, 1974, 226, 1728, 1143, 1728, 1547, 319, 2020, 1583, 2049, 1741, 2812, 1285, 1666, 1666, 1750, 1900, 1165, 238, 1010, 1210, 1126, 1592, 0, 425, 2102, 2613], [2191, 542, 2251, 1693, 1231, 107, 840, 907, 1520, 542, 1651, 310, 1313, 766, 1313, 1165, 531, 1639, 1285, 1661, 1428, 2388, 1075, 1249, 1249, 1343, 1576, 826, 383, 587, 1007, 709, 1168, 425, 0, 1815, 2191], [1578, 1518, 1576, 213, 1596, 1752, 1728, 987, 2086, 1449, 271, 1877, 1758, 1116, 1758, 2019, 1900, 2251, 2461, 2207, 405, 1877, 856, 1173, 1173, 1864, 319, 2085, 1882, 1578, 2517, 1648, 1434, 2102, 1815, 0, 1578], [1, 2297, 76, 1728, 1046, 2086, 1478, 1947, 1203, 1653, 1353, 2443, 1075, 1547, 1075, 1444, 2600, 1296, 1877, 1222, 1457, 301, 1951, 956, 956, 1136, 1359, 1804, 2494, 1623, 2222, 1545, 1043, 2613, 2191, 1578, 0]]}