{'nodes': [(0, 2.0, 10.5, 0, 48000, 0, False), (1, 10.0, 6.5, 20842, 29734, 40, True), (2, 12.0, 11.5, 29657, 35932, 10, True), (3, 1.0, 5.5, 15218, 21756, 40, True), (4, 5.5, 0.5, 3225, 10971, 50, True), (5, 10.5, 2.5, 22654, 29554, 50, True), (6, 5.5, 5.0, 37408, 46462, 30, False), (7, 11.0, 5.0, 23633, 27312, 50, True), (8, 11.5, 4.5, 17745, 25546, 40, True), (9, 15.0, 12.0, 16286, 22469, 50, True), (10, 6.0, 3.5, 28168, 36772, 50, True), (11, 1.0, 8.0, 0, 5392, 40, True), (12, 2.0, 6.5, 15943, 23746, 50, True), (13, 3.5, 0, 41849, 46780, 40, True), (14, 5.5, 11.5, 39728, 44706, 50, True), (15, 14.5, 10.5, 19704, 26055, 50, True), (16, 8.0, 0, 14002, 19049, 20, True), (17, 7.5, 1.5, 11037, 13271, 30, True), (18, 1.5, 11.5, 25573, 28717, 20, True), (19, 14.0, 7.0, 4762, 11452, 10, True), (20, 1.5, 12.0, 31925, 35821, 40, True), (21, 4.5, 10.5, 26957, 32311, 20, True), (22, 5.5, 7.0, 40266, 46204, 40, True), (23, 7.5, 4.5, 1802, 4966, 30, True), (24, 2.5, 6.5, 24990, 30108, 30, True), (25, 11.0, 11.0, 37224, 45805, 20, True), (26, 11.0, 5.5, 7579, 16252, 10, True), (27, 3.5, 8.0, 11757, 18671, 50, True), (28, 3.5, 4.5, 40891, 47845, 10, True), (29, 2.0, 13.5, 41889, 47350, 40, True), (30, 14.0, 14.5, 5571, 11597, 20, False), (31, 12.5, 5.5, 1667, 9207, 10, True), (32, 0, 14.5, 20655, 23560, 50, False), (33, 13.0, 14.0, 39618, 44708, 50, True), (34, 14.5, 5.5, 17447, 22714, 50, True), (35, 0.5, 3.5, 25911, 33472, 40, True), (36, 2.0, 10.5, 0, 48000, 0, False)], 'F': 20.0, 'ct': 0.083, 'cd': 0.021, 'truck_cap': 100, 'drone_cap': 20, 'truck_speed': 40, 'drone_speed': 40, 'a': 1, 'b': 2, 'max_flight_time': 3000, 'ttt': [[0, 2684, 3016, 1531, 3179, 3503, 1957, 3165, 3372, 3927, 2420, 809, 1201, 3183, 1093, 3751, 3629, 3165, 336, 3751, 475, 751, 1486, 2443, 1210, 2705, 3090, 876, 1856, 901, 3796, 3490, 1343, 3464, 4040, 2149, 1], [2684, 0, 1617, 2718, 2251, 1210, 1424, 542, 751, 2231, 1501, 2738, 2401, 2759, 2019, 1807, 2041, 1678, 2959, 1210, 3038, 2041, 1359, 961, 2251, 1384, 425, 2002, 2041, 3190, 2684, 809, 3843, 2424, 1384, 2990, 2684], [3016, 1617, 0, 3760, 3834, 2738, 2759, 1974, 2106, 913, 3001, 3464, 3355, 4291, 1951, 809, 3654, 3291, 3151, 1478, 3155, 2271, 2373, 2497, 3222, 336, 1826, 2759, 3304, 3060, 1083, 1807, 3712, 809, 1951, 4204, 3016], [1531, 2718, 3760, 0, 2019, 2990, 1359, 3005, 3165, 4632, 1617, 751, 425, 1813, 2251, 4320, 2672, 2291, 1807, 3927, 1957, 1832, 1424, 1974, 542, 3425, 3001, 1062, 809, 2420, 4744, 3451, 2718, 4413, 4051, 619, 1531], [3179, 2251, 3834, 2019, 0, 1617, 1351, 2133, 2164, 4476, 913, 2625, 2085, 619, 3301, 4037, 766, 672, 3512, 3211, 3654, 3016, 1951, 1343, 2013, 3557, 2231, 2330, 1343, 4040, 4915, 2582, 4513, 4634, 3090, 1750, 3179], [3503, 1210, 2738, 2990, 1617, 0, 1678, 766, 672, 3155, 1384, 3294, 2819, 2231, 3090, 2684, 1062, 950, 3819, 1711, 3927, 3001, 2019, 1083, 2684, 2555, 913, 2672, 2185, 4171, 3751, 1083, 4785, 3532, 1501, 3016, 3503], [1957, 1424, 2759, 1359, 1351, 1678, 0, 1651, 1807, 3541, 475, 1623, 1143, 1617, 1951, 3165, 1678, 1210, 2291, 2621, 2420, 1678, 601, 619, 1007, 2443, 1658, 1083, 619, 2759, 3825, 2106, 3294, 3516, 2705, 1567, 1957], [3165, 542, 1974, 3005, 2133, 766, 1651, 0, 213, 2420, 1567, 3133, 2738, 2705, 2555, 1957, 1750, 1486, 3454, 1083, 3541, 2555, 1757, 1062, 2590, 1801, 151, 2424, 2256, 3715, 2990, 475, 4361, 2767, 1062, 3183, 3165], [3372, 751, 2106, 3165, 2164, 672, 1807, 213, 0, 2484, 1678, 3321, 2913, 2755, 2767, 2013, 1711, 1501, 3663, 1062, 3751, 2767, 1951, 1201, 2767, 1957, 336, 2621, 2401, 3927, 3093, 425, 4573, 2886, 950, 3315, 3372], [3927, 2231, 913, 4632, 4476, 3155, 3541, 2420, 2484, 0, 3715, 4369, 4236, 4987, 2855, 475, 4169, 3872, 4054, 1531, 4051, 3183, 3222, 3183, 4098, 1238, 2291, 3654, 4120, 3927, 809, 2090, 4563, 850, 1957, 5043, 3927], [2420, 1501, 3001, 1617, 913, 1384, 475, 1567, 1678, 3715, 0, 2019, 1501, 1291, 2406, 3304, 1210, 751, 2755, 2621, 2886, 2149, 1062, 542, 1384, 2705, 1617, 1545, 809, 3232, 4081, 2041, 3760, 3787, 2621, 1651, 2420], [809, 2738, 3464, 751, 2625, 3294, 1623, 3133, 3321, 4369, 2019, 0, 542, 2515, 1711, 4120, 3190, 2759, 1062, 3913, 1210, 1291, 1384, 2216, 637, 3133, 3093, 751, 1291, 1678, 4361, 3532, 1974, 4026, 4120, 1359, 809], [1201, 2401, 3355, 425, 2085, 2819, 1143, 2738, 2913, 4236, 1501, 542, 0, 2002, 1832, 3938, 2655, 2231, 1508, 3604, 1658, 1416, 1062, 1757, 151, 3020, 2718, 637, 751, 2101, 4328, 3165, 2475, 3995, 3763, 1007, 1201], [3183, 2759, 4291, 1813, 619, 2231, 1617, 2705, 2755, 4987, 1291, 2515, 2002, 0, 3503, 4563, 1351, 1283, 3503, 3787, 3651, 3165, 2185, 1807, 1974, 3995, 2791, 2401, 1351, 4076, 5372, 3165, 4476, 5077, 3691, 1384, 3183], [1093, 2019, 1951, 2251, 3301, 3090, 1951, 2555, 2767, 2855, 2406, 1711, 1832, 3503, 0, 2718, 3532, 3060, 1201, 2886, 1210, 425, 1351, 2185, 1750, 1658, 2443, 1210, 2185, 1210, 2705, 2767, 1880, 2373, 3246, 2831, 1093], [3751, 1807, 809, 4320, 4037, 2684, 3165, 1957, 2013, 475, 3304, 4120, 3938, 4563, 2718, 0, 3706, 3422, 3913, 1062, 3927, 3001, 2898, 2767, 3796, 1062, 1832, 3385, 3760, 3857, 1210, 1617, 4513, 1143, 1501, 4697, 3751], [3629, 2041, 3654, 2672, 766, 1062, 1678, 1750, 1711, 4169, 1210, 3190, 2655, 1351, 3532, 3706, 0, 475, 3964, 2767, 4095, 3321, 2231, 1359, 2555, 3422, 1880, 2755, 1910, 4433, 4709, 2133, 4969, 4461, 2555, 2484, 3629], [3165, 1678, 3291, 2291, 672, 950, 1210, 1486, 1501, 3872, 751, 2759, 2231, 1283, 3060, 3422, 475, 0, 3500, 2555, 3629, 2847, 1757, 901, 2122, 3038, 1596, 2291, 1501, 3961, 4361, 1922, 4503, 4098, 2420, 2185, 3165], [336, 2959, 3151, 1807, 3512, 3819, 2291, 3454, 3663, 4054, 2755, 1062, 1508, 3503, 1201, 3913, 3964, 3500, 0, 3987, 151, 950, 1807, 2767, 1531, 2855, 3372, 1210, 2185, 619, 3857, 3760, 1007, 3532, 4296, 2420, 336], [3751, 1210, 1478, 3927, 3211, 1711, 2621, 1083, 1062, 1531, 2621, 3913, 3604, 3787, 2886, 1062, 2767, 2555, 3987, 0, 4040, 3038, 2551, 2090, 3454, 1501, 1007, 3165, 3239, 4095, 2251, 637, 4766, 2122, 475, 4185, 3751], [475, 3038, 3155, 1957, 3654, 3927, 2420, 3541, 3751, 4051, 2886, 1210, 1658, 3651, 1210, 3927, 4095, 3629, 151, 4040, 0, 1007, 1922, 2882, 1678, 2867, 3454, 1343, 2330, 475, 3825, 3834, 876, 3503, 4361, 2569, 475], [751, 2041, 2271, 1832, 3016, 3001, 1678, 2555, 2767, 3183, 2149, 1291, 1416, 3165, 425, 3001, 3321, 2847, 950, 3038, 1007, 0, 1093, 2013, 1343, 1957, 2461, 809, 1826, 1173, 3093, 2831, 1807, 2759, 3355, 2420, 751], [1486, 1359, 2373, 1424, 1951, 2019, 601, 1757, 1951, 3222, 1062, 1384, 1062, 2185, 1351, 2898, 2231, 1757, 1807, 2551, 1922, 1093, 0, 961, 913, 2041, 1711, 672, 961, 2216, 3402, 2149, 2791, 3079, 2738, 1832, 1486], [2443, 961, 2497, 1974, 1343, 1083, 619, 1062, 1201, 3183, 542, 2216, 1757, 1807, 2185, 2767, 1359, 901, 2767, 2090, 2882, 2013, 961, 0, 1617, 2216, 1093, 1596, 1201, 3165, 3579, 1531, 3751, 3294, 2122, 2122, 2443], [1210, 2251, 3222, 542, 2013, 2684, 1007, 2590, 2767, 4098, 1384, 637, 151, 1974, 1750, 3796, 2555, 2122, 1531, 3454, 1678, 1343, 913, 1617, 0, 2886, 2569, 542, 672, 2106, 4204, 3016, 2515, 3872, 3613, 1083, 1210], [2705, 1384, 336, 3425, 3557, 2555, 2443, 1801, 1957, 1238, 2705, 3133, 3020, 3995, 1658, 1062, 3422, 3038, 2855, 1501, 2867, 1957, 2041, 2216, 2886, 0, 1651, 2424, 2978, 2803, 1384, 1711, 3464, 1083, 1957, 3872, 2705], [3090, 425, 1826, 3001, 2231, 913, 1658, 151, 336, 2291, 1617, 3093, 2718, 2791, 2443, 1832, 1880, 1596, 3372, 1007, 3454, 2461, 1711, 1093, 2569, 1651, 0, 2373, 2271, 3613, 2847, 451, 4265, 2621, 1051, 3208, 3090], [876, 2002, 2759, 1062, 2330, 2672, 1083, 2424, 2621, 3654, 1545, 751, 637, 2401, 1210, 3385, 2755, 2291, 1210, 3165, 1343, 809, 672, 1596, 542, 2424, 2373, 0, 1051, 1711, 3706, 2803, 2216, 3372, 3385, 1623, 876], [1856, 2041, 3304, 809, 1343, 2185, 619, 2256, 2401, 4120, 809, 1291, 751, 1351, 2185, 3760, 1910, 1501, 2185, 3239, 2330, 1826, 961, 1201, 672, 2978, 2271, 1051, 0, 2738, 4351, 2718, 3179, 4032, 3315, 950, 1856], [901, 3190, 3060, 2420, 4040, 4171, 2759, 3715, 3927, 3927, 3232, 1678, 2101, 4076, 1210, 3857, 4433, 3961, 619, 4095, 475, 1173, 2216, 3165, 2106, 2803, 3613, 1711, 2738, 0, 3613, 3961, 672, 3304, 4453, 3035, 901], [3796, 2684, 1083, 4744, 4915, 3751, 3825, 2990, 3093, 809, 4081, 4361, 4328, 5372, 2705, 1210, 4709, 4361, 3857, 2251, 3825, 3093, 3402, 3579, 4204, 1384, 2847, 3706, 4351, 3613, 0, 2738, 4201, 336, 2705, 5225, 3796], [3490, 809, 1807, 3451, 2582, 1083, 2106, 475, 425, 2090, 2041, 3532, 3165, 3165, 2767, 1617, 2133, 1922, 3760, 637, 3834, 2831, 2149, 1531, 3016, 1711, 451, 2803, 2718, 3961, 2738, 0, 4622, 2555, 601, 3651, 3490], [1343, 3843, 3712, 2718, 4513, 4785, 3294, 4361, 4573, 4563, 3760, 1974, 2475, 4476, 1880, 4513, 4969, 4503, 1007, 4766, 876, 1807, 2791, 3751, 2515, 3464, 4265, 2216, 3179, 672, 4201, 4622, 0, 3904, 5121, 3304, 1343], [3464, 2424, 809, 4413, 4634, 3532, 3516, 2767, 2886, 850, 3787, 4026, 3995, 5077, 2373, 1143, 4461, 4098, 3532, 2122, 3503, 2759, 3079, 3294, 3872, 1083, 2621, 3372, 4032, 3304, 336, 2555, 3904, 0, 2590, 4898, 3464], [4040, 1384, 1951, 4051, 3090, 1501, 2705, 1062, 950, 1957, 2621, 4120, 3763, 3691, 3246, 1501, 2555, 2420, 4296, 475, 4361, 3355, 2738, 2122, 3613, 1957, 1051, 3385, 3315, 4453, 2705, 601, 5121, 2590, 0, 4244, 4040], [2149, 2990, 4204, 619, 1750, 3016, 1567, 3183, 3315, 5043, 1651, 1359, 1007, 1384, 2831, 4697, 2484, 2185, 2420, 4185, 2569, 2420, 1832, 2122, 1083, 3872, 3208, 1623, 950, 3035, 5225, 3651, 3304, 4898, 4244, 0, 2149], [1, 2684, 3016, 1531, 3179, 3503, 1957, 3165, 3372, 3927, 2420, 809, 1201, 3183, 1093, 3751, 3629, 3165, 336, 3751, 475, 751, 1486, 2443, 1210, 2705, 3090, 876, 1856, 901, 3796, 3490, 1343, 3464, 4040, 2149, 0]], 'ttd': [[0, 1343, 1508, 766, 1590, 1752, 979, 1583, 1686, 1964, 1210, 405, 601, 1592, 547, 1876, 1815, 1583, 169, 1876, 238, 376, 743, 1222, 606, 1353, 1545, 438, 929, 451, 1898, 1745, 672, 1733, 2020, 1075, 1], [1343, 0, 809, 1359, 1126, 606, 713, 271, 376, 1116, 751, 1370, 1201, 1380, 1010, 904, 1021, 840, 1480, 606, 1520, 1021, 680, 481, 1126, 692, 213, 1002, 1021, 1596, 1343, 405, 1922, 1213, 692, 1495, 1343], [1508, 809, 0, 1880, 1918, 1370, 1380, 987, 1054, 457, 1501, 1733, 1678, 2146, 976, 405, 1827, 1646, 1576, 740, 1578, 1136, 1187, 1249, 1611, 169, 913, 1380, 1653, 1531, 542, 904, 1856, 405, 976, 2102, 1508], [766, 1359, 1880, 0, 1010, 1495, 680, 1503, 1583, 2316, 809, 376, 213, 907, 1126, 2160, 1336, 1146, 904, 1964, 979, 916, 713, 987, 271, 1713, 1501, 531, 405, 1210, 2373, 1726, 1359, 2207, 2026, 310, 766], [1590, 1126, 1918, 1010, 0, 809, 676, 1067, 1083, 2238, 457, 1313, 1043, 310, 1651, 2019, 383, 336, 1757, 1606, 1827, 1508, 976, 672, 1007, 1779, 1116, 1165, 672, 2020, 2458, 1291, 2257, 2318, 1545, 876, 1590], [1752, 606, 1370, 1495, 809, 0, 840, 383, 336, 1578, 692, 1648, 1410, 1116, 1545, 1343, 531, 475, 1910, 856, 1964, 1501, 1010, 542, 1343, 1278, 457, 1336, 1093, 2086, 1876, 542, 2393, 1766, 751, 1508, 1752], [979, 713, 1380, 680, 676, 840, 0, 826, 904, 1771, 238, 812, 572, 809, 976, 1583, 840, 606, 1146, 1311, 1210, 840, 301, 310, 504, 1222, 829, 542, 310, 1380, 1913, 1054, 1648, 1758, 1353, 784, 979], [1583, 271, 987, 1503, 1067, 383, 826, 0, 107, 1210, 784, 1567, 1370, 1353, 1278, 979, 876, 743, 1728, 542, 1771, 1278, 879, 531, 1296, 901, 76, 1213, 1128, 1858, 1495, 238, 2181, 1384, 531, 1592, 1583], [1686, 376, 1054, 1583, 1083, 336, 904, 107, 0, 1242, 840, 1661, 1457, 1378, 1384, 1007, 856, 751, 1832, 531, 1876, 1384, 976, 601, 1384, 979, 169, 1311, 1201, 1964, 1547, 213, 2287, 1444, 475, 1658, 1686], [1964, 1116, 457, 2316, 2238, 1578, 1771, 1210, 1242, 0, 1858, 2185, 2118, 2494, 1428, 238, 2085, 1937, 2027, 766, 2026, 1592, 1611, 1592, 2049, 619, 1146, 1827, 2060, 1964, 405, 1046, 2282, 425, 979, 2522, 1964], [1210, 751, 1501, 809, 457, 692, 238, 784, 840, 1858, 0, 1010, 751, 646, 1203, 1653, 606, 376, 1378, 1311, 1444, 1075, 531, 271, 692, 1353, 809, 773, 405, 1617, 2041, 1021, 1880, 1894, 1311, 826, 1210], [405, 1370, 1733, 376, 1313, 1648, 812, 1567, 1661, 2185, 1010, 0, 271, 1258, 856, 2060, 1596, 1380, 531, 1957, 606, 646, 692, 1108, 319, 1567, 1547, 376, 646, 840, 2181, 1766, 987, 2013, 2060, 680, 405], [601, 1201, 1678, 213, 1043, 1410, 572, 1370, 1457, 2118, 751, 271, 0, 1002, 916, 1970, 1328, 1116, 755, 1803, 829, 709, 531, 879, 76, 1510, 1359, 319, 376, 1051, 2164, 1583, 1238, 1998, 1882, 504, 601], [1592, 1380, 2146, 907, 310, 1116, 809, 1353, 1378, 2494, 646, 1258, 1002, 0, 1752, 2282, 676, 642, 1752, 1894, 1826, 1583, 1093, 904, 987, 1998, 1396, 1201, 676, 2038, 2686, 1583, 2238, 2539, 1846, 692, 1592], [547, 1010, 976, 1126, 1651, 1545, 976, 1278, 1384, 1428, 1203, 856, 916, 1752, 0, 1359, 1766, 1531, 601, 1444, 606, 213, 676, 1093, 876, 829, 1222, 606, 1093, 606, 1353, 1384, 941, 1187, 1623, 1416, 547], [1876, 904, 405, 2160, 2019, 1343, 1583, 979, 1007, 238, 1653, 2060, 1970, 2282, 1359, 0, 1853, 1711, 1957, 531, 1964, 1501, 1449, 1384, 1898, 531, 916, 1693, 1880, 1929, 606, 809, 2257, 572, 751, 2349, 1876], [1815, 1021, 1827, 1336, 383, 531, 840, 876, 856, 2085, 606, 1596, 1328, 676, 1766, 1853, 0, 238, 1982, 1384, 2048, 1661, 1116, 680, 1278, 1711, 941, 1378, 956, 2217, 2355, 1067, 2485, 2231, 1278, 1242, 1815], [1583, 840, 1646, 1146, 336, 475, 606, 743, 751, 1937, 376, 1380, 1116, 642, 1531, 1711, 238, 0, 1750, 1278, 1815, 1424, 879, 451, 1062, 1520, 798, 1146, 751, 1981, 2181, 961, 2252, 2049, 1210, 1093, 1583], [169, 1480, 1576, 904, 1757, 1910, 1146, 1728, 1832, 2027, 1378, 531, 755, 1752, 601, 1957, 1982, 1750, 0, 1994, 76, 475, 904, 1384, 766, 1428, 1686, 606, 1093, 310, 1929, 1880, 504, 1766, 2149, 1210, 169], [1876, 606, 740, 1964, 1606, 856, 1311, 542, 531, 766, 1311, 1957, 1803, 1894, 1444, 531, 1384, 1278, 1994, 0, 2020, 1520, 1276, 1046, 1728, 751, 504, 1583, 1620, 2048, 1126, 319, 2383, 1062, 238, 2093, 1876], [238, 1520, 1578, 979, 1827, 1964, 1210, 1771, 1876, 2026, 1444, 606, 829, 1826, 606, 1964, 2048, 1815, 76, 2020, 0, 504, 961, 1442, 840, 1434, 1728, 672, 1165, 238, 1913, 1918, 438, 1752, 2181, 1285, 238], [376, 1021, 1136, 916, 1508, 1501, 840, 1278, 1384, 1592, 1075, 646, 709, 1583, 213, 1501, 1661, 1424, 475, 1520, 504, 0, 547, 1007, 672, 979, 1231, 405, 913, 587, 1547, 1416, 904, 1380, 1678, 1210, 376], [743, 680, 1187, 713, 976, 1010, 301, 879, 976, 1611, 531, 692, 531, 1093, 676, 1449, 1116, 879, 904, 1276, 961, 547, 0, 481, 457, 1021, 856, 336, 481, 1108, 1701, 1075, 1396, 1540, 1370, 916, 743], [1222, 481, 1249, 987, 672, 542, 310, 531, 601, 1592, 271, 1108, 879, 904, 1093, 1384, 680, 451, 1384, 1046, 1442, 1007, 481, 0, 809, 1108, 547, 798, 601, 1583, 1790, 766, 1876, 1648, 1062, 1062, 1222], [606, 1126, 1611, 271, 1007, 1343, 504, 1296, 1384, 2049, 692, 319, 76, 987, 876, 1898, 1278, 1062, 766, 1728, 840, 672, 457, 809, 0, 1444, 1285, 271, 336, 1054, 2102, 1508, 1258, 1937, 1807, 542, 606], [1353, 692, 169, 1713, 1779, 1278, 1222, 901, 979, 619, 1353, 1567, 1510, 1998, 829, 531, 1711, 1520, 1428, 751, 1434, 979, 1021, 1108, 1444, 0, 826, 1213, 1490, 1402, 692, 856, 1733, 542, 979, 1937, 1353], [1545, 213, 913, 1501, 1116, 457, 829, 76, 169, 1146, 809, 1547, 1359, 1396, 1222, 916, 941, 798, 1686, 504, 1728, 1231, 856, 547, 1285, 826, 0, 1187, 1136, 1807, 1424, 226, 2133, 1311, 526, 1604, 1545], [438, 1002, 1380, 531, 1165, 1336, 542, 1213, 1311, 1827, 773, 376, 319, 1201, 606, 1693, 1378, 1146, 606, 1583, 672, 405, 336, 798, 271, 1213, 1187, 0, 526, 856, 1853, 1402, 1108, 1686, 1693, 812, 438], [929, 1021, 1653, 405, 672, 1093, 310, 1128, 1201, 2060, 405, 646, 376, 676, 1093, 1880, 956, 751, 1093, 1620, 1165, 913, 481, 601, 336, 1490, 1136, 526, 0, 1370, 2176, 1359, 1590, 2016, 1658, 475, 929], [451, 1596, 1531, 1210, 2020, 2086, 1380, 1858, 1964, 1964, 1617, 840, 1051, 2038, 606, 1929, 2217, 1981, 310, 2048, 238, 587, 1108, 1583, 1054, 1402, 1807, 856, 1370, 0, 1807, 1981, 336, 1653, 2227, 1518, 451], [1898, 1343, 542, 2373, 2458, 1876, 1913, 1495, 1547, 405, 2041, 2181, 2164, 2686, 1353, 606, 2355, 2181, 1929, 1126, 1913, 1547, 1701, 1790, 2102, 692, 1424, 1853, 2176, 1807, 0, 1370, 2101, 169, 1353, 2613, 1898], [1745, 405, 904, 1726, 1291, 542, 1054, 238, 213, 1046, 1021, 1766, 1583, 1583, 1384, 809, 1067, 961, 1880, 319, 1918, 1416, 1075, 766, 1508, 856, 226, 1402, 1359, 1981, 1370, 0, 2311, 1278, 301, 1826, 1745], [672, 1922, 1856, 1359, 2257, 2393, 1648, 2181, 2287, 2282, 1880, 987, 1238, 2238, 941, 2257, 2485, 2252, 504, 2383, 438, 904, 1396, 1876, 1258, 1733, 2133, 1108, 1590, 336, 2101, 2311, 0, 1952, 2561, 1653, 672], [1733, 1213, 405, 2207, 2318, 1766, 1758, 1384, 1444, 425, 1894, 2013, 1998, 2539, 1187, 572, 2231, 2049, 1766, 1062, 1752, 1380, 1540, 1648, 1937, 542, 1311, 1686, 2016, 1653, 169, 1278, 1952, 0, 1296, 2450, 1733], [2020, 692, 976, 2026, 1545, 751, 1353, 531, 475, 979, 1311, 2060, 1882, 1846, 1623, 751, 1278, 1210, 2149, 238, 2181, 1678, 1370, 1062, 1807, 979, 526, 1693, 1658, 2227, 1353, 301, 2561, 1296, 0, 2122, 2020], [1075, 1495, 2102, 310, 876, 1508, 784, 1592, 1658, 2522, 826, 680, 504, 692, 1416, 2349, 1242, 1093, 1210, 2093, 1285, 1210, 916, 1062, 542, 1937, 1604, 812, 475, 1518, 2613, 1826, 1653, 2450, 2122, 0, 1075], [1, 1343, 1508, 766, 1590, 1752, 979, 1583, 1686, 1964, 1210, 405, 601, 1592, 547, 1876, 1815, 1583, 169, 1876, 238, 376, 743, 1222, 606, 1353, 1545, 438, 929, 451, 1898, 1745, 672, 1733, 2020, 1075, 0]]}