{'nodes': [(0, 9.0, 2.5, 0, 48000, 0, False), (1, 10.5, 9.5, 40501, 48000, 10, True), (2, 14.5, 9.5, 2115, 7198, 50, True), (3, 0.5, 10.0, 35557, 38929, 30, True), (4, 7.0, 8.0, 29441, 36759, 10, True), (5, 10.5, 7.0, 37992, 45903, 50, True), (6, 12.5, 4.5, 29648, 36697, 40, True), (7, 11.5, 6.5, 16644, 17528, 40, True), (8, 2.0, 15.0, 24504, 27433, 10, True), (9, 1.0, 6.5, 38361, 45588, 10, False), (10, 8.5, 4.5, 0, 7025, 30, True), (11, 10.0, 11.0, 37495, 40505, 40, False), (12, 13.0, 9.0, 27560, 35500, 50, True), (13, 5.5, 10.0, 6834, 15072, 50, True), (14, 0.5, 12.5, 39710, 45745, 50, True), (15, 9.5, 3.0, 12803, 16125, 50, False), (16, 6.5, 1.0, 0, 3445, 10, True), (17, 0, 10.0, 11835, 17111, 50, True), (18, 14.5, 5.5, 20979, 28361, 10, True), (19, 11.0, 9.0, 0, 7160, 20, True), (20, 0, 5.0, 25876, 29902, 30, True), (21, 8.0, 2.5, 18473, 24269, 10, True), (22, 11.5, 0, 13361, 19291, 20, True), (23, 11.5, 11.5, 32014, 37664, 30, True), (24, 11.0, 3.5, 25576, 33468, 50, True), (25, 10.0, 14.5, 40246, 45702, 30, True), (26, 9.5, 0.5, 38357, 44217, 30, True), (27, 4.0, 11.0, 37639, 40672, 20, True), (28, 7.5, 2.0, 41229, 47522, 20, True), (29, 4.0, 9.5, 36929, 41052, 10, True), (30, 7.0, 7.0, 18515, 28286, 10, True), (31, 8.5, 10.0, 2082, 8379, 10, True), (32, 4.0, 10.0, 18562, 24930, 20, True), (33, 1.0, 7.0, 25982, 32180, 20, True), (34, 5.0, 5.5, 43294, 46952, 10, True), (35, 1.5, 2.0, 28130, 33259, 10, True), (36, 9.0, 2.5, 0, 48000, 0, False)], 'F': 20.0, 'ct': 0.083, 'cd': 0.021, 'truck_cap': 100, 'drone_cap': 20, 'truck_speed': 40, 'drone_speed': 40, 'a': 1, 'b': 2, 'max_flight_time': 3000, 'ttt': [[0, 2149, 2672, 3402, 1757, 1424, 1210, 1416, 4299, 2684, 619, 2569, 2291, 2484, 3938, 213, 876, 3516, 1880, 2041, 2803, 301, 1062, 2803, 672, 3613, 619, 2959, 475, 2582, 1478, 2256, 2705, 2755, 1501, 2256, 1], [2149, 0, 1201, 3005, 1143, 751, 1617, 950, 3038, 2990, 1617, 475, 766, 1508, 3133, 1974, 2819, 3155, 1698, 213, 3428, 2231, 2867, 672, 1807, 1508, 2718, 2002, 2424, 1951, 1291, 619, 1957, 2948, 2041, 3516, 2149], [2672, 1201, 0, 4204, 2296, 1416, 1617, 1274, 4098, 4150, 2344, 1424, 475, 2705, 4296, 2461, 3503, 4354, 1201, 1062, 4556, 2867, 2990, 1083, 2085, 2019, 3090, 3183, 3079, 3151, 2373, 1807, 3155, 4120, 3093, 4503, 2672], [3402, 3005, 4204, 0, 2041, 3133, 3961, 3464, 1567, 1062, 2913, 2867, 3763, 1501, 751, 3422, 3246, 151, 4413, 3165, 1508, 3183, 4461, 3332, 3706, 3155, 3927, 1093, 3190, 1062, 2149, 2401, 1051, 913, 1910, 2420, 3402], [1757, 1143, 2296, 2041, 0, 1093, 1957, 1424, 2582, 1856, 1143, 1274, 1826, 751, 2373, 1678, 2106, 2185, 2373, 1238, 2286, 1678, 2755, 1711, 1807, 2149, 2373, 1274, 1807, 1007, 301, 751, 1083, 1826, 961, 2443, 1757], [1424, 751, 1416, 3133, 1093, 0, 961, 336, 3503, 2855, 961, 1210, 961, 1750, 3425, 1238, 2164, 3277, 1283, 619, 3208, 1545, 2122, 1384, 1062, 2256, 1974, 2291, 1750, 2090, 1051, 1083, 2149, 2851, 1711, 3090, 1424], [1210, 1617, 1617, 3961, 1957, 961, 0, 672, 4456, 3503, 1201, 2090, 1359, 2672, 4328, 1007, 2085, 4098, 672, 1424, 3754, 1478, 1384, 2122, 542, 3093, 1501, 3211, 1678, 2959, 1813, 2041, 3038, 3532, 2271, 3385, 1210], [1416, 950, 1274, 3464, 1424, 336, 672, 0, 3825, 3151, 1083, 1424, 876, 2085, 3760, 1210, 2231, 3607, 950, 766, 3480, 1596, 1951, 1501, 913, 2443, 1898, 2625, 1807, 2424, 1359, 1384, 2484, 3155, 1974, 3291, 1416], [4299, 3038, 4098, 1567, 2582, 3503, 4456, 3825, 0, 2569, 3706, 2684, 3760, 1832, 876, 4246, 4413, 1617, 4711, 3246, 3060, 4161, 5328, 3038, 4382, 2406, 4898, 1343, 4236, 1757, 2831, 2461, 1617, 2420, 2990, 3904, 4299], [2684, 2990, 4150, 1062, 1856, 2855, 3503, 3151, 2569, 0, 2330, 3020, 3678, 1711, 1807, 2759, 2334, 1093, 4062, 3093, 542, 2420, 3706, 3490, 3133, 3613, 3122, 1623, 2373, 1274, 1807, 2484, 1384, 151, 1238, 1359, 2684], [619, 1617, 2344, 2913, 1143, 961, 1201, 1083, 3706, 2330, 0, 2002, 1910, 1880, 3395, 542, 1210, 3038, 1826, 1545, 2555, 619, 1623, 2286, 809, 3035, 1238, 2373, 809, 2019, 876, 1651, 2133, 2373, 1093, 2231, 619], [2569, 475, 1424, 2867, 1274, 1210, 2090, 1424, 2684, 3020, 2002, 0, 1083, 1384, 2886, 2406, 3179, 3016, 2133, 672, 3500, 2621, 3332, 475, 2271, 1051, 3155, 1801, 2803, 1856, 1501, 542, 1826, 2956, 2231, 3715, 2569], [2291, 766, 475, 3763, 1826, 961, 1359, 876, 3760, 3678, 1910, 1083, 0, 2271, 3895, 2085, 3093, 3913, 1143, 601, 4081, 2461, 2738, 876, 1757, 1880, 2759, 2767, 2672, 2705, 1898, 1384, 2718, 3651, 2621, 4040, 2291], [2484, 1508, 2705, 1501, 751, 1750, 2672, 2085, 1832, 1711, 1880, 1384, 2271, 0, 1678, 2420, 2718, 1651, 3020, 1678, 2231, 2373, 3500, 1856, 2555, 1910, 3093, 542, 2475, 475, 1007, 901, 451, 1623, 1359, 2684, 2484], [3938, 3133, 4296, 751, 2373, 3425, 4328, 3760, 876, 1807, 3395, 2886, 3895, 1678, 0, 3927, 3892, 766, 4697, 3321, 2256, 3751, 4996, 3315, 4150, 2913, 4501, 1143, 3787, 1384, 2555, 2515, 1291, 1658, 2497, 3165, 3938], [213, 1974, 2461, 3422, 1678, 1238, 1007, 1210, 4246, 2759, 542, 2406, 2085, 2420, 3927, 0, 1083, 3541, 1678, 1856, 2913, 475, 1083, 2621, 475, 3454, 751, 2913, 672, 2555, 1416, 2122, 2672, 2819, 1545, 2420, 213], [876, 2819, 3503, 3246, 2106, 2164, 2085, 2231, 4413, 2334, 1210, 3179, 3093, 2718, 3892, 1083, 0, 3332, 2755, 2755, 2291, 637, 1531, 3490, 1545, 4185, 913, 3093, 425, 2659, 1807, 2767, 2803, 2443, 1424, 1531, 876], [3516, 3155, 4354, 151, 2185, 3277, 4098, 3607, 1617, 1093, 3038, 3016, 3913, 1651, 766, 3541, 3332, 0, 4556, 3315, 1501, 3291, 4573, 3480, 3834, 3291, 4032, 1238, 3291, 1210, 2286, 2551, 1201, 950, 2019, 2443, 3516], [1880, 1698, 1201, 4413, 2373, 1283, 672, 950, 4711, 4062, 1826, 2133, 1143, 3020, 4697, 1678, 2755, 4556, 0, 1486, 4354, 2149, 1880, 2013, 1210, 3020, 2122, 3557, 2349, 3372, 2296, 2251, 3428, 4076, 2851, 4040, 1880], [2041, 213, 1062, 3165, 1238, 619, 1424, 766, 3246, 3093, 1545, 672, 601, 1678, 3321, 1856, 2755, 3315, 1486, 0, 3512, 2149, 2705, 766, 1651, 1678, 2590, 2185, 2349, 2106, 1343, 809, 2122, 3060, 2085, 3541, 2041], [2803, 3428, 4556, 1508, 2286, 3208, 3754, 3480, 3060, 542, 2555, 3500, 4081, 2231, 2256, 2913, 2291, 1501, 4354, 3512, 0, 2515, 3763, 3964, 3332, 4139, 3155, 2164, 2424, 1807, 2185, 2959, 1922, 672, 1508, 1007, 2803], [301, 2231, 2867, 3183, 1678, 1545, 1478, 1596, 4161, 2420, 619, 2621, 2461, 2373, 3751, 475, 637, 3291, 2149, 2149, 2515, 0, 1291, 2898, 950, 3651, 751, 2819, 213, 2420, 1384, 2256, 2551, 2497, 1274, 1957, 301], [1062, 2867, 2990, 4461, 2755, 2122, 1384, 1951, 5328, 3706, 1623, 3332, 2738, 3500, 4996, 1083, 1531, 4573, 1880, 2705, 3763, 1291, 0, 3451, 1062, 4374, 619, 3995, 1343, 3632, 2497, 3133, 3751, 3787, 2555, 3060, 1062], [2803, 672, 1083, 3332, 1711, 1384, 2122, 1501, 3038, 3490, 2286, 475, 876, 1856, 3315, 2621, 3490, 3480, 2013, 766, 3964, 2898, 3451, 0, 2406, 1007, 3355, 2256, 3093, 2330, 1910, 1007, 2296, 3428, 2655, 4139, 2803], [672, 1807, 2085, 3706, 1807, 1062, 542, 913, 4382, 3133, 809, 2271, 1757, 2555, 4150, 475, 1545, 3834, 1210, 1651, 3332, 950, 1062, 2406, 0, 3315, 1007, 3079, 1143, 2767, 1596, 2090, 2867, 3179, 1898, 2886, 672], [3613, 1508, 2019, 3155, 2149, 2256, 3093, 2443, 2406, 3613, 3035, 1051, 1880, 1910, 2913, 3454, 4185, 3291, 3020, 1678, 4139, 3651, 4374, 1007, 3315, 0, 4204, 2085, 3825, 2344, 2424, 1424, 2251, 3516, 3090, 4536, 3613], [619, 2718, 3090, 3927, 2373, 1974, 1501, 1898, 4898, 3122, 1238, 3155, 2759, 3093, 4501, 751, 913, 4032, 2122, 2590, 3155, 751, 619, 3355, 1007, 4204, 0, 3557, 751, 3165, 2090, 2867, 3294, 3211, 2019, 2443, 619], [2959, 2002, 3183, 1093, 1274, 2291, 3211, 2625, 1343, 1623, 2373, 1801, 2767, 542, 1143, 2913, 3093, 1238, 3557, 2185, 2164, 2819, 3995, 2256, 3079, 2085, 3557, 0, 2898, 451, 1501, 1384, 301, 1501, 1678, 2803, 2959], [475, 2424, 3079, 3190, 1807, 1750, 1678, 1807, 4236, 2373, 809, 2803, 2672, 2475, 3787, 672, 425, 3291, 2349, 2349, 2424, 213, 1343, 3093, 1143, 3825, 751, 2898, 0, 2484, 1508, 2420, 2621, 2461, 1291, 1801, 475], [2582, 1951, 3151, 1062, 1007, 2090, 2959, 2424, 1757, 1274, 2019, 1856, 2705, 475, 1384, 2555, 2659, 1210, 3372, 2106, 1807, 2420, 3632, 2330, 2767, 2344, 3165, 451, 2484, 0, 1173, 1359, 151, 1173, 1238, 2373, 2582], [1478, 1291, 2373, 2149, 301, 1051, 1813, 1359, 2831, 1807, 876, 1501, 1898, 1007, 2555, 1416, 1807, 2286, 2296, 1343, 2185, 1384, 2497, 1910, 1596, 2424, 2090, 1501, 1508, 1173, 0, 1007, 1274, 1801, 751, 2231, 1478], [2256, 619, 1807, 2401, 751, 1083, 2041, 1384, 2461, 2484, 1651, 542, 1384, 901, 2515, 2122, 2767, 2551, 2251, 809, 2959, 2256, 3133, 1007, 2090, 1424, 2867, 1384, 2420, 1359, 1007, 0, 1351, 2424, 1711, 3190, 2256], [2705, 1957, 3155, 1051, 1083, 2149, 3038, 2484, 1617, 1384, 2133, 1826, 2718, 451, 1291, 2672, 2803, 1201, 3428, 2122, 1922, 2551, 3751, 2296, 2867, 2251, 3294, 301, 2621, 151, 1274, 1351, 0, 1274, 1384, 2515, 2705], [2755, 2948, 4120, 913, 1826, 2851, 3532, 3155, 2420, 151, 2373, 2956, 3651, 1623, 1658, 2819, 2443, 950, 4076, 3060, 672, 2497, 3787, 3428, 3179, 3516, 3211, 1501, 2461, 1173, 1801, 2424, 1274, 0, 1283, 1508, 2755], [1501, 2041, 3093, 1910, 961, 1711, 2271, 1974, 2990, 1238, 1093, 2231, 2621, 1359, 2497, 1545, 1424, 2019, 2851, 2085, 1508, 1274, 2555, 2655, 1898, 3090, 2019, 1678, 1291, 1238, 751, 1711, 1384, 1283, 0, 1486, 1501], [2256, 3516, 4503, 2420, 2443, 3090, 3385, 3291, 3904, 1359, 2231, 3715, 4040, 2684, 3165, 2420, 1531, 2443, 4040, 3541, 1007, 1957, 3060, 4139, 2886, 4536, 2443, 2803, 1801, 2373, 2231, 3190, 2515, 1508, 1486, 0, 2256], [1, 2149, 2672, 3402, 1757, 1424, 1210, 1416, 4299, 2684, 619, 2569, 2291, 2484, 3938, 213, 876, 3516, 1880, 2041, 2803, 301, 1062, 2803, 672, 3613, 619, 2959, 475, 2582, 1478, 2256, 2705, 2755, 1501, 2256, 0]], 'ttd': [[0, 1075, 1336, 1701, 879, 713, 606, 709, 2150, 1343, 310, 1285, 1146, 1242, 1970, 107, 438, 1758, 941, 1021, 1402, 151, 531, 1402, 336, 1807, 310, 1480, 238, 1291, 740, 1128, 1353, 1378, 751, 1128, 1], [1075, 0, 601, 1503, 572, 376, 809, 475, 1520, 1495, 809, 238, 383, 755, 1567, 987, 1410, 1578, 850, 107, 1715, 1116, 1434, 336, 904, 755, 1359, 1002, 1213, 976, 646, 310, 979, 1475, 1021, 1758, 1075], [1336, 601, 0, 2102, 1148, 709, 809, 637, 2049, 2075, 1173, 713, 238, 1353, 2149, 1231, 1752, 2177, 601, 531, 2278, 1434, 1495, 542, 1043, 1010, 1545, 1592, 1540, 1576, 1187, 904, 1578, 2060, 1547, 2252, 1336], [1701, 1503, 2102, 0, 1021, 1567, 1981, 1733, 784, 531, 1457, 1434, 1882, 751, 376, 1711, 1623, 76, 2207, 1583, 755, 1592, 2231, 1666, 1853, 1578, 1964, 547, 1596, 531, 1075, 1201, 526, 457, 956, 1210, 1701], [879, 572, 1148, 1021, 0, 547, 979, 713, 1291, 929, 572, 637, 913, 376, 1187, 840, 1054, 1093, 1187, 619, 1143, 840, 1378, 856, 904, 1075, 1187, 637, 904, 504, 151, 376, 542, 913, 481, 1222, 879], [713, 376, 709, 1567, 547, 0, 481, 169, 1752, 1428, 481, 606, 481, 876, 1713, 619, 1083, 1639, 642, 310, 1604, 773, 1062, 692, 531, 1128, 987, 1146, 876, 1046, 526, 542, 1075, 1426, 856, 1545, 713], [606, 809, 809, 1981, 979, 481, 0, 336, 2228, 1752, 601, 1046, 680, 1336, 2164, 504, 1043, 2049, 336, 713, 1877, 740, 692, 1062, 271, 1547, 751, 1606, 840, 1480, 907, 1021, 1520, 1766, 1136, 1693, 606], [709, 475, 637, 1733, 713, 169, 336, 0, 1913, 1576, 542, 713, 438, 1043, 1880, 606, 1116, 1804, 475, 383, 1741, 798, 976, 751, 457, 1222, 950, 1313, 904, 1213, 680, 692, 1242, 1578, 987, 1646, 709], [2150, 1520, 2049, 784, 1291, 1752, 2228, 1913, 0, 1285, 1853, 1343, 1880, 916, 438, 2124, 2207, 809, 2356, 1623, 1531, 2081, 2664, 1520, 2191, 1203, 2450, 672, 2118, 879, 1416, 1231, 809, 1210, 1495, 1952, 2150], [1343, 1495, 2075, 531, 929, 1428, 1752, 1576, 1285, 0, 1165, 1510, 1840, 856, 904, 1380, 1168, 547, 2032, 1547, 271, 1210, 1853, 1745, 1567, 1807, 1562, 812, 1187, 637, 904, 1242, 692, 76, 619, 680, 1343], [310, 809, 1173, 1457, 572, 481, 601, 542, 1853, 1165, 0, 1002, 956, 941, 1698, 271, 606, 1520, 913, 773, 1278, 310, 812, 1143, 405, 1518, 619, 1187, 405, 1010, 438, 826, 1067, 1187, 547, 1116, 310], [1285, 238, 713, 1434, 637, 606, 1046, 713, 1343, 1510, 1002, 0, 542, 692, 1444, 1203, 1590, 1508, 1067, 336, 1750, 1311, 1666, 238, 1136, 526, 1578, 901, 1402, 929, 751, 271, 913, 1478, 1116, 1858, 1285], [1146, 383, 238, 1882, 913, 481, 680, 438, 1880, 1840, 956, 542, 0, 1136, 1948, 1043, 1547, 1957, 572, 301, 2041, 1231, 1370, 438, 879, 941, 1380, 1384, 1336, 1353, 950, 692, 1359, 1826, 1311, 2020, 1146], [1242, 755, 1353, 751, 376, 876, 1336, 1043, 916, 856, 941, 692, 1136, 0, 840, 1210, 1359, 826, 1510, 840, 1116, 1187, 1750, 929, 1278, 956, 1547, 271, 1238, 238, 504, 451, 226, 812, 680, 1343, 1242], [1970, 1567, 2149, 376, 1187, 1713, 2164, 1880, 438, 904, 1698, 1444, 1948, 840, 0, 1964, 1947, 383, 2349, 1661, 1128, 1876, 2499, 1658, 2075, 1457, 2251, 572, 1894, 692, 1278, 1258, 646, 829, 1249, 1583, 1970], [107, 987, 1231, 1711, 840, 619, 504, 606, 2124, 1380, 271, 1203, 1043, 1210, 1964, 0, 542, 1771, 840, 929, 1457, 238, 542, 1311, 238, 1728, 376, 1457, 336, 1278, 709, 1062, 1336, 1410, 773, 1210, 107], [438, 1410, 1752, 1623, 1054, 1083, 1043, 1116, 2207, 1168, 606, 1590, 1547, 1359, 1947, 542, 0, 1666, 1378, 1378, 1146, 319, 766, 1745, 773, 2093, 457, 1547, 213, 1330, 904, 1384, 1402, 1222, 713, 766, 438], [1758, 1578, 2177, 76, 1093, 1639, 2049, 1804, 809, 547, 1520, 1508, 1957, 826, 383, 1771, 1666, 0, 2278, 1658, 751, 1646, 2287, 1741, 1918, 1646, 2016, 619, 1646, 606, 1143, 1276, 601, 475, 1010, 1222, 1758], [941, 850, 601, 2207, 1187, 642, 336, 475, 2356, 2032, 913, 1067, 572, 1510, 2349, 840, 1378, 2278, 0, 743, 2177, 1075, 941, 1007, 606, 1510, 1062, 1779, 1175, 1686, 1148, 1126, 1715, 2038, 1426, 2020, 941], [1021, 107, 531, 1583, 619, 310, 713, 383, 1623, 1547, 773, 336, 301, 840, 1661, 929, 1378, 1658, 743, 0, 1757, 1075, 1353, 383, 826, 840, 1296, 1093, 1175, 1054, 672, 405, 1062, 1531, 1043, 1771, 1021], [1402, 1715, 2278, 755, 1143, 1604, 1877, 1741, 1531, 271, 1278, 1750, 2041, 1116, 1128, 1457, 1146, 751, 2177, 1757, 0, 1258, 1882, 1982, 1666, 2070, 1578, 1083, 1213, 904, 1093, 1480, 961, 336, 755, 504, 1402], [151, 1116, 1434, 1592, 840, 773, 740, 798, 2081, 1210, 310, 1311, 1231, 1187, 1876, 238, 319, 1646, 1075, 1075, 1258, 0, 646, 1449, 475, 1826, 376, 1410, 107, 1210, 692, 1128, 1276, 1249, 637, 979, 151], [531, 1434, 1495, 2231, 1378, 1062, 692, 976, 2664, 1853, 812, 1666, 1370, 1750, 2499, 542, 766, 2287, 941, 1353, 1882, 646, 0, 1726, 531, 2188, 310, 1998, 672, 1817, 1249, 1567, 1876, 1894, 1278, 1531, 531], [1402, 336, 542, 1666, 856, 692, 1062, 751, 1520, 1745, 1143, 238, 438, 929, 1658, 1311, 1745, 1741, 1007, 383, 1982, 1449, 1726, 0, 1203, 504, 1678, 1128, 1547, 1165, 956, 504, 1148, 1715, 1328, 2070, 1402], [336, 904, 1043, 1853, 904, 531, 271, 457, 2191, 1567, 405, 1136, 879, 1278, 2075, 238, 773, 1918, 606, 826, 1666, 475, 531, 1203, 0, 1658, 504, 1540, 572, 1384, 798, 1046, 1434, 1590, 950, 1444, 336], [1807, 755, 1010, 1578, 1075, 1128, 1547, 1222, 1203, 1807, 1518, 526, 941, 956, 1457, 1728, 2093, 1646, 1510, 840, 2070, 1826, 2188, 504, 1658, 0, 2102, 1043, 1913, 1173, 1213, 713, 1126, 1758, 1545, 2268, 1807], [310, 1359, 1545, 1964, 1187, 987, 751, 950, 2450, 1562, 619, 1578, 1380, 1547, 2251, 376, 457, 2016, 1062, 1296, 1578, 376, 310, 1678, 504, 2102, 0, 1779, 376, 1583, 1046, 1434, 1648, 1606, 1010, 1222, 310], [1480, 1002, 1592, 547, 637, 1146, 1606, 1313, 672, 812, 1187, 901, 1384, 271, 572, 1457, 1547, 619, 1779, 1093, 1083, 1410, 1998, 1128, 1540, 1043, 1779, 0, 1449, 226, 751, 692, 151, 751, 840, 1402, 1480], [238, 1213, 1540, 1596, 904, 876, 840, 904, 2118, 1187, 405, 1402, 1336, 1238, 1894, 336, 213, 1646, 1175, 1175, 1213, 107, 672, 1547, 572, 1913, 376, 1449, 0, 1242, 755, 1210, 1311, 1231, 646, 901, 238], [1291, 976, 1576, 531, 504, 1046, 1480, 1213, 879, 637, 1010, 929, 1353, 238, 692, 1278, 1330, 606, 1686, 1054, 904, 1210, 1817, 1165, 1384, 1173, 1583, 226, 1242, 0, 587, 680, 76, 587, 619, 1187, 1291], [740, 646, 1187, 1075, 151, 526, 907, 680, 1416, 904, 438, 751, 950, 504, 1278, 709, 904, 1143, 1148, 672, 1093, 692, 1249, 956, 798, 1213, 1046, 751, 755, 587, 0, 504, 637, 901, 376, 1116, 740], [1128, 310, 904, 1201, 376, 542, 1021, 692, 1231, 1242, 826, 271, 692, 451, 1258, 1062, 1384, 1276, 1126, 405, 1480, 1128, 1567, 504, 1046, 713, 1434, 692, 1210, 680, 504, 0, 676, 1213, 856, 1596, 1128], [1353, 979, 1578, 526, 542, 1075, 1520, 1242, 809, 692, 1067, 913, 1359, 226, 646, 1336, 1402, 601, 1715, 1062, 961, 1276, 1876, 1148, 1434, 1126, 1648, 151, 1311, 76, 637, 676, 0, 637, 692, 1258, 1353], [1378, 1475, 2060, 457, 913, 1426, 1766, 1578, 1210, 76, 1187, 1478, 1826, 812, 829, 1410, 1222, 475, 2038, 1531, 336, 1249, 1894, 1715, 1590, 1758, 1606, 751, 1231, 587, 901, 1213, 637, 0, 642, 755, 1378], [751, 1021, 1547, 956, 481, 856, 1136, 987, 1495, 619, 547, 1116, 1311, 680, 1249, 773, 713, 1010, 1426, 1043, 755, 637, 1278, 1328, 950, 1545, 1010, 840, 646, 619, 376, 856, 692, 642, 0, 743, 751], [1128, 1758, 2252, 1210, 1222, 1545, 1693, 1646, 1952, 680, 1116, 1858, 2020, 1343, 1583, 1210, 766, 1222, 2020, 1771, 504, 979, 1531, 2070, 1444, 2268, 1222, 1402, 901, 1187, 1116, 1596, 1258, 755, 743, 0, 1128], [1, 1075, 1336, 1701, 879, 713, 606, 709, 2150, 1343, 310, 1285, 1146, 1242, 1970, 107, 438, 1758, 941, 1021, 1402, 151, 531, 1402, 336, 1807, 310, 1480, 238, 1291, 740, 1128, 1353, 1378, 751, 1128, 0]]}