{'nodes': [(0, 0, 0, 0, 48000, 0, False), (1, -6.976643393944188, -7.792581889606718, 22835, 28624, 40, True), (2, -1.6959927387150349, -1.9017798326048128, 41462, 48000, 10, True), (3, -10.498458872794936, 7.12040926547964, 31437, 36013, 10, True), (4, -5.459910127565375, -4.5254670861781, 6935, 16286, 20, True), (5, -2.6164607565603824, -13.657534097538218, 8483, 12239, 10, True), (6, 0.9690932866331009, -0.8378175185678751, 33263, 39425, 50, True), (7, -9.047593225780366, -3.3790303655722282, 24633, 30056, 10, False), (8, 4.4469062200849105, -4.738781161072087, 32007, 38097, 40, True), (9, -1.7553160151667722, -1.4660966940404572, 19650, 24096, 20, True), (10, 9.811188243848468, -2.8097330413506696, 23743, 30737, 40, True), (11, 6.05597376159719, -1.2769309848325006, 36023, 45803, 20, True), (12, 4.6084601779156085, 3.613300606511011, 529, 9494, 30, True), (13, -0.996102709307719, -20.16265049919283, 30247, 37131, 50, True), (14, 5.192088380765036, 5.558601910328345, 14842, 19683, 50, True), (15, -13.350908980413342, 2.177806948657149, 29649, 34224, 30, True), (16, -6.2914890800807095, -1.1050854811711945, 28433, 34292, 20, True), (17, 9.372166840791744, 6.902293729130959, 6424, 10474, 40, True), (18, -21.70309169538324, 9.84215074513691, 27382, 32702, 10, True), (19, -8.458945190347098, 15.499752287152814, 26259, 31439, 50, True), (20, 1.559089090676746, -6.3955330905174215, 29897, 35575, 20, True), (21, -1.9005711294110101, -2.7115153415119977, 41794, 48000, 30, True), (22, -13.054036951475299, -0.7614476242412264, 31879, 38735, 30, True), (23, 9.035325846099784, -0.9621386768517871, 41678, 45101, 10, True), (24, 2.963852460005679, 1.3352478655678384, 43006, 48000, 50, True), (25, -1.9744578130958599, -6.244582271415001, 35087, 41911, 40, True), (26, -6.56733001730422, -3.276608265084114, 36514, 44300, 40, False), (27, 4.764833245089596, 7.4581396933841155, 35569, 38888, 10, True), (28, -0.06312678491453001, -0.032248384839394864, 39175, 46342, 30, True), (29, 3.1594495633057034, -2.613416709398115, 21457, 28421, 40, True), (30, 3.792740032631603, 1.615940308722745, 41157, 46746, 30, True), (31, 3.245263502296021, -4.537672244852579, 24887, 30292, 40, True), (32, 0.6001416051250534, 17.633604648831106, 37364, 46223, 20, True), (33, -0.5846031161840949, 1.5889441816745624, 0, 7278, 50, True), (34, -2.000632163259893, 1.2308099341543548, 43094, 45410, 40, True), (35, 9.259735266538595, -11.687828479389001, 3700, 7899, 40, True), (36, -8.41959954636027, -1.402165586147329, 40339, 46614, 10, True), (37, -5.684611924245535, 7.037978872582341, 30697, 38253, 50, True), (38, 12.48638256565071, -4.689844631374633, 25742, 32607, 10, False), (39, -3.7410321899579584, 6.866956753535305, 11277, 17421, 10, False), (40, 17.557776926701273, 3.6176565593722243, 18517, 23161, 30, True), (41, 6.926046515265604, 0.8012214681357882, 23094, 29650, 40, True), (42, -4.743751200397558, -2.7177746588058027, 25837, 32941, 30, True), (43, 2.0807641048610135, -3.407324744401323, 12341, 21038, 10, True), (44, -10.723079588943257, 7.036304974412798, 16198, 22811, 40, True), (45, 11.004645565825363, 1.7253069241095054, 734, 9663, 10, True), (46, 0, 0, 0, 48000, 0, False)], 'F': 20.0, 'ct': 0.083, 'cd': 0.021, 'truck_cap': 100, 'drone_cap': 20, 'truck_speed': 40, 'drone_speed': 40, 'a': 1, 'b': 2, 'max_flight_time': 3000, 'ttt': [[0, 3139, 765, 3807, 2128, 4173, 385, 2898, 1951, 687, 3063, 1858, 1758, 6057, 2283, 4059, 1917, 3493, 7150, 5298, 1976, 994, 3924, 2727, 976, 1966, 2203, 2656, 22, 1231, 1238, 1675, 5294, 509, 706, 4474, 2562, 2715, 4002, 2347, 5379, 2093, 1641, 1199, 3849, 3343, 1], [3139, 0, 2374, 4598, 1082, 2193, 3169, 1464, 3548, 2462, 5255, 4372, 4878, 4123, 5420, 3551, 2018, 6596, 6894, 7003, 2596, 2156, 2789, 5223, 4050, 1572, 1361, 5775, 3119, 3416, 4291, 3219, 7960, 3407, 3092, 5010, 1966, 4467, 5914, 4505, 8118, 4904, 1664, 3020, 4589, 6104, 3139], [765, 2374, 0, 3782, 1377, 3539, 862, 2251, 2031, 133, 3464, 2334, 2514, 5483, 3047, 3705, 1400, 4244, 6961, 5602, 1666, 252, 3426, 3233, 1703, 1307, 1519, 3413, 746, 1473, 1957, 1681, 5902, 1100, 945, 4408, 2024, 2938, 4337, 2702, 6010, 2712, 948, 1221, 3812, 3964, 765], [3807, 4598, 3782, 0, 3808, 6668, 4189, 3181, 5725, 3677, 6783, 5570, 4654, 8668, 4731, 1713, 2773, 5963, 3460, 2588, 5435, 3919, 2487, 6343, 4397, 4757, 3336, 4581, 3796, 5032, 4595, 5408, 4587, 3407, 3103, 8185, 2633, 1445, 7753, 2030, 8483, 5561, 3420, 4922, 73, 6652, 3807], [2128, 1082, 1377, 3808, 0, 2870, 2224, 1131, 2974, 1442, 4611, 3591, 3885, 4880, 4401, 3107, 1057, 5618, 6507, 6076, 2180, 1199, 2544, 4479, 3080, 1167, 502, 4727, 2108, 2650, 3333, 2613, 6893, 2347, 2016, 4912, 1292, 3471, 5385, 3457, 7326, 4046, 584, 2288, 3812, 5284, 2128], [4173, 2193, 3539, 6668, 2870, 0, 3995, 3638, 3414, 3668, 4950, 4536, 5617, 2012, 6224, 5740, 3925, 7141, 9083, 8922, 2514, 3292, 4978, 5171, 4800, 2233, 3333, 6712, 4160, 3740, 4970, 3253, 9438, 4615, 4471, 3613, 4069, 6278, 5270, 6168, 7969, 5198, 3344, 3384, 6669, 6165, 4173], [385, 3169, 862, 4189, 2224, 3995, 0, 3101, 1569, 840, 2719, 1533, 1726, 5828, 2300, 4391, 2181, 3428, 7520, 5660, 1678, 1029, 4208, 2421, 886, 1848, 2377, 2738, 394, 847, 1123, 1304, 5544, 865, 1087, 4097, 2823, 3094, 3644, 2710, 5154, 1854, 1805, 841, 4230, 3108, 385], [2898, 1464, 2251, 3181, 1131, 3638, 3101, 0, 4070, 2263, 5661, 4576, 4604, 5585, 5045, 2109, 1073, 6329, 5492, 5667, 3309, 2154, 1437, 5474, 3872, 2290, 746, 5268, 2877, 3670, 4134, 3705, 6937, 2945, 2527, 6032, 623, 3285, 6473, 3463, 8254, 4954, 1307, 3340, 3166, 6209, 2898], [1951, 3548, 2031, 5725, 2974, 3414, 1569, 4070, 0, 2105, 1711, 1146, 2507, 4908, 3098, 5729, 3402, 3793, 8983, 7202, 1000, 2000, 5385, 1784, 1877, 1980, 3334, 3661, 1957, 746, 1917, 367, 6811, 2426, 2637, 2537, 3989, 4662, 2413, 4262, 4665, 1822, 2824, 816, 5762, 2763, 1951], [687, 2462, 133, 3677, 1442, 3668, 840, 2263, 2105, 0, 3494, 2345, 2444, 5615, 2965, 3647, 1366, 4178, 6880, 5474, 1783, 377, 3397, 3242, 1647, 1436, 1543, 3317, 666, 1515, 1905, 1762, 5774, 983, 813, 4509, 2000, 2811, 4382, 2571, 5992, 2693, 973, 1291, 3708, 3947, 687], [3063, 5255, 3464, 6783, 4611, 4950, 2719, 5661, 1711, 3494, 0, 1218, 2481, 6134, 2869, 7109, 4859, 2918, 10189, 7761, 2700, 3515, 6888, 602, 2402, 3684, 4917, 3433, 3078, 1997, 2242, 2038, 6728, 3387, 3746, 2670, 5487, 5509, 982, 4997, 3021, 1388, 4368, 2327, 6833, 1408, 3063], [1858, 4372, 2334, 5570, 3591, 4536, 1533, 4576, 1146, 2345, 1218, 0, 1531, 6049, 2068, 5915, 3706, 2649, 8972, 6656, 2045, 2426, 5736, 900, 1215, 2834, 3835, 2650, 1874, 958, 1103, 1292, 5906, 2171, 2532, 3269, 4344, 4317, 2185, 3823, 3751, 677, 3270, 1354, 5619, 1737, 1858], [1758, 4878, 2514, 4654, 3885, 5617, 1726, 4604, 2507, 2444, 2481, 1531, 0, 7329, 610, 5406, 3564, 1738, 8113, 5300, 3140, 2724, 5460, 1911, 844, 3557, 3940, 1155, 1779, 1919, 648, 2480, 4376, 1673, 2109, 4799, 4189, 3255, 3435, 2689, 3886, 1094, 3389, 2240, 4714, 2002, 1758], [6057, 4123, 5483, 8668, 4880, 2012, 5828, 5585, 4908, 5615, 6134, 6049, 7329, 0, 7938, 7660, 5935, 8696, 10938, 10931, 4202, 5243, 6854, 6500, 6559, 4187, 5335, 8466, 6047, 5411, 6691, 4858, 11350, 6528, 6426, 3992, 6054, 8282, 6158, 8152, 9050, 6724, 5354, 5112, 8667, 7490, 6057], [2283, 5420, 3047, 4731, 4401, 6224, 2300, 5045, 3098, 2965, 2869, 2068, 610, 7938, 0, 5656, 3984, 1318, 8171, 5067, 3749, 3269, 5794, 2272, 1434, 4144, 4414, 585, 2303, 2527, 1256, 3086, 3877, 2104, 2519, 5317, 4587, 3294, 3775, 2710, 3756, 1520, 3880, 2848, 4796, 2090, 2283], [4059, 3551, 3705, 1713, 3107, 5740, 4391, 2109, 5729, 3647, 7109, 5915, 5406, 7660, 5656, 0, 2337, 6964, 3402, 4259, 5161, 3736, 887, 6783, 4902, 4247, 2612, 5662, 4042, 5158, 5147, 5372, 6247, 3835, 3418, 7958, 1829, 2724, 8021, 3209, 9284, 6098, 2972, 4924, 1658, 7309, 4059], [1917, 2018, 1400, 2773, 1057, 3925, 2181, 1073, 3402, 1366, 4859, 3706, 3564, 5935, 3984, 2337, 0, 5279, 5672, 5025, 2841, 1404, 2032, 4599, 2872, 2015, 658, 4196, 1897, 2872, 3134, 3042, 5991, 1894, 1467, 5644, 646, 2451, 5736, 2512, 7295, 4007, 672, 2606, 2782, 5259, 1917], [3493, 6596, 4244, 5963, 5618, 7141, 3428, 6329, 3793, 4178, 2918, 2649, 1738, 8696, 1318, 6964, 5279, 0, 9365, 5940, 4628, 4446, 7111, 2362, 2548, 5211, 5675, 1393, 3514, 3410, 2307, 3894, 4159, 3387, 3814, 5578, 5891, 4518, 3602, 3935, 2647, 1973, 5126, 3789, 6030, 1629, 3493], [7150, 6894, 6961, 3460, 6507, 9083, 7520, 5492, 8983, 6880, 10189, 8972, 8113, 10938, 8171, 3402, 5672, 9365, 0, 4322, 8512, 7035, 4106, 9776, 7829, 7638, 6010, 7974, 7137, 8343, 8038, 8640, 7089, 6803, 6452, 11315, 5222, 4880, 11146, 5463, 11926, 9008, 6332, 8169, 3401, 10111, 7150], [5298, 7003, 5602, 2588, 6076, 8922, 5660, 5667, 7202, 5474, 7761, 6656, 5300, 10931, 5067, 4259, 5025, 5940, 4322, 0, 7224, 5808, 5070, 7208, 5460, 6808, 5662, 4644, 5298, 6457, 5556, 6963, 2793, 4796, 4700, 9737, 5072, 2672, 8729, 2952, 8581, 6384, 5579, 6495, 2629, 7154, 5298], [1976, 2596, 1666, 5435, 2180, 2514, 1678, 3309, 1000, 1783, 2700, 2045, 3140, 4202, 3749, 5161, 2841, 4628, 8512, 7224, 0, 1517, 4699, 2774, 2358, 1062, 2612, 4267, 1971, 1233, 2496, 754, 7215, 2481, 2526, 2804, 3348, 4580, 3319, 4286, 5663, 2694, 2190, 911, 5461, 3738, 1976], [994, 2156, 252, 3919, 1199, 3292, 1029, 2154, 2000, 377, 3515, 2426, 2724, 5243, 3269, 3736, 1404, 4446, 7035, 5808, 1517, 0, 3398, 3323, 1899, 1061, 1411, 3649, 976, 1519, 2146, 1639, 6150, 1350, 1184, 4298, 1996, 3138, 4358, 2927, 6140, 2851, 854, 1214, 3945, 4095, 994], [3924, 2789, 3426, 2487, 2544, 4978, 4208, 1437, 5385, 3397, 6888, 5736, 5460, 6854, 5794, 887, 2032, 7111, 4106, 5070, 4699, 3398, 0, 6628, 4847, 3710, 2088, 5888, 3904, 4897, 5105, 5020, 6874, 3808, 3370, 7455, 1405, 3220, 7753, 3613, 9278, 6013, 2562, 4610, 2443, 7257, 3924], [2727, 5223, 3233, 6343, 4479, 5171, 2421, 5474, 1784, 3242, 602, 900, 1911, 6500, 2272, 6783, 4599, 2362, 9776, 7208, 2774, 3323, 6628, 0, 1948, 3664, 4733, 2833, 2745, 1832, 1754, 2043, 6127, 2987, 3377, 3219, 5239, 5027, 1525, 4496, 2904, 826, 4168, 2213, 6396, 1001, 2727], [976, 4050, 1703, 4397, 3080, 4800, 886, 3872, 1877, 1647, 2402, 1215, 844, 6559, 1434, 4902, 2872, 2548, 7829, 5460, 2358, 1899, 4847, 1948, 0, 2715, 3177, 1916, 997, 1187, 264, 1765, 4942, 1068, 1491, 4341, 3513, 3109, 3382, 2609, 4432, 1200, 2613, 1448, 4449, 2416, 976], [1966, 1572, 1307, 4757, 1167, 2233, 1848, 2290, 1980, 1436, 3684, 2834, 3557, 4187, 4144, 4247, 2015, 5211, 7638, 6808, 1062, 1061, 3710, 3664, 2715, 0, 1642, 4582, 1951, 1887, 2926, 1649, 7206, 2388, 2244, 3746, 2419, 4138, 4364, 3970, 6565, 3407, 1346, 1486, 4772, 4570, 1966], [2203, 1361, 1519, 3336, 502, 3333, 2377, 746, 3334, 1543, 4917, 3835, 3940, 5335, 4414, 2612, 658, 5675, 6010, 5662, 2612, 1411, 2088, 4733, 3177, 1642, 0, 4684, 2182, 2926, 3438, 2969, 6632, 2314, 1926, 5378, 792, 3107, 5733, 3160, 7528, 4230, 573, 2596, 3337, 5482, 2203], [2656, 5775, 3413, 4581, 4727, 6712, 2738, 5268, 3661, 3317, 3433, 2650, 1155, 8466, 585, 5662, 4196, 1393, 7974, 4644, 4267, 3649, 5888, 2833, 1916, 4582, 4684, 0, 2674, 3061, 1778, 3629, 3299, 2383, 2760, 5901, 4767, 3138, 4319, 2559, 4008, 2101, 4179, 3359, 4649, 2543, 2656], [22, 3119, 746, 3796, 2108, 4160, 394, 2877, 1957, 666, 3078, 1874, 1779, 6047, 2303, 4042, 1897, 3514, 7137, 5298, 1971, 976, 3904, 2745, 997, 1951, 2182, 2674, 0, 1240, 1259, 1678, 5304, 512, 695, 4479, 2541, 2711, 4017, 2346, 5399, 2113, 1620, 1201, 3838, 3363, 22], [1231, 3416, 1473, 5032, 2650, 3740, 847, 3670, 746, 1515, 1997, 958, 1919, 5411, 2527, 5158, 2872, 3410, 8343, 6457, 1233, 1519, 4897, 1832, 1187, 1887, 2926, 3061, 1240, 0, 1284, 579, 6123, 1689, 1931, 3281, 3494, 3928, 2868, 3519, 4708, 1526, 2372, 403, 5073, 2691, 1231], [1238, 4291, 1957, 4595, 3333, 4970, 1123, 4134, 1917, 1905, 2242, 1103, 648, 6691, 1256, 5147, 3134, 2307, 8038, 5556, 2496, 2146, 5105, 1754, 264, 2926, 3438, 1778, 1259, 1284, 0, 1854, 4901, 1314, 1743, 4316, 3775, 3277, 3223, 2756, 4174, 972, 2873, 1593, 4649, 2165, 1238], [1675, 3219, 1681, 5408, 2613, 3253, 1304, 3705, 367, 1762, 2038, 1292, 2480, 4858, 3086, 5372, 3042, 3894, 8640, 6963, 754, 1639, 5020, 2043, 1765, 1649, 2969, 3629, 1678, 579, 1854, 0, 6700, 2169, 2340, 2804, 3625, 4387, 2774, 4013, 4943, 1946, 2459, 488, 5443, 2992, 1675], [5294, 7960, 5902, 4587, 6893, 9438, 5544, 6937, 6811, 5774, 6728, 5906, 4376, 11350, 3877, 6247, 5991, 4159, 7089, 2793, 7215, 6150, 6874, 6127, 4942, 7206, 6632, 3299, 5304, 6123, 4901, 6700, 0, 4828, 4983, 9173, 6320, 3697, 7588, 3484, 6601, 5396, 6313, 6329, 4654, 5704, 5294], [509, 3407, 1100, 3407, 2347, 4615, 865, 2945, 2426, 983, 3387, 2171, 1673, 6528, 2104, 3835, 1894, 3387, 6803, 4796, 2481, 1350, 3808, 2987, 1068, 2388, 2314, 2383, 512, 1689, 1314, 2169, 4828, 0, 439, 4959, 2517, 2240, 4351, 1846, 5478, 2267, 1797, 1700, 3454, 3478, 509], [706, 3092, 945, 3103, 2016, 4471, 1087, 2527, 2637, 813, 3746, 2532, 2109, 6426, 2519, 3418, 1467, 3814, 6452, 4700, 2526, 1184, 3370, 3377, 1491, 2244, 1926, 2760, 695, 1931, 1743, 2340, 4983, 439, 0, 5142, 2082, 2064, 4696, 1771, 5912, 2682, 1443, 1854, 3144, 3905, 706], [4474, 5010, 4408, 8185, 4912, 3613, 4097, 6032, 2537, 4509, 2670, 3269, 4799, 3992, 5317, 7958, 5644, 5578, 11315, 9737, 2804, 4298, 7455, 3219, 4341, 3746, 5378, 5901, 4479, 3281, 4316, 2804, 9173, 4959, 5142, 0, 6137, 7188, 2313, 6798, 5224, 3813, 4990, 3289, 8216, 4059, 4474], [2562, 1966, 2024, 2633, 1292, 4069, 2823, 623, 3989, 2000, 5487, 4344, 4189, 6054, 4587, 1829, 646, 5891, 5222, 5072, 3348, 1996, 1405, 5239, 3513, 2419, 792, 4767, 2541, 3494, 3775, 3625, 6320, 2517, 2082, 6137, 0, 2663, 6350, 2851, 7938, 4652, 1172, 3208, 2625, 5903, 2562], [2715, 4467, 2938, 1445, 3471, 6278, 3094, 3285, 4662, 2811, 5509, 4317, 3255, 8282, 3294, 2724, 2451, 4518, 4880, 2672, 4580, 3138, 3220, 5027, 3109, 4138, 3107, 3138, 2711, 3928, 3277, 4387, 3697, 2240, 2064, 7188, 2663, 0, 6489, 586, 7049, 4222, 2941, 3906, 1513, 5255, 2715], [4002, 5914, 4337, 7753, 5385, 5270, 3644, 6473, 2413, 4382, 982, 2185, 3435, 6158, 3775, 8021, 5736, 3602, 11146, 8729, 3319, 4358, 7753, 1525, 3382, 4364, 5733, 4319, 4017, 2868, 3223, 2774, 7588, 4351, 4696, 2313, 6350, 6489, 0, 5978, 2921, 2345, 5204, 3146, 7802, 1976, 4002], [2347, 4505, 2702, 2030, 3457, 6168, 2710, 3463, 4262, 2571, 4997, 3823, 2689, 8152, 2710, 3209, 2512, 3935, 5463, 2952, 4286, 2927, 3613, 4496, 2609, 3970, 3160, 2559, 2346, 3519, 2756, 4013, 3484, 1846, 1771, 6798, 2851, 586, 5978, 0, 6465, 3682, 2892, 3544, 2096, 4686, 2347], [5379, 8118, 6010, 8483, 7326, 7969, 5154, 8254, 4665, 5992, 3021, 3751, 3886, 9050, 3756, 9284, 7295, 2647, 11926, 8581, 5663, 6140, 9278, 2904, 4432, 6565, 7528, 4008, 5399, 4708, 4174, 4943, 6601, 5478, 5912, 5224, 7938, 7049, 2921, 6465, 0, 3301, 6956, 5100, 8547, 2047, 5379], [2093, 4904, 2712, 5561, 4046, 5198, 1854, 4954, 1822, 2693, 1388, 677, 1094, 6724, 1520, 6098, 4007, 1973, 9008, 6384, 2694, 2851, 6013, 826, 1200, 3407, 4230, 2101, 2113, 1526, 972, 1946, 5396, 2267, 2682, 3813, 4652, 4222, 2345, 3682, 3301, 0, 3658, 1926, 5616, 1256, 2093], [1641, 1664, 948, 3420, 584, 3344, 1805, 1307, 2824, 973, 4368, 3270, 3389, 5354, 3880, 2972, 672, 5126, 6332, 5579, 2190, 854, 2562, 4168, 2613, 1346, 573, 4179, 1620, 2372, 2873, 2459, 6313, 1797, 1443, 4990, 1172, 2941, 5204, 2892, 6956, 3658, 0, 2059, 3433, 4910, 1641], [1199, 3020, 1221, 4922, 2288, 3384, 841, 3340, 816, 1291, 2327, 1354, 2240, 5112, 2848, 4924, 2606, 3789, 8169, 6495, 911, 1214, 4610, 2213, 1448, 1486, 2596, 3359, 1201, 403, 1593, 488, 6329, 1700, 1854, 3289, 3208, 3906, 3146, 3544, 5100, 1926, 2059, 0, 4958, 3089, 1199], [3849, 4589, 3812, 73, 3812, 6669, 4230, 3166, 5762, 3708, 6833, 5619, 4714, 8667, 4796, 1658, 2782, 6030, 3401, 2629, 5461, 3945, 2443, 6396, 4449, 4772, 3337, 4649, 3838, 5073, 4649, 5443, 4654, 3454, 3144, 8216, 2625, 1513, 7802, 2096, 8547, 5616, 3433, 4958, 0, 6711, 3849], [3343, 6104, 3964, 6652, 5284, 6165, 3108, 6209, 2763, 3947, 1408, 1737, 2002, 7490, 2090, 7309, 5259, 1629, 10111, 7154, 3738, 4095, 7257, 1001, 2416, 4570, 5482, 2543, 3363, 2691, 2165, 2992, 5704, 3478, 3905, 4059, 5903, 5255, 1976, 4686, 2047, 1256, 4910, 3089, 6711, 0, 3343], [1, 3139, 765, 3807, 2128, 4173, 385, 2898, 1951, 687, 3063, 1858, 1758, 6057, 2283, 4059, 1917, 3493, 7150, 5298, 1976, 994, 3924, 2727, 976, 1966, 2203, 2656, 22, 1231, 1238, 1675, 5294, 509, 706, 4474, 2562, 2715, 4002, 2347, 5379, 2093, 1641, 1199, 3849, 3343, 0]], 'ttd': [[0, 1570, 383, 1904, 1065, 2087, 193, 1450, 976, 344, 1532, 929, 879, 3029, 1142, 2030, 959, 1747, 3576, 2650, 988, 498, 1962, 1364, 489, 983, 1102, 1329, 12, 616, 619, 838, 2648, 255, 353, 2238, 1281, 1358, 2002, 1174, 2690, 1047, 821, 600, 1925, 1672, 1], [1570, 0, 1188, 2299, 541, 1097, 1585, 732, 1775, 1231, 2628, 2187, 2440, 2062, 2711, 1776, 1009, 3298, 3447, 3502, 1298, 1078, 1395, 2612, 2025, 786, 681, 2888, 1560, 1708, 2146, 1610, 3981, 1704, 1547, 2506, 984, 2234, 2957, 2253, 4060, 2453, 833, 1510, 2295, 3053, 1570], [383, 1188, 0, 1892, 689, 1770, 431, 1126, 1016, 67, 1732, 1168, 1257, 2742, 1524, 1853, 701, 2122, 3481, 2801, 833, 126, 1713, 1617, 852, 654, 760, 1707, 373, 737, 979, 841, 2951, 551, 473, 2204, 1012, 1469, 2169, 1352, 3005, 1356, 474, 611, 1907, 1982, 383], [1904, 2299, 1892, 0, 1904, 3334, 2095, 1591, 2863, 1839, 3392, 2785, 2327, 4335, 2366, 857, 1387, 2982, 1731, 1295, 2718, 1960, 1244, 3172, 2199, 2379, 1668, 2291, 1899, 2517, 2298, 2704, 2294, 1704, 1552, 4093, 1317, 723, 3877, 1015, 4242, 2781, 1711, 2462, 37, 3326, 1904], [1065, 541, 689, 1904, 0, 1436, 1113, 566, 1487, 722, 2306, 1796, 1943, 2440, 2201, 1554, 529, 2810, 3254, 3038, 1091, 600, 1272, 2240, 1540, 584, 251, 2364, 1054, 1325, 1667, 1307, 3447, 1174, 1008, 2456, 646, 1736, 2693, 1729, 3663, 2023, 293, 1144, 1907, 2643, 1065], [2087, 1097, 1770, 3334, 1436, 0, 1998, 1820, 1708, 1834, 2475, 2268, 2809, 1007, 3112, 2871, 1963, 3571, 4542, 4462, 1258, 1646, 2490, 2586, 2401, 1117, 1667, 3356, 2080, 1870, 2486, 1627, 4719, 2308, 2236, 1807, 2035, 3139, 2636, 3084, 3985, 2600, 1673, 1692, 3335, 3083, 2087], [193, 1585, 431, 2095, 1113, 1998, 0, 1551, 785, 420, 1360, 767, 863, 2915, 1151, 2196, 1091, 1715, 3760, 2830, 839, 515, 2105, 1211, 443, 924, 1189, 1369, 197, 424, 562, 653, 2772, 433, 544, 2049, 1412, 1548, 1823, 1356, 2577, 928, 903, 421, 2115, 1555, 193], [1450, 732, 1126, 1591, 566, 1820, 1551, 0, 2035, 1132, 2831, 2288, 2302, 2793, 2523, 1055, 537, 3165, 2746, 2834, 1655, 1078, 719, 2738, 1937, 1146, 373, 2634, 1439, 1836, 2068, 1853, 3469, 1473, 1264, 3017, 312, 1643, 3237, 1732, 4127, 2478, 654, 1670, 1583, 3105, 1450], [976, 1775, 1016, 2863, 1487, 1708, 785, 2035, 0, 1053, 856, 574, 1254, 2454, 1550, 2865, 1701, 1897, 4492, 3601, 500, 1001, 2693, 892, 939, 990, 1668, 1831, 979, 374, 959, 184, 3406, 1214, 1319, 1269, 1995, 2331, 1207, 2132, 2333, 911, 1413, 408, 2882, 1382, 976], [344, 1231, 67, 1839, 722, 1834, 420, 1132, 1053, 0, 1748, 1173, 1222, 2808, 1483, 1824, 684, 2089, 3441, 2737, 892, 189, 1699, 1621, 824, 719, 772, 1659, 334, 758, 953, 881, 2888, 492, 407, 2255, 1001, 1406, 2191, 1286, 2997, 1347, 487, 646, 1855, 1974, 344], [1532, 2628, 1732, 3392, 2306, 2475, 1360, 2831, 856, 1748, 0, 609, 1241, 3067, 1435, 3555, 2430, 1459, 5095, 3881, 1351, 1758, 3445, 302, 1202, 1842, 2459, 1717, 1540, 999, 1122, 1019, 3364, 1694, 1874, 1335, 2744, 2755, 491, 2499, 1511, 694, 2184, 1164, 3417, 704, 1532], [929, 2187, 1168, 2785, 1796, 2268, 767, 2288, 574, 1173, 609, 0, 766, 3025, 1034, 2958, 1853, 1325, 4486, 3329, 1023, 1214, 2869, 450, 608, 1417, 1918, 1325, 938, 479, 552, 647, 2953, 1086, 1267, 1635, 2172, 2159, 1093, 1912, 1876, 339, 1635, 678, 2810, 869, 929], [879, 2440, 1257, 2327, 1943, 2809, 863, 2302, 1254, 1222, 1241, 766, 0, 3665, 306, 2703, 1783, 869, 4057, 2651, 1570, 1362, 2730, 956, 422, 1779, 1970, 578, 890, 960, 325, 1241, 2188, 837, 1055, 2400, 2095, 1628, 1718, 1345, 1943, 548, 1695, 1120, 2357, 1001, 879], [3029, 2062, 2742, 4335, 2440, 1007, 2915, 2793, 2454, 2808, 3067, 3025, 3665, 0, 3969, 3830, 2968, 4348, 5469, 5466, 2101, 2622, 3427, 3250, 3280, 2094, 2668, 4233, 3024, 2706, 3346, 2430, 5675, 3264, 3214, 1997, 3027, 4141, 3079, 4076, 4525, 3363, 2677, 2556, 4334, 3745, 3029], [1142, 2711, 1524, 2366, 2201, 3112, 1151, 2523, 1550, 1483, 1435, 1034, 306, 3969, 0, 2828, 1993, 660, 4086, 2534, 1875, 1635, 2897, 1136, 717, 2072, 2207, 293, 1152, 1264, 629, 1543, 1939, 1052, 1260, 2659, 2294, 1648, 1888, 1355, 1879, 761, 1941, 1425, 2399, 1045, 1142], [2030, 1776, 1853, 857, 1554, 2871, 2196, 1055, 2865, 1824, 3555, 2958, 2703, 3830, 2828, 0, 1169, 3482, 1701, 2130, 2581, 1869, 444, 3392, 2451, 2124, 1307, 2831, 2022, 2580, 2574, 2687, 3124, 1918, 1709, 3980, 915, 1363, 4011, 1605, 4642, 3050, 1486, 2463, 830, 3655, 2030], [959, 1009, 701, 1387, 529, 1963, 1091, 537, 1701, 684, 2430, 1853, 1783, 2968, 1993, 1169, 0, 2640, 2837, 2513, 1421, 702, 1017, 2300, 1437, 1008, 329, 2099, 949, 1437, 1568, 1521, 2996, 948, 734, 2823, 323, 1226, 2869, 1257, 3648, 2004, 336, 1303, 1391, 2630, 959], [1747, 3298, 2122, 2982, 2810, 3571, 1715, 3165, 1897, 2089, 1459, 1325, 869, 4348, 660, 3482, 2640, 0, 4683, 2970, 2314, 2223, 3556, 1182, 1274, 2606, 2838, 697, 1757, 1706, 1154, 1948, 2080, 1694, 1907, 2790, 2946, 2260, 1801, 1968, 1324, 987, 2563, 1895, 3015, 815, 1747], [3576, 3447, 3481, 1731, 3254, 4542, 3760, 2746, 4492, 3441, 5095, 4486, 4057, 5469, 4086, 1701, 2837, 4683, 0, 2161, 4256, 3518, 2054, 4888, 3915, 3819, 3005, 3987, 3569, 4172, 4020, 4320, 3545, 3402, 3226, 5658, 2612, 2440, 5573, 2732, 5964, 4504, 3167, 4085, 1701, 5056, 3576], [2650, 3502, 2801, 1295, 3038, 4462, 2830, 2834, 3601, 2737, 3881, 3329, 2651, 5466, 2534, 2130, 2513, 2970, 2161, 0, 3613, 2904, 2536, 3604, 2730, 3405, 2832, 2323, 2649, 3229, 2778, 3482, 1397, 2399, 2350, 4869, 2536, 1337, 4365, 1477, 4291, 3193, 2790, 3248, 1315, 3578, 2650], [988, 1298, 833, 2718, 1091, 1258, 839, 1655, 500, 892, 1351, 1023, 1570, 2101, 1875, 2581, 1421, 2314, 4256, 3613, 0, 759, 2350, 1387, 1180, 532, 1307, 2134, 986, 617, 1249, 377, 3608, 1241, 1263, 1403, 1675, 2290, 1660, 2143, 2832, 1348, 1096, 456, 2731, 1869, 988], [498, 1078, 126, 1960, 600, 1646, 515, 1078, 1001, 189, 1758, 1214, 1362, 2622, 1635, 1869, 702, 2223, 3518, 2904, 759, 0, 1699, 1662, 950, 531, 706, 1825, 488, 760, 1074, 820, 3076, 676, 593, 2149, 998, 1570, 2179, 1464, 3070, 1426, 427, 607, 1973, 2048, 498], [1962, 1395, 1713, 1244, 1272, 2490, 2105, 719, 2693, 1699, 3445, 2869, 2730, 3427, 2897, 444, 1017, 3556, 2054, 2536, 2350, 1699, 0, 3315, 2424, 1855, 1045, 2944, 1953, 2449, 2553, 2511, 3437, 1904, 1686, 3728, 703, 1611, 3877, 1807, 4640, 3007, 1282, 2306, 1222, 3629, 1962], [1364, 2612, 1617, 3172, 2240, 2586, 1211, 2738, 892, 1621, 302, 450, 956, 3250, 1136, 3392, 2300, 1182, 4888, 3604, 1387, 1662, 3315, 0, 975, 1833, 2367, 1417, 1373, 917, 877, 1022, 3064, 1494, 1689, 1610, 2620, 2514, 763, 2249, 1452, 413, 2085, 1107, 3198, 501, 1364], [489, 2025, 852, 2199, 1540, 2401, 443, 1937, 939, 824, 1202, 608, 422, 3280, 717, 2451, 1437, 1274, 3915, 2730, 1180, 950, 2424, 975, 0, 1358, 1589, 958, 499, 594, 132, 883, 2471, 535, 746, 2171, 1757, 1555, 1691, 1305, 2217, 601, 1307, 725, 2225, 1209, 489], [983, 786, 654, 2379, 584, 1117, 924, 1146, 990, 719, 1842, 1417, 1779, 2094, 2072, 2124, 1008, 2606, 3819, 3405, 532, 531, 1855, 1833, 1358, 0, 821, 2292, 976, 944, 1463, 825, 3603, 1194, 1122, 1874, 1210, 2070, 2183, 1986, 3283, 1704, 674, 743, 2387, 2286, 983], [1102, 681, 760, 1668, 251, 1667, 1189, 373, 1668, 772, 2459, 1918, 1970, 2668, 2207, 1307, 329, 2838, 3005, 2832, 1307, 706, 1045, 2367, 1589, 821, 0, 2342, 1091, 1463, 1720, 1485, 3317, 1158, 963, 2689, 396, 1554, 2867, 1580, 3765, 2115, 287, 1298, 1669, 2742, 1102], [1329, 2888, 1707, 2291, 2364, 3356, 1369, 2634, 1831, 1659, 1717, 1325, 578, 4233, 293, 2831, 2099, 697, 3987, 2323, 2134, 1825, 2944, 1417, 958, 2292, 2342, 0, 1338, 1531, 889, 1815, 1650, 1192, 1380, 2951, 2384, 1570, 2160, 1280, 2005, 1051, 2090, 1680, 2325, 1272, 1329], [12, 1560, 373, 1899, 1054, 2080, 197, 1439, 979, 334, 1540, 938, 890, 3024, 1152, 2022, 949, 1757, 3569, 2649, 986, 488, 1953, 1373, 499, 976, 1091, 1338, 0, 620, 630, 839, 2653, 256, 348, 2240, 1271, 1356, 2009, 1174, 2700, 1057, 810, 601, 1920, 1682, 12], [616, 1708, 737, 2517, 1325, 1870, 424, 1836, 374, 758, 999, 479, 960, 2706, 1264, 2580, 1437, 1706, 4172, 3229, 617, 760, 2449, 917, 594, 944, 1463, 1531, 620, 0, 642, 290, 3062, 845, 966, 1641, 1747, 1965, 1434, 1760, 2354, 764, 1187, 202, 2537, 1346, 616], [619, 2146, 979, 2298, 1667, 2486, 562, 2068, 959, 953, 1122, 552, 325, 3346, 629, 2574, 1568, 1154, 4020, 2778, 1249, 1074, 2553, 877, 132, 1463, 1720, 889, 630, 642, 0, 928, 2451, 658, 872, 2158, 1888, 1639, 1612, 1378, 2087, 487, 1437, 797, 2325, 1083, 619], [838, 1610, 841, 2704, 1307, 1627, 653, 1853, 184, 881, 1019, 647, 1241, 2430, 1543, 2687, 1521, 1948, 4320, 3482, 377, 820, 2511, 1022, 883, 825, 1485, 1815, 839, 290, 928, 0, 3350, 1085, 1171, 1403, 1813, 2194, 1387, 2007, 2472, 974, 1230, 244, 2722, 1497, 838], [2648, 3981, 2951, 2294, 3447, 4719, 2772, 3469, 3406, 2888, 3364, 2953, 2188, 5675, 1939, 3124, 2996, 2080, 3545, 1397, 3608, 3076, 3437, 3064, 2471, 3603, 3317, 1650, 2653, 3062, 2451, 3350, 0, 2414, 2492, 4587, 3161, 1849, 3795, 1742, 3301, 2698, 3157, 3165, 2327, 2852, 2648], [255, 1704, 551, 1704, 1174, 2308, 433, 1473, 1214, 492, 1694, 1086, 837, 3264, 1052, 1918, 948, 1694, 3402, 2399, 1241, 676, 1904, 1494, 535, 1194, 1158, 1192, 256, 845, 658, 1085, 2414, 0, 220, 2480, 1259, 1121, 2176, 923, 2739, 1134, 899, 850, 1727, 1740, 255], [353, 1547, 473, 1552, 1008, 2236, 544, 1264, 1319, 407, 1874, 1267, 1055, 3214, 1260, 1709, 734, 1907, 3226, 2350, 1263, 593, 1686, 1689, 746, 1122, 963, 1380, 348, 966, 872, 1171, 2492, 220, 0, 2572, 1042, 1033, 2349, 886, 2957, 1342, 722, 928, 1573, 1953, 353], [2238, 2506, 2204, 4093, 2456, 1807, 2049, 3017, 1269, 2255, 1335, 1635, 2400, 1997, 2659, 3980, 2823, 2790, 5658, 4869, 1403, 2149, 3728, 1610, 2171, 1874, 2689, 2951, 2240, 1641, 2158, 1403, 4587, 2480, 2572, 0, 3069, 3595, 1157, 3399, 2613, 1907, 2496, 1645, 4109, 2030, 2238], [1281, 984, 1012, 1317, 646, 2035, 1412, 312, 1995, 1001, 2744, 2172, 2095, 3027, 2294, 915, 323, 2946, 2612, 2536, 1675, 998, 703, 2620, 1757, 1210, 396, 2384, 1271, 1747, 1888, 1813, 3161, 1259, 1042, 3069, 0, 1332, 3175, 1426, 3970, 2326, 587, 1605, 1313, 2952, 1281], [1358, 2234, 1469, 723, 1736, 3139, 1548, 1643, 2331, 1406, 2755, 2159, 1628, 4141, 1648, 1363, 1226, 2260, 2440, 1337, 2290, 1570, 1611, 2514, 1555, 2070, 1554, 1570, 1356, 1965, 1639, 2194, 1849, 1121, 1033, 3595, 1332, 0, 3245, 294, 3525, 2111, 1471, 1953, 757, 2628, 1358], [2002, 2957, 2169, 3877, 2693, 2636, 1823, 3237, 1207, 2191, 491, 1093, 1718, 3079, 1888, 4011, 2869, 1801, 5573, 4365, 1660, 2179, 3877, 763, 1691, 2183, 2867, 2160, 2009, 1434, 1612, 1387, 3795, 2176, 2349, 1157, 3175, 3245, 0, 2989, 1461, 1173, 2602, 1574, 3902, 989, 2002], [1174, 2253, 1352, 1015, 1729, 3084, 1356, 1732, 2132, 1286, 2499, 1912, 1345, 4076, 1355, 1605, 1257, 1968, 2732, 1477, 2143, 1464, 1807, 2249, 1305, 1986, 1580, 1280, 1174, 1760, 1378, 2007, 1742, 923, 886, 3399, 1426, 294, 2989, 0, 3233, 1842, 1447, 1772, 1049, 2343, 1174], [2690, 4060, 3005, 4242, 3663, 3985, 2577, 4127, 2333, 2997, 1511, 1876, 1943, 4525, 1879, 4642, 3648, 1324, 5964, 4291, 2832, 3070, 4640, 1452, 2217, 3283, 3765, 2005, 2700, 2354, 2087, 2472, 3301, 2739, 2957, 2613, 3970, 3525, 1461, 3233, 0, 1651, 3479, 2551, 4274, 1024, 2690], [1047, 2453, 1356, 2781, 2023, 2600, 928, 2478, 911, 1347, 694, 339, 548, 3363, 761, 3050, 2004, 987, 4504, 3193, 1348, 1426, 3007, 413, 601, 1704, 2115, 1051, 1057, 764, 487, 974, 2698, 1134, 1342, 1907, 2326, 2111, 1173, 1842, 1651, 0, 1829, 964, 2809, 628, 1047], [821, 833, 474, 1711, 293, 1673, 903, 654, 1413, 487, 2184, 1635, 1695, 2677, 1941, 1486, 336, 2563, 3167, 2790, 1096, 427, 1282, 2085, 1307, 674, 287, 2090, 810, 1187, 1437, 1230, 3157, 899, 722, 2496, 587, 1471, 2602, 1447, 3479, 1829, 0, 1030, 1717, 2455, 821], [600, 1510, 611, 2462, 1144, 1692, 421, 1670, 408, 646, 1164, 678, 1120, 2556, 1425, 2463, 1303, 1895, 4085, 3248, 456, 607, 2306, 1107, 725, 743, 1298, 1680, 601, 202, 797, 244, 3165, 850, 928, 1645, 1605, 1953, 1574, 1772, 2551, 964, 1030, 0, 2479, 1545, 600], [1925, 2295, 1907, 37, 1907, 3335, 2115, 1583, 2882, 1855, 3417, 2810, 2357, 4334, 2399, 830, 1391, 3015, 1701, 1315, 2731, 1973, 1222, 3198, 2225, 2387, 1669, 2325, 1920, 2537, 2325, 2722, 2327, 1727, 1573, 4109, 1313, 757, 3902, 1049, 4274, 2809, 1717, 2479, 0, 3356, 1925], [1672, 3053, 1982, 3326, 2643, 3083, 1555, 3105, 1382, 1974, 704, 869, 1001, 3745, 1045, 3655, 2630, 815, 5056, 3578, 1869, 2048, 3629, 501, 1209, 2286, 2742, 1272, 1682, 1346, 1083, 1497, 2852, 1740, 1953, 2030, 2952, 2628, 989, 2343, 1024, 628, 2455, 1545, 3356, 0, 1672], [1, 1570, 383, 1904, 1065, 2087, 193, 1450, 976, 344, 1532, 929, 879, 3029, 1142, 2030, 959, 1747, 3576, 2650, 988, 498, 1962, 1364, 489, 983, 1102, 1329, 12, 616, 619, 838, 2648, 255, 353, 2238, 1281, 1358, 2002, 1174, 2690, 1047, 821, 600, 1925, 1672, 0]]}