{'nodes': [(0, 7.544444444444444, 7.444444444444445, 0, 48000, 0, False), (1, 7.0, 9.5, 15486, 20576, 40, True), (2, 1.0, 5.5, 20995, 28779, 30, True), (3, 13.5, 3.0, 11745, 18009, 20, True), (4, 13.5, 13.0, 17196, 20152, 10, True), (5, 13.5, 12.5, 36605, 41573, 20, False), (6, 12.0, 1.0, 3150, 9896, 30, True), (7, 4.0, 3.0, 39152, 48000, 40, True), (8, 8.5, 5.0, 14937, 16791, 50, False), (9, 3.0, 6.5, 2318, 8532, 40, True), (10, 3.0, 3.5, 27033, 34645, 20, True), (11, 11.5, 8.0, 36059, 42284, 50, True), (12, 15.0, 1.5, 42059, 46504, 40, False), (13, 0, 1.5, 15121, 17769, 40, True), (14, 5.0, 2.0, 3076, 10550, 20, True), (15, 4.5, 12.0, 8264, 15436, 50, True), (16, 15.0, 8.5, 33636, 37778, 10, True), (17, 14.5, 13.5, 36953, 44430, 20, True), (18, 14.0, 10.0, 11493, 19360, 40, True), (19, 4.5, 6.0, 22011, 29241, 40, True), (20, 8.5, 9.5, 34212, 39351, 10, False), (21, 0.5, 5.5, 669, 6800, 40, True), (22, 3.0, 5.5, 43368, 44846, 20, True), (23, 8.5, 5.0, 2385, 7893, 30, True), (24, 8.0, 12.0, 25159, 29652, 40, True), (25, 9.0, 3.5, 40094, 44568, 40, True), (26, 11.0, 2.5, 12591, 20068, 20, True), (27, 11.5, 2.0, 15146, 19993, 50, True), (28, 0.5, 15.0, 6900, 12884, 30, True), (29, 1.5, 10.5, 3057, 9978, 30, True), (30, 0, 15.0, 6165, 9994, 20, True), (31, 10.5, 14.5, 16589, 25153, 40, True), (32, 14.0, 10.0, 31423, 39358, 20, True), (33, 5.5, 6.0, 29654, 34713, 10, True), (34, 5.5, 1.5, 14749, 16526, 20, True), (35, 3.0, 15.0, 17341, 23394, 50, True), (36, 11.0, 9.0, 29928, 35994, 50, True), (37, 9.0, 3.0, 43509, 48000, 30, True), (38, 1.0, 1.5, 6118, 9794, 30, True), (39, 0, 0, 6621, 11171, 30, True), (40, 13.0, 15.0, 15035, 23370, 50, True), (41, 8.0, 0.5, 4981, 10142, 20, True), (42, 13.5, 14.5, 6525, 13266, 20, True), (43, 1.5, 8.5, 34851, 38943, 40, True), (44, 13.0, 11.0, 6429, 15391, 10, True), (45, 6.0, 13.5, 43797, 46503, 50, True), (46, 7.544444444444444, 7.444444444444445, 0, 48000, 0, False)], 'F': 20.0, 'ct': 0.083, 'cd': 0.021, 'truck_cap': 100, 'drone_cap': 20, 'truck_speed': 40, 'drone_speed': 40, 'a': 1, 'b': 2, 'max_flight_time': 3000, 'ttt': [[0, 639, 2049, 2230, 2444, 2345, 2351, 1706, 788, 1393, 1806, 1199, 2862, 2882, 1804, 1645, 2260, 2768, 2084, 1012, 681, 2193, 1484, 788, 1374, 1262, 1811, 2020, 3100, 2033, 3204, 2296, 2084, 752, 1887, 2646, 1138, 1404, 2653, 3181, 2797, 2089, 2771, 1842, 1955, 1876, 1], [639, 0, 2164, 2759, 2216, 2149, 2959, 2149, 1424, 1501, 2164, 1424, 3395, 3190, 2330, 1062, 2420, 2551, 2106, 1291, 451, 2291, 1698, 1424, 809, 1898, 2420, 2625, 2555, 1678, 2672, 1832, 2106, 1143, 2443, 2041, 1210, 2041, 3001, 3541, 2443, 2718, 2461, 1678, 1856, 1238, 639], [2049, 2164, 0, 3825, 4374, 4299, 3566, 1173, 2256, 672, 850, 3239, 4369, 1238, 1596, 2216, 4296, 4709, 4128, 1062, 2551, 151, 601, 2256, 2867, 2475, 3133, 3321, 2855, 1508, 2867, 3927, 4128, 1359, 1807, 2913, 3179, 2515, 1201, 1678, 4593, 2582, 4622, 913, 3961, 2831, 2049], [2230, 2759, 3825, 0, 3001, 2851, 751, 2851, 1617, 3321, 3155, 1617, 637, 4076, 2569, 3819, 1711, 3165, 2106, 2847, 2461, 3972, 3239, 1617, 3165, 1359, 766, 672, 5309, 4246, 5420, 3566, 2106, 2564, 2443, 4785, 1951, 1351, 3778, 4150, 3604, 1813, 3451, 3961, 2406, 3872, 2230], [2444, 2216, 4374, 3001, 0, 151, 3629, 4139, 2831, 3706, 4249, 1617, 3480, 5321, 4171, 2718, 1424, 336, 913, 3422, 1832, 4503, 3872, 2831, 1678, 3155, 3239, 3355, 3947, 3678, 4095, 1007, 913, 3190, 4204, 3208, 1416, 3291, 5097, 5623, 619, 4098, 451, 3846, 619, 2256, 2444], [2345, 2149, 4299, 2851, 151, 0, 3480, 4032, 2705, 3629, 4150, 1478, 3332, 5225, 4054, 2705, 1283, 425, 766, 3332, 1750, 4430, 3787, 2705, 1658, 3020, 3093, 3208, 3972, 3651, 4120, 1083, 766, 3093, 4081, 3239, 1291, 3155, 4996, 5521, 766, 3961, 601, 3796, 475, 2271, 2345], [2351, 2959, 3566, 751, 3629, 3480, 0, 2475, 1596, 3165, 2803, 2106, 913, 3604, 2122, 3995, 2424, 3825, 2767, 2705, 2759, 3706, 3020, 1596, 3512, 1173, 542, 336, 5436, 4249, 5533, 4076, 2767, 2461, 1957, 4994, 2420, 1083, 3304, 3613, 4212, 1210, 4076, 3872, 3016, 4161, 2351], [1706, 2149, 1173, 2851, 4139, 4032, 2475, 0, 1478, 1093, 336, 2705, 3332, 1283, 425, 2705, 3691, 4456, 3663, 913, 2373, 1291, 809, 1478, 2956, 1508, 2106, 2271, 3751, 2373, 3796, 3964, 3663, 1007, 637, 3613, 2767, 1501, 1007, 1501, 4501, 1416, 4476, 1813, 3613, 3208, 1706], [788, 1424, 2256, 1617, 2831, 2705, 1596, 1478, 0, 1711, 1711, 1274, 2216, 2759, 1384, 2420, 2216, 3122, 2231, 1238, 1351, 2406, 1658, 1, 2106, 475, 1062, 1274, 3843, 2672, 3938, 2913, 2231, 950, 1384, 3425, 1416, 619, 2484, 2959, 3291, 1359, 3222, 2349, 2251, 2659, 788], [1393, 1501, 672, 3321, 3706, 3629, 3165, 1093, 1711, 0, 901, 2590, 3901, 1750, 1478, 1711, 3651, 4040, 3464, 475, 1880, 809, 301, 1711, 2231, 2013, 2684, 2886, 2659, 1283, 2705, 3291, 3464, 766, 1678, 2551, 2515, 2085, 1617, 2149, 3938, 2344, 3961, 751, 3291, 2286, 1393], [1806, 2164, 850, 3155, 4249, 4150, 2803, 336, 1711, 901, 0, 2886, 3651, 1083, 751, 2590, 3901, 4573, 3834, 876, 2443, 961, 601, 1711, 2959, 1801, 2420, 2590, 3532, 2149, 3566, 3995, 3834, 1062, 961, 3451, 2913, 1807, 850, 1384, 4573, 1750, 4563, 1567, 3751, 3133, 1806], [1199, 1424, 3239, 1617, 1617, 1478, 2106, 2705, 1274, 2590, 2886, 0, 2216, 3964, 2655, 2420, 1062, 1880, 961, 2185, 1007, 3385, 2659, 1274, 1596, 1545, 1658, 1801, 3913, 3093, 4040, 1974, 961, 1898, 2655, 3304, 336, 1678, 3706, 4204, 2149, 2484, 2041, 3005, 1007, 2334, 1199], [2862, 3395, 4369, 637, 3480, 3332, 913, 3332, 2216, 3901, 3651, 2216, 0, 4501, 3005, 4456, 2101, 3604, 2569, 3428, 3093, 4513, 3796, 2216, 3787, 1898, 1238, 1062, 5944, 4868, 6055, 4128, 2569, 3155, 2851, 5420, 2551, 1856, 4201, 4523, 4095, 2122, 3927, 4563, 2913, 4501, 2862], [2882, 3190, 1238, 4076, 5321, 5225, 3604, 1283, 2759, 1750, 1083, 3964, 4501, 0, 1508, 3428, 4967, 5647, 4915, 1910, 3503, 1210, 1501, 2759, 3961, 2767, 3315, 3454, 4054, 2738, 4051, 5014, 4915, 2133, 1651, 4150, 3995, 2738, 301, 451, 5623, 2420, 5623, 2149, 4831, 4026, 2882], [1804, 2330, 1596, 2569, 4171, 4054, 2122, 425, 1384, 1478, 751, 2655, 3005, 1508, 0, 3005, 3579, 4476, 3613, 1210, 2484, 1711, 1210, 1384, 3133, 1283, 1807, 1951, 4128, 2759, 4180, 4098, 3613, 1210, 213, 3947, 2767, 1238, 1210, 1617, 4580, 1007, 4536, 2216, 3613, 3464, 1804], [1645, 1062, 2216, 3819, 2718, 2705, 3995, 2705, 2420, 1711, 2590, 2420, 4456, 3428, 3005, 0, 3321, 3035, 2913, 1801, 1416, 2291, 2002, 2420, 1051, 2886, 3454, 3663, 1501, 1007, 1623, 1951, 2913, 1826, 3165, 1007, 2149, 3020, 3321, 3846, 2705, 3607, 2803, 1384, 2569, 637, 1645], [2260, 2420, 4296, 1711, 1424, 1283, 2424, 3691, 2216, 3651, 3901, 1062, 2101, 4967, 3579, 3321, 0, 1508, 542, 3239, 1974, 4443, 3712, 2216, 2349, 2344, 2164, 2216, 4768, 4095, 4905, 2251, 542, 2948, 3541, 4095, 1210, 2443, 4697, 5173, 2041, 3190, 1856, 4051, 961, 3090, 2260], [2768, 2551, 4709, 3165, 336, 425, 3825, 4456, 3122, 4040, 4573, 1880, 3604, 5647, 4476, 3035, 1508, 0, 1062, 3751, 2164, 4838, 4204, 3122, 2002, 3425, 3464, 3566, 4225, 4003, 4374, 1238, 1062, 3516, 4501, 3480, 1711, 3557, 5420, 5944, 637, 4361, 425, 4180, 876, 2551, 2768], [2084, 2106, 4128, 2106, 913, 766, 2767, 3663, 2231, 3464, 3834, 961, 2569, 4915, 3613, 2913, 542, 1062, 0, 3093, 1658, 4270, 3566, 2231, 1898, 2461, 2424, 2515, 4320, 3754, 4461, 1711, 1, 2819, 3607, 3626, 950, 2582, 4661, 5162, 1531, 3372, 1359, 3778, 425, 2621, 2084], [1012, 1291, 1062, 2847, 3422, 3332, 2705, 913, 1238, 475, 876, 2185, 3428, 1910, 1210, 1801, 3239, 3751, 3093, 0, 1596, 1210, 475, 1238, 2085, 1545, 2216, 2420, 2956, 1623, 3020, 3122, 3093, 301, 1384, 2738, 2149, 1623, 1711, 2251, 3715, 1957, 3715, 1173, 2959, 2296, 1012], [681, 451, 2551, 2461, 1832, 1750, 2759, 2373, 1351, 1880, 2443, 1007, 3093, 3503, 2484, 1416, 1974, 2164, 1658, 1596, 0, 2684, 2041, 1351, 766, 1807, 2231, 2424, 2913, 2122, 3038, 1617, 1658, 1384, 2564, 2334, 766, 1957, 3291, 3825, 2133, 2705, 2122, 2122, 1424, 1416, 681], [2193, 2291, 151, 3972, 4503, 4430, 3706, 1291, 2406, 809, 961, 3385, 4513, 1210, 1711, 2291, 4443, 4838, 4270, 1210, 2684, 0, 751, 2406, 2978, 2621, 3277, 3464, 2851, 1531, 2855, 4037, 4270, 1508, 1922, 2948, 3321, 2659, 1210, 1658, 4711, 2705, 4744, 950, 4098, 2913, 2193], [1484, 1698, 601, 3239, 3872, 3787, 3020, 809, 1658, 301, 601, 2659, 3796, 1501, 1210, 2002, 3712, 4204, 3566, 475, 2041, 751, 0, 1658, 2461, 1898, 2564, 2759, 2948, 1567, 2990, 3516, 3566, 766, 1416, 2851, 2621, 1951, 1343, 1880, 4139, 2122, 4150, 1007, 3425, 2564, 1484], [788, 1424, 2256, 1617, 2831, 2705, 1596, 1478, 1, 1711, 1711, 1274, 2216, 2759, 1384, 2420, 2216, 3122, 2231, 1238, 1351, 2406, 1658, 0, 2106, 475, 1062, 1274, 3843, 2672, 3938, 2913, 2231, 950, 1384, 3425, 1416, 619, 2484, 2959, 3291, 1359, 3222, 2349, 2251, 2659, 788], [1374, 809, 2867, 3165, 1678, 1658, 3512, 2956, 2106, 2231, 2959, 1596, 3787, 3961, 3133, 1051, 2349, 2002, 1898, 2085, 766, 2978, 2461, 2106, 0, 2569, 2990, 3179, 2424, 2002, 2564, 1062, 1898, 1951, 3239, 1750, 1274, 2718, 3787, 4328, 1750, 3451, 1813, 2216, 1531, 751, 1374], [1262, 1898, 2475, 1359, 3155, 3020, 1173, 1508, 475, 2013, 1801, 1545, 1898, 2767, 1283, 2886, 2344, 3425, 2461, 1545, 1807, 2621, 1898, 475, 2569, 0, 672, 876, 4291, 3079, 4382, 3332, 2461, 1291, 1210, 3892, 1757, 151, 2475, 2898, 3654, 950, 3566, 2705, 2551, 3133, 1262], [1811, 2420, 3133, 766, 3239, 3093, 542, 2106, 1062, 2684, 2420, 1658, 1238, 3315, 1807, 3454, 2164, 3464, 2424, 2216, 2231, 3277, 2564, 1062, 2990, 672, 0, 213, 4898, 3727, 4996, 3604, 2424, 1957, 1678, 4453, 1951, 619, 3016, 3385, 3799, 1083, 3678, 3372, 2621, 3626, 1811], [2020, 2625, 3321, 672, 3355, 3208, 336, 2271, 1274, 2886, 2590, 1801, 1062, 3454, 1951, 3663, 2216, 3566, 2515, 2420, 2424, 3464, 2759, 1274, 3179, 876, 213, 0, 5110, 3938, 5208, 3763, 2515, 2164, 1807, 4661, 2106, 809, 3155, 3503, 3927, 1143, 3799, 3579, 2738, 3825, 2020], [3100, 2555, 2855, 5309, 3947, 3972, 5436, 3751, 3843, 2659, 3532, 3913, 5944, 4054, 4128, 1501, 4768, 4225, 4320, 2956, 2913, 2851, 2948, 3843, 2424, 4291, 4898, 5110, 0, 1384, 151, 3005, 4320, 3090, 4320, 751, 3629, 4413, 4054, 4503, 3751, 4898, 3904, 1974, 3938, 1711, 3100], [2033, 1678, 1508, 4246, 3678, 3651, 4249, 2373, 2672, 1283, 2149, 3093, 4868, 2738, 2759, 1007, 4095, 4003, 3754, 1623, 2122, 1531, 1567, 2672, 2002, 3079, 3727, 3938, 1384, 0, 1424, 2956, 3754, 1807, 2956, 1424, 2886, 3183, 2705, 3183, 3706, 3579, 3796, 601, 3454, 1623, 2033], [3204, 2672, 2867, 5420, 4095, 4120, 5533, 3796, 3938, 2705, 3566, 4040, 6055, 4051, 4180, 1623, 4905, 4374, 4461, 3020, 3038, 2855, 2990, 3938, 2564, 4382, 4996, 5208, 151, 1424, 0, 3155, 4461, 3165, 4374, 901, 3760, 4501, 4062, 4501, 3901, 4969, 4054, 2002, 4081, 1856, 3204], [2296, 1832, 3927, 3566, 1007, 1083, 4076, 3964, 2913, 3291, 3995, 1974, 4128, 5014, 4098, 1951, 2251, 1238, 1711, 3122, 1617, 4037, 3516, 2913, 1062, 3332, 3604, 3763, 3005, 2956, 3155, 0, 1711, 2959, 4180, 2256, 1658, 3480, 4831, 5372, 766, 4267, 901, 3246, 1291, 1384, 2296], [2084, 2106, 4128, 2106, 913, 766, 2767, 3663, 2231, 3464, 3834, 961, 2569, 4915, 3613, 2913, 542, 1062, 1, 3093, 1658, 4270, 3566, 2231, 1898, 2461, 2424, 2515, 4320, 3754, 4461, 1711, 0, 2819, 3607, 3626, 950, 2582, 4661, 5162, 1531, 3372, 1359, 3778, 425, 2621, 2084], [752, 1143, 1359, 2564, 3190, 3093, 2461, 1007, 950, 766, 1062, 1898, 3155, 2133, 1210, 1826, 2948, 3516, 2819, 301, 1384, 1508, 766, 950, 1951, 1291, 1957, 2164, 3090, 1807, 3165, 2959, 2819, 0, 1351, 2803, 1880, 1384, 1910, 2443, 3516, 1813, 3503, 1416, 2705, 2256, 752], [1887, 2443, 1807, 2443, 4204, 4081, 1957, 637, 1384, 1678, 961, 2655, 2851, 1651, 213, 3165, 3541, 4501, 3607, 1384, 2564, 1922, 1416, 1384, 3239, 1210, 1678, 1807, 4320, 2956, 4374, 4180, 3607, 1351, 0, 4120, 2791, 1143, 1351, 1711, 4634, 809, 4580, 2420, 3632, 3604, 1887], [2646, 2041, 2913, 4785, 3208, 3239, 4994, 3613, 3425, 2551, 3451, 3304, 5420, 4150, 3947, 1007, 4095, 3480, 3626, 2738, 2334, 2948, 2851, 3425, 1750, 3892, 4453, 4661, 751, 1424, 901, 2256, 3626, 2803, 4120, 0, 3001, 4026, 4095, 4590, 3001, 4602, 3155, 2002, 3232, 1007, 2646], [1138, 1210, 3179, 1951, 1416, 1291, 2420, 2767, 1416, 2515, 2913, 336, 2551, 3995, 2767, 2149, 1210, 1711, 950, 2149, 766, 3321, 2621, 1416, 1274, 1757, 1951, 2106, 3629, 2886, 3760, 1658, 950, 1880, 2791, 3001, 0, 1898, 3751, 4265, 1898, 2705, 1813, 2855, 850, 2019, 1138], [1404, 2041, 2515, 1351, 3291, 3155, 1083, 1501, 619, 2085, 1807, 1678, 1856, 2738, 1238, 3020, 2443, 3557, 2582, 1623, 1957, 2659, 1951, 619, 2718, 151, 619, 809, 4413, 3183, 4501, 3480, 2582, 1384, 1143, 4026, 1898, 0, 2443, 2847, 3796, 809, 3706, 2791, 2684, 3277, 1404], [2653, 3001, 1201, 3778, 5097, 4996, 3304, 1007, 2484, 1617, 850, 3706, 4201, 301, 1210, 3321, 4697, 5420, 4661, 1711, 3291, 1210, 1343, 2484, 3787, 2475, 3016, 3155, 4054, 2705, 4062, 4831, 4661, 1910, 1351, 4095, 3751, 2443, 0, 542, 5420, 2122, 5411, 2106, 4593, 3901, 2653], [3181, 3541, 1678, 4150, 5623, 5521, 3613, 1501, 2959, 2149, 1384, 4204, 4523, 451, 1617, 3846, 5173, 5944, 5162, 2251, 3825, 1658, 1880, 2959, 4328, 2898, 3385, 3503, 4503, 3183, 4501, 5372, 5162, 2443, 1711, 4590, 4265, 2847, 542, 0, 5956, 2406, 5944, 2590, 5110, 4433, 3181], [2797, 2443, 4593, 3604, 619, 766, 4212, 4501, 3291, 3938, 4573, 2149, 4095, 5623, 4580, 2705, 2041, 637, 1531, 3715, 2133, 4711, 4139, 3291, 1750, 3654, 3799, 3927, 3751, 3706, 3901, 766, 1531, 3516, 4634, 3001, 1898, 3796, 5420, 5956, 0, 4602, 213, 3964, 1201, 2149, 2797], [2089, 2718, 2582, 1813, 4098, 3961, 1210, 1416, 1359, 2344, 1750, 2484, 2122, 2420, 1007, 3607, 3190, 4361, 3372, 1957, 2705, 2705, 2122, 1359, 3451, 950, 1083, 1143, 4898, 3579, 4969, 4267, 3372, 1813, 809, 4602, 2705, 809, 2122, 2406, 4602, 0, 4513, 3093, 3490, 3947, 2089], [2771, 2461, 4622, 3451, 451, 601, 4076, 4476, 3222, 3961, 4563, 2041, 3927, 5623, 4536, 2803, 1856, 425, 1359, 3715, 2122, 4744, 4150, 3222, 1813, 3566, 3678, 3799, 3904, 3796, 4054, 901, 1359, 3503, 4580, 3155, 1813, 3706, 5411, 5944, 213, 4513, 0, 4026, 1062, 2271, 2771], [1842, 1678, 913, 3961, 3846, 3796, 3872, 1813, 2349, 751, 1567, 3005, 4563, 2149, 2216, 1384, 4051, 4180, 3778, 1173, 2122, 950, 1007, 2349, 2216, 2705, 3372, 3579, 1974, 601, 2002, 3246, 3778, 1416, 2420, 2002, 2855, 2791, 2106, 2590, 3964, 3093, 4026, 0, 3532, 2019, 1842], [1955, 1856, 3961, 2406, 619, 475, 3016, 3613, 2251, 3291, 3751, 1007, 2913, 4831, 3613, 2569, 961, 876, 425, 2959, 1424, 4098, 3425, 2251, 1531, 2551, 2621, 2738, 3938, 3454, 4081, 1291, 425, 2705, 3632, 3232, 850, 2684, 4593, 5110, 1201, 3490, 1062, 3532, 0, 2231, 1955], [1876, 1238, 2831, 3872, 2256, 2271, 4161, 3208, 2659, 2286, 3133, 2334, 4501, 4026, 3464, 637, 3090, 2551, 2621, 2296, 1416, 2913, 2564, 2659, 751, 3133, 3626, 3825, 1711, 1623, 1856, 1384, 2621, 2256, 3604, 1007, 2019, 3277, 3901, 4433, 2149, 3947, 2271, 2019, 2231, 0, 1876], [1, 639, 2049, 2230, 2444, 2345, 2351, 1706, 788, 1393, 1806, 1199, 2862, 2882, 1804, 1645, 2260, 2768, 2084, 1012, 681, 2193, 1484, 788, 1374, 1262, 1811, 2020, 3100, 2033, 3204, 2296, 2084, 752, 1887, 2646, 1138, 1404, 2653, 3181, 2797, 2089, 2771, 1842, 1955, 1876, 0]], 'ttd': [[0, 320, 1025, 1116, 1223, 1173, 1176, 854, 395, 697, 904, 600, 1431, 1442, 902, 823, 1130, 1384, 1042, 506, 341, 1097, 742, 395, 688, 632, 906, 1010, 1551, 1017, 1603, 1148, 1042, 376, 944, 1324, 569, 703, 1327, 1591, 1399, 1045, 1386, 921, 978, 938, 1], [320, 0, 1083, 1380, 1108, 1075, 1480, 1075, 713, 751, 1083, 713, 1698, 1596, 1165, 531, 1210, 1276, 1054, 646, 226, 1146, 850, 713, 405, 950, 1210, 1313, 1278, 840, 1336, 916, 1054, 572, 1222, 1021, 606, 1021, 1501, 1771, 1222, 1359, 1231, 840, 929, 619, 320], [1025, 1083, 0, 1913, 2188, 2150, 1784, 587, 1128, 336, 425, 1620, 2185, 619, 798, 1108, 2149, 2355, 2065, 531, 1276, 76, 301, 1128, 1434, 1238, 1567, 1661, 1428, 755, 1434, 1964, 2065, 680, 904, 1457, 1590, 1258, 601, 840, 2297, 1291, 2311, 457, 1981, 1416, 1025], [1116, 1380, 1913, 0, 1501, 1426, 376, 1426, 809, 1661, 1578, 809, 319, 2038, 1285, 1910, 856, 1583, 1054, 1424, 1231, 1987, 1620, 809, 1583, 680, 383, 336, 2655, 2124, 2710, 1784, 1054, 1283, 1222, 2393, 976, 676, 1889, 2075, 1803, 907, 1726, 1981, 1203, 1937, 1116], [1223, 1108, 2188, 1501, 0, 76, 1815, 2070, 1416, 1853, 2125, 809, 1741, 2661, 2086, 1359, 713, 169, 457, 1711, 916, 2252, 1937, 1416, 840, 1578, 1620, 1678, 1974, 1840, 2048, 504, 457, 1596, 2102, 1604, 709, 1646, 2549, 2812, 310, 2049, 226, 1923, 310, 1128, 1223], [1173, 1075, 2150, 1426, 76, 0, 1741, 2016, 1353, 1815, 2075, 740, 1666, 2613, 2027, 1353, 642, 213, 383, 1666, 876, 2216, 1894, 1353, 829, 1510, 1547, 1604, 1987, 1826, 2060, 542, 383, 1547, 2041, 1620, 646, 1578, 2499, 2761, 383, 1981, 301, 1898, 238, 1136, 1173], [1176, 1480, 1784, 376, 1815, 1741, 0, 1238, 798, 1583, 1402, 1054, 457, 1803, 1062, 1998, 1213, 1913, 1384, 1353, 1380, 1853, 1510, 798, 1757, 587, 271, 169, 2719, 2125, 2767, 2038, 1384, 1231, 979, 2497, 1210, 542, 1653, 1807, 2106, 606, 2038, 1937, 1508, 2081, 1176], [854, 1075, 587, 1426, 2070, 2016, 1238, 0, 740, 547, 169, 1353, 1666, 642, 213, 1353, 1846, 2228, 1832, 457, 1187, 646, 405, 740, 1478, 755, 1054, 1136, 1876, 1187, 1898, 1982, 1832, 504, 319, 1807, 1384, 751, 504, 751, 2251, 709, 2238, 907, 1807, 1604, 854], [395, 713, 1128, 809, 1416, 1353, 798, 740, 0, 856, 856, 637, 1108, 1380, 692, 1210, 1108, 1562, 1116, 619, 676, 1203, 829, 1, 1054, 238, 531, 637, 1922, 1336, 1970, 1457, 1116, 475, 692, 1713, 709, 310, 1242, 1480, 1646, 680, 1611, 1175, 1126, 1330, 395], [697, 751, 336, 1661, 1853, 1815, 1583, 547, 856, 0, 451, 1296, 1951, 876, 740, 856, 1826, 2020, 1733, 238, 941, 405, 151, 856, 1116, 1007, 1343, 1444, 1330, 642, 1353, 1646, 1733, 383, 840, 1276, 1258, 1043, 809, 1075, 1970, 1173, 1981, 376, 1646, 1143, 697], [904, 1083, 425, 1578, 2125, 2075, 1402, 169, 856, 451, 0, 1444, 1826, 542, 376, 1296, 1951, 2287, 1918, 438, 1222, 481, 301, 856, 1480, 901, 1210, 1296, 1766, 1075, 1784, 1998, 1918, 531, 481, 1726, 1457, 904, 425, 692, 2287, 876, 2282, 784, 1876, 1567, 904], [600, 713, 1620, 809, 809, 740, 1054, 1353, 637, 1296, 1444, 0, 1108, 1982, 1328, 1210, 531, 941, 481, 1093, 504, 1693, 1330, 637, 798, 773, 829, 901, 1957, 1547, 2020, 987, 481, 950, 1328, 1653, 169, 840, 1853, 2102, 1075, 1242, 1021, 1503, 504, 1168, 600], [1431, 1698, 2185, 319, 1741, 1666, 457, 1666, 1108, 1951, 1826, 1108, 0, 2251, 1503, 2228, 1051, 1803, 1285, 1715, 1547, 2257, 1898, 1108, 1894, 950, 619, 531, 2973, 2435, 3028, 2065, 1285, 1578, 1426, 2710, 1276, 929, 2101, 2262, 2048, 1062, 1964, 2282, 1457, 2251, 1431], [1442, 1596, 619, 2038, 2661, 2613, 1803, 642, 1380, 876, 542, 1982, 2251, 0, 755, 1715, 2484, 2824, 2458, 956, 1752, 606, 751, 1380, 1981, 1384, 1658, 1728, 2027, 1370, 2026, 2508, 2458, 1067, 826, 2075, 1998, 1370, 151, 226, 2812, 1210, 2812, 1075, 2416, 2013, 1442], [902, 1165, 798, 1285, 2086, 2027, 1062, 213, 692, 740, 376, 1328, 1503, 755, 0, 1503, 1790, 2238, 1807, 606, 1242, 856, 606, 692, 1567, 642, 904, 976, 2065, 1380, 2090, 2049, 1807, 606, 107, 1974, 1384, 619, 606, 809, 2291, 504, 2268, 1108, 1807, 1733, 902], [823, 531, 1108, 1910, 1359, 1353, 1998, 1353, 1210, 856, 1296, 1210, 2228, 1715, 1503, 0, 1661, 1518, 1457, 901, 709, 1146, 1002, 1210, 526, 1444, 1728, 1832, 751, 504, 812, 976, 1457, 913, 1583, 504, 1075, 1510, 1661, 1923, 1353, 1804, 1402, 692, 1285, 319, 823], [1130, 1210, 2149, 856, 713, 642, 1213, 1846, 1108, 1826, 1951, 531, 1051, 2484, 1790, 1661, 0, 755, 271, 1620, 987, 2222, 1856, 1108, 1175, 1173, 1083, 1108, 2385, 2048, 2453, 1126, 271, 1475, 1771, 2048, 606, 1222, 2349, 2587, 1021, 1596, 929, 2026, 481, 1545, 1130], [1384, 1276, 2355, 1583, 169, 213, 1913, 2228, 1562, 2020, 2287, 941, 1803, 2824, 2238, 1518, 755, 0, 531, 1876, 1083, 2420, 2102, 1562, 1002, 1713, 1733, 1784, 2113, 2002, 2188, 619, 531, 1758, 2251, 1741, 856, 1779, 2710, 2973, 319, 2181, 213, 2090, 438, 1276, 1384], [1042, 1054, 2065, 1054, 457, 383, 1384, 1832, 1116, 1733, 1918, 481, 1285, 2458, 1807, 1457, 271, 531, 0, 1547, 829, 2136, 1784, 1116, 950, 1231, 1213, 1258, 2160, 1877, 2231, 856, 1, 1410, 1804, 1813, 475, 1291, 2331, 2582, 766, 1686, 680, 1889, 213, 1311, 1042], [506, 646, 531, 1424, 1711, 1666, 1353, 457, 619, 238, 438, 1093, 1715, 956, 606, 901, 1620, 1876, 1547, 0, 798, 606, 238, 619, 1043, 773, 1108, 1210, 1478, 812, 1510, 1562, 1547, 151, 692, 1370, 1075, 812, 856, 1126, 1858, 979, 1858, 587, 1480, 1148, 506], [341, 226, 1276, 1231, 916, 876, 1380, 1187, 676, 941, 1222, 504, 1547, 1752, 1242, 709, 987, 1083, 829, 798, 0, 1343, 1021, 676, 383, 904, 1116, 1213, 1457, 1062, 1520, 809, 829, 692, 1283, 1168, 383, 979, 1646, 1913, 1067, 1353, 1062, 1062, 713, 709, 341], [1097, 1146, 76, 1987, 2252, 2216, 1853, 646, 1203, 405, 481, 1693, 2257, 606, 856, 1146, 2222, 2420, 2136, 606, 1343, 0, 376, 1203, 1490, 1311, 1639, 1733, 1426, 766, 1428, 2019, 2136, 755, 961, 1475, 1661, 1330, 606, 829, 2356, 1353, 2373, 475, 2049, 1457, 1097], [742, 850, 301, 1620, 1937, 1894, 1510, 405, 829, 151, 301, 1330, 1898, 751, 606, 1002, 1856, 2102, 1784, 238, 1021, 376, 0, 829, 1231, 950, 1283, 1380, 1475, 784, 1495, 1758, 1784, 383, 709, 1426, 1311, 976, 672, 941, 2070, 1062, 2075, 504, 1713, 1283, 742], [395, 713, 1128, 809, 1416, 1353, 798, 740, 1, 856, 856, 637, 1108, 1380, 692, 1210, 1108, 1562, 1116, 619, 676, 1203, 829, 0, 1054, 238, 531, 637, 1922, 1336, 1970, 1457, 1116, 475, 692, 1713, 709, 310, 1242, 1480, 1646, 680, 1611, 1175, 1126, 1330, 395], [688, 405, 1434, 1583, 840, 829, 1757, 1478, 1054, 1116, 1480, 798, 1894, 1981, 1567, 526, 1175, 1002, 950, 1043, 383, 1490, 1231, 1054, 0, 1285, 1495, 1590, 1213, 1002, 1283, 531, 950, 976, 1620, 876, 637, 1359, 1894, 2164, 876, 1726, 907, 1108, 766, 376, 688], [632, 950, 1238, 680, 1578, 1510, 587, 755, 238, 1007, 901, 773, 950, 1384, 642, 1444, 1173, 1713, 1231, 773, 904, 1311, 950, 238, 1285, 0, 336, 438, 2146, 1540, 2191, 1666, 1231, 646, 606, 1947, 879, 76, 1238, 1449, 1827, 475, 1784, 1353, 1276, 1567, 632], [906, 1210, 1567, 383, 1620, 1547, 271, 1054, 531, 1343, 1210, 829, 619, 1658, 904, 1728, 1083, 1733, 1213, 1108, 1116, 1639, 1283, 531, 1495, 336, 0, 107, 2450, 1864, 2499, 1803, 1213, 979, 840, 2227, 976, 310, 1508, 1693, 1900, 542, 1840, 1686, 1311, 1813, 906], [1010, 1313, 1661, 336, 1678, 1604, 169, 1136, 637, 1444, 1296, 901, 531, 1728, 976, 1832, 1108, 1784, 1258, 1210, 1213, 1733, 1380, 637, 1590, 438, 107, 0, 2555, 1970, 2604, 1882, 1258, 1083, 904, 2331, 1054, 405, 1578, 1752, 1964, 572, 1900, 1790, 1370, 1913, 1010], [1551, 1278, 1428, 2655, 1974, 1987, 2719, 1876, 1922, 1330, 1766, 1957, 2973, 2027, 2065, 751, 2385, 2113, 2160, 1478, 1457, 1426, 1475, 1922, 1213, 2146, 2450, 2555, 0, 692, 76, 1503, 2160, 1545, 2160, 376, 1815, 2207, 2027, 2252, 1876, 2450, 1952, 987, 1970, 856, 1551], [1017, 840, 755, 2124, 1840, 1826, 2125, 1187, 1336, 642, 1075, 1547, 2435, 1370, 1380, 504, 2048, 2002, 1877, 812, 1062, 766, 784, 1336, 1002, 1540, 1864, 1970, 692, 0, 713, 1478, 1877, 904, 1478, 713, 1444, 1592, 1353, 1592, 1853, 1790, 1898, 301, 1728, 812, 1017], [1603, 1336, 1434, 2710, 2048, 2060, 2767, 1898, 1970, 1353, 1784, 2020, 3028, 2026, 2090, 812, 2453, 2188, 2231, 1510, 1520, 1428, 1495, 1970, 1283, 2191, 2499, 2604, 76, 713, 0, 1578, 2231, 1583, 2188, 451, 1880, 2251, 2032, 2251, 1951, 2485, 2027, 1002, 2041, 929, 1603], [1148, 916, 1964, 1784, 504, 542, 2038, 1982, 1457, 1646, 1998, 987, 2065, 2508, 2049, 976, 1126, 619, 856, 1562, 809, 2019, 1758, 1457, 531, 1666, 1803, 1882, 1503, 1478, 1578, 0, 856, 1480, 2090, 1128, 829, 1741, 2416, 2686, 383, 2134, 451, 1623, 646, 692, 1148], [1042, 1054, 2065, 1054, 457, 383, 1384, 1832, 1116, 1733, 1918, 481, 1285, 2458, 1807, 1457, 271, 531, 1, 1547, 829, 2136, 1784, 1116, 950, 1231, 1213, 1258, 2160, 1877, 2231, 856, 0, 1410, 1804, 1813, 475, 1291, 2331, 2582, 766, 1686, 680, 1889, 213, 1311, 1042], [376, 572, 680, 1283, 1596, 1547, 1231, 504, 475, 383, 531, 950, 1578, 1067, 606, 913, 1475, 1758, 1410, 151, 692, 755, 383, 475, 976, 646, 979, 1083, 1545, 904, 1583, 1480, 1410, 0, 676, 1402, 941, 692, 956, 1222, 1758, 907, 1752, 709, 1353, 1128, 376], [944, 1222, 904, 1222, 2102, 2041, 979, 319, 692, 840, 481, 1328, 1426, 826, 107, 1583, 1771, 2251, 1804, 692, 1283, 961, 709, 692, 1620, 606, 840, 904, 2160, 1478, 2188, 2090, 1804, 676, 0, 2060, 1396, 572, 676, 856, 2318, 405, 2291, 1210, 1817, 1803, 944], [1324, 1021, 1457, 2393, 1604, 1620, 2497, 1807, 1713, 1276, 1726, 1653, 2710, 2075, 1974, 504, 2048, 1741, 1813, 1370, 1168, 1475, 1426, 1713, 876, 1947, 2227, 2331, 376, 713, 451, 1128, 1813, 1402, 2060, 0, 1501, 2013, 2048, 2296, 1501, 2302, 1578, 1002, 1617, 504, 1324], [569, 606, 1590, 976, 709, 646, 1210, 1384, 709, 1258, 1457, 169, 1276, 1998, 1384, 1075, 606, 856, 475, 1075, 383, 1661, 1311, 709, 637, 879, 976, 1054, 1815, 1444, 1880, 829, 475, 941, 1396, 1501, 0, 950, 1876, 2133, 950, 1353, 907, 1428, 425, 1010, 569], [703, 1021, 1258, 676, 1646, 1578, 542, 751, 310, 1043, 904, 840, 929, 1370, 619, 1510, 1222, 1779, 1291, 812, 979, 1330, 976, 310, 1359, 76, 310, 405, 2207, 1592, 2251, 1741, 1291, 692, 572, 2013, 950, 0, 1222, 1424, 1898, 405, 1853, 1396, 1343, 1639, 703], [1327, 1501, 601, 1889, 2549, 2499, 1653, 504, 1242, 809, 425, 1853, 2101, 151, 606, 1661, 2349, 2710, 2331, 856, 1646, 606, 672, 1242, 1894, 1238, 1508, 1578, 2027, 1353, 2032, 2416, 2331, 956, 676, 2048, 1876, 1222, 0, 271, 2710, 1062, 2706, 1054, 2297, 1951, 1327], [1591, 1771, 840, 2075, 2812, 2761, 1807, 751, 1480, 1075, 692, 2102, 2262, 226, 809, 1923, 2587, 2973, 2582, 1126, 1913, 829, 941, 1480, 2164, 1449, 1693, 1752, 2252, 1592, 2251, 2686, 2582, 1222, 856, 2296, 2133, 1424, 271, 0, 2978, 1203, 2973, 1296, 2555, 2217, 1591], [1399, 1222, 2297, 1803, 310, 383, 2106, 2251, 1646, 1970, 2287, 1075, 2048, 2812, 2291, 1353, 1021, 319, 766, 1858, 1067, 2356, 2070, 1646, 876, 1827, 1900, 1964, 1876, 1853, 1951, 383, 766, 1758, 2318, 1501, 950, 1898, 2710, 2978, 0, 2302, 107, 1982, 601, 1075, 1399], [1045, 1359, 1291, 907, 2049, 1981, 606, 709, 680, 1173, 876, 1242, 1062, 1210, 504, 1804, 1596, 2181, 1686, 979, 1353, 1353, 1062, 680, 1726, 475, 542, 572, 2450, 1790, 2485, 2134, 1686, 907, 405, 2302, 1353, 405, 1062, 1203, 2302, 0, 2257, 1547, 1745, 1974, 1045], [1386, 1231, 2311, 1726, 226, 301, 2038, 2238, 1611, 1981, 2282, 1021, 1964, 2812, 2268, 1402, 929, 213, 680, 1858, 1062, 2373, 2075, 1611, 907, 1784, 1840, 1900, 1952, 1898, 2027, 451, 680, 1752, 2291, 1578, 907, 1853, 2706, 2973, 107, 2257, 0, 2013, 531, 1136, 1386], [921, 840, 457, 1981, 1923, 1898, 1937, 907, 1175, 376, 784, 1503, 2282, 1075, 1108, 692, 2026, 2090, 1889, 587, 1062, 475, 504, 1175, 1108, 1353, 1686, 1790, 987, 301, 1002, 1623, 1889, 709, 1210, 1002, 1428, 1396, 1054, 1296, 1982, 1547, 2013, 0, 1766, 1010, 921], [978, 929, 1981, 1203, 310, 238, 1508, 1807, 1126, 1646, 1876, 504, 1457, 2416, 1807, 1285, 481, 438, 213, 1480, 713, 2049, 1713, 1126, 766, 1276, 1311, 1370, 1970, 1728, 2041, 646, 213, 1353, 1817, 1617, 425, 1343, 2297, 2555, 601, 1745, 531, 1766, 0, 1116, 978], [938, 619, 1416, 1937, 1128, 1136, 2081, 1604, 1330, 1143, 1567, 1168, 2251, 2013, 1733, 319, 1545, 1276, 1311, 1148, 709, 1457, 1283, 1330, 376, 1567, 1813, 1913, 856, 812, 929, 692, 1311, 1128, 1803, 504, 1010, 1639, 1951, 2217, 1075, 1974, 1136, 1010, 1116, 0, 938], [1, 320, 1025, 1116, 1223, 1173, 1176, 854, 395, 697, 904, 600, 1431, 1442, 902, 823, 1130, 1384, 1042, 506, 341, 1097, 742, 395, 688, 632, 906, 1010, 1551, 1017, 1603, 1148, 1042, 376, 944, 1324, 569, 703, 1327, 1591, 1399, 1045, 1386, 921, 978, 938, 0]]}