{'nodes': [(0, 0, 0, 0, 48000, 0, False), (1, 5.28340430268491, 1.953322431462514, 8451, 14241, 30, True), (2, -4.848660051609595, 3.2092575742738867, 37140, 44286, 20, True), (3, 0.09582679753878974, -0.6942977128207733, 9820, 14499, 40, True), (4, -0.5016446281514602, -0.9529704677608674, 14225, 20071, 40, True), (5, 6.483677673789504, -12.553711212813184, 12763, 23624, 10, True), (6, 3.7659729496982486, -11.98339329390738, 601, 7049, 20, True), (7, 8.26029528905534, 1.5866281843157988, 4430, 10926, 40, True), (8, -8.289682421857998, -1.4587709451217408, 38191, 45778, 50, True), (9, -9.849738275214433, 17.66157734115718, 34537, 42085, 50, True), (10, -0.3293481979809793, 0.1833537035361297, 28709, 36823, 40, True), (11, 2.9833024879409398, 1.2396629298207622, 17250, 23345, 10, True), (12, -6.2671013375325, -4.386475455382559, 31921, 38126, 50, False), (13, 4.942064776099528, 3.1550386585845214, 25081, 33731, 40, True), (14, 0.4920411322812218, 2.8097474893599927, 862, 3610, 10, True), (15, 20.4091350066909, -5.9403905686500975, 14758, 24745, 10, True), (16, 9.2757375307805, 3.5243367889235526, 32017, 40776, 40, True), (17, -9.911881979310058, 1.0165785981875854, 25394, 32979, 10, True), (18, -2.7505742463380667, -4.942237637221967, 11097, 17313, 50, True), (19, 11.014358234890226, -2.4002913135384785, 15541, 20360, 20, True), (20, -16.601410235601804, 2.9319718811514925, 7417, 15948, 40, True), (21, 0.6248448932993995, -0.508668190235539, 17362, 21506, 20, True), (22, 0.42282882069105904, 0.9135990074186604, 27058, 36157, 50, True), (23, 7.031366211765241, -7.109448229687769, 4027, 12209, 50, True), (24, 0.2802516495709188, -2.00237027026933, 37044, 41528, 30, True), (25, 2.405189399778985, 1.0043746709089654, 34627, 40542, 50, True), (26, 8.875146413263503, 8.399918845347939, 23332, 27569, 30, False), (27, 7.762001492636856, -5.019313699664351, 29658, 37183, 40, True), (28, -3.632413803560907, -3.2995857464571867, 1238, 5256, 30, True), (29, -19.243439174815162, 0.7179413543040922, 19422, 24666, 10, True), (30, -1.3476781654806733, -5.988625937424526, 1297, 9589, 50, True), (31, 1.1446158344674637, -0.7236197041689248, 548, 5025, 20, True), (32, -3.613890429450849, 1.142506717087421, 22674, 28166, 10, True), (33, -9.217189031894115, 6.1819886232138614, 28512, 33376, 50, True), (34, 20.73011302229153, 0.9180626521951168, 21140, 26216, 40, True), (35, -3.00508217974562, 3.2942367624460447, 30125, 38075, 40, True), (36, 16.215031246720212, 2.481166045554172, 24638, 31401, 20, True), (37, -1.5773823773708742, -0.3167102556105411, 13278, 20726, 20, True), (38, 6.097681378025308, -25.929654735697564, 35556, 42096, 10, False), (39, 3.2033460413922095, 14.404139586788919, 20231, 28308, 10, True), (40, 7.4415184162927535, 10.174277328785351, 29493, 36074, 40, True), (41, -9.928603155204836, -3.916649088046114, 1008, 7782, 10, False), (42, 2.9818862432836104, 2.9585117397325402, 16865, 21029, 50, True), (43, -0.5004582271160112, -1.7753818893253, 17814, 20639, 10, True), (44, -3.2319935009972576, 4.832470377602734, 13459, 20806, 50, True), (45, -3.1785545503850865, 3.960440407558131, 26375, 34869, 10, True), (46, 0, 0, 0, 48000, 0, False)], 'F': 20.0, 'ct': 0.083, 'cd': 0.021, 'truck_cap': 100, 'drone_cap': 20, 'truck_speed': 40, 'drone_speed': 40, 'a': 1, 'b': 2, 'max_flight_time': 3000, 'ttt': [[0, 1691, 1745, 211, 324, 4240, 3769, 2524, 2526, 6068, 114, 970, 2296, 1760, 857, 6378, 2978, 2990, 1698, 3383, 5058, 243, 303, 3001, 608, 783, 3667, 2774, 1473, 5778, 1843, 407, 1138, 3331, 6226, 1339, 4922, 484, 7992, 4428, 3783, 3203, 1261, 554, 1745, 1524, 1], [1691, 0, 3064, 1748, 1943, 4368, 4207, 901, 4200, 6545, 1767, 723, 3954, 376, 1461, 5119, 1288, 4568, 3177, 2160, 6573, 1582, 1492, 2770, 1914, 910, 2215, 2221, 3105, 7368, 3105, 1480, 2681, 4532, 4645, 2520, 3284, 2169, 8369, 3788, 2551, 4893, 754, 2065, 2698, 2610, 1691], [1745, 3064, 0, 1891, 1807, 5825, 5241, 3964, 1741, 4589, 1633, 2424, 2319, 2938, 1608, 8060, 4239, 1656, 2526, 5049, 3528, 1986, 1726, 4722, 2195, 2275, 4403, 4518, 1987, 4384, 2953, 2152, 723, 1586, 7705, 555, 6324, 1444, 9339, 4138, 4239, 2626, 2351, 1985, 688, 550, 1745], [211, 1748, 1891, 0, 196, 4042, 3562, 2544, 2527, 6264, 294, 1044, 2208, 1858, 1059, 6295, 3032, 3047, 1535, 3316, 5127, 169, 493, 2835, 397, 861, 3793, 2642, 1365, 5818, 1647, 316, 1243, 3474, 6210, 1517, 4930, 516, 7783, 4625, 3936, 3160, 1398, 371, 1936, 1708, 211], [324, 1943, 1807, 196, 0, 4063, 3549, 2738, 2342, 6250, 346, 1236, 2014, 2047, 1169, 6450, 3227, 2885, 1375, 3483, 4970, 364, 626, 2920, 394, 1052, 3974, 2764, 1175, 5646, 1533, 500, 1127, 3380, 6395, 1480, 5121, 376, 7751, 4740, 4102, 2966, 1572, 248, 1920, 1680, 324], [4240, 4368, 5825, 4042, 4063, 0, 834, 4276, 5544, 10305, 4334, 4270, 4544, 4736, 4948, 4626, 4897, 6386, 3591, 3337, 8340, 4019, 4431, 1643, 3673, 4248, 6328, 2294, 4114, 8686, 3067, 3895, 5106, 7334, 5883, 5542, 5374, 4397, 4015, 8148, 6825, 5565, 4772, 3854, 5976, 5741, 4240], [3769, 4207, 5241, 3562, 3549, 834, 0, 4289, 4802, 9788, 3852, 3975, 3776, 4556, 4546, 5313, 4938, 5662, 2879, 3606, 7574, 3570, 3998, 1761, 3173, 3919, 6305, 2410, 3423, 7886, 2365, 3469, 4518, 6699, 6395, 5014, 5726, 3851, 4243, 7919, 6739, 4769, 4490, 3320, 5465, 5218, 3769], [2524, 901, 3964, 2544, 2738, 4276, 4289, 0, 5049, 7266, 2612, 1588, 4713, 1102, 2360, 4288, 657, 5455, 3841, 1455, 7470, 2376, 2361, 2636, 2626, 1766, 2053, 1988, 3858, 8256, 3672, 2245, 3566, 5422, 3747, 3419, 2402, 3007, 8281, 4135, 2589, 5702, 1637, 2816, 3584, 3506, 2524], [2526, 4200, 1741, 2527, 2342, 5544, 4802, 5049, 0, 5756, 2439, 3478, 1069, 4205, 2930, 8715, 5479, 889, 1964, 5799, 2821, 2691, 2710, 4900, 2577, 3293, 5939, 4934, 1503, 3351, 2488, 2840, 1606, 2310, 8736, 2133, 7447, 2044, 8517, 5878, 5871, 887, 3633, 2340, 2423, 2236, 2526], [6068, 6545, 4589, 6264, 6250, 10305, 9788, 7266, 5756, 0, 5972, 6253, 6702, 6216, 5430, 11514, 7136, 4995, 7109, 8684, 4862, 6293, 5895, 8994, 6637, 6205, 6268, 8616, 6560, 5813, 7541, 6428, 5298, 3450, 10460, 4775, 9050, 5938, 13926, 4037, 5654, 6475, 5855, 6472, 4332, 4573, 6068], [114, 1767, 1633, 294, 346, 4334, 3852, 2612, 2439, 5972, 0, 1044, 2249, 1816, 827, 6488, 3052, 2887, 1702, 3491, 4952, 355, 316, 3110, 682, 858, 3703, 2887, 1441, 5677, 1878, 520, 1028, 3218, 6323, 1232, 5012, 404, 8069, 4397, 3798, 3132, 1297, 591, 1645, 1420, 114], [970, 723, 2424, 1044, 1236, 4270, 3975, 1588, 3478, 6253, 1044, 0, 3249, 823, 884, 5655, 2009, 3870, 2531, 2646, 5898, 882, 775, 2785, 1267, 188, 2783, 2363, 2408, 6671, 2529, 808, 1980, 3950, 5326, 1900, 3988, 1447, 8205, 3951, 2997, 4172, 517, 1383, 2155, 2022, 970], [2296, 3954, 2319, 2208, 2014, 4544, 3776, 4713, 1069, 6702, 2249, 3249, 0, 4054, 2963, 8017, 5233, 1956, 1069, 5220, 3800, 2373, 2561, 4073, 2091, 3064, 5947, 4214, 856, 4184, 1553, 2481, 1841, 3293, 8255, 2504, 7053, 1864, 7453, 6314, 6001, 1108, 3544, 1900, 2913, 2671, 2296], [1760, 376, 2938, 1858, 2047, 4736, 4556, 1102, 4205, 6216, 1816, 823, 4054, 0, 1340, 5384, 1306, 4503, 3352, 2470, 6464, 1700, 1514, 3143, 2087, 999, 1968, 2595, 3221, 7293, 3330, 1629, 2638, 4345, 4785, 2386, 3389, 2217, 8733, 3416, 2236, 4941, 592, 2204, 2504, 2449, 1760], [857, 1461, 1608, 1059, 1169, 4948, 4546, 2360, 2930, 5430, 827, 884, 2963, 1340, 0, 6527, 2645, 3168, 2522, 3523, 5129, 997, 570, 3565, 1446, 790, 3024, 3206, 2212, 5955, 2698, 1079, 1330, 3084, 6099, 1060, 4719, 1126, 8785, 3573, 3039, 3722, 749, 1408, 1272, 1155, 857], [6378, 5119, 8060, 6295, 6450, 4626, 5313, 4288, 8715, 11514, 6488, 5655, 8017, 5384, 6527, 0, 4385, 9334, 6955, 3013, 11419, 6156, 6340, 4030, 6154, 5790, 5522, 3805, 7257, 12063, 6528, 5989, 7515, 9604, 2061, 7552, 2823, 6809, 7376, 7994, 6206, 9123, 5871, 6397, 7795, 7675, 6378], [2978, 1288, 4239, 3032, 3227, 4897, 4938, 657, 5479, 7136, 3052, 2009, 5233, 1306, 2645, 4385, 0, 5806, 4413, 1853, 7766, 2864, 2770, 3261, 3168, 2196, 1469, 2604, 4381, 8598, 4279, 2753, 3933, 5606, 3525, 3686, 2106, 3455, 8888, 3739, 2070, 6180, 1897, 3337, 3774, 3740, 2978], [2990, 4568, 1656, 3047, 2885, 6386, 5662, 5455, 889, 4995, 2887, 3870, 1956, 4503, 3168, 9334, 5806, 0, 2796, 6362, 2089, 3195, 3102, 5638, 3190, 3696, 6057, 5604, 2287, 2802, 3320, 3359, 1891, 1565, 9194, 2183, 7851, 2533, 9404, 5623, 5887, 1481, 3913, 2946, 2309, 2206, 2990], [1698, 3177, 2526, 1535, 1375, 3591, 2879, 3841, 1964, 7109, 1702, 2531, 1069, 3352, 2522, 6955, 4413, 2796, 0, 4200, 4781, 1673, 1999, 3007, 1268, 2362, 5310, 3155, 560, 5232, 526, 1724, 1845, 3861, 7261, 2473, 6111, 1433, 6834, 6074, 5470, 2176, 2929, 1166, 2937, 2675, 1698], [3383, 2160, 5049, 3316, 3483, 3337, 3606, 1455, 5799, 8684, 3491, 2646, 5220, 2470, 3523, 3013, 1853, 6362, 4200, 0, 8439, 3169, 3330, 1851, 3223, 2778, 3304, 1254, 4403, 9126, 3863, 3004, 4516, 6594, 3081, 4541, 2141, 3830, 7212, 5560, 3923, 6300, 2898, 3461, 4794, 4667, 3383], [5058, 6573, 3528, 5127, 4970, 8340, 7574, 7470, 2821, 4862, 4952, 5898, 3800, 6464, 5129, 11419, 7766, 2089, 4781, 8439, 0, 5271, 5144, 7704, 5277, 5732, 7818, 7689, 4318, 1035, 5302, 5437, 3934, 2421, 11217, 4081, 9847, 4612, 11017, 6867, 7534, 2870, 5876, 5033, 4052, 4040, 5058], [243, 1582, 1986, 169, 364, 4019, 3570, 2376, 2691, 6293, 355, 882, 2373, 1700, 997, 6156, 2864, 3195, 1673, 3169, 5271, 0, 432, 2761, 461, 702, 3644, 2534, 1528, 5973, 1748, 170, 1366, 3571, 6048, 1578, 4763, 664, 7802, 4541, 3803, 3328, 1259, 509, 1977, 1762, 243], [303, 1492, 1726, 493, 626, 4431, 3998, 2361, 2710, 5895, 316, 775, 2561, 1514, 570, 6340, 2770, 3102, 1999, 3330, 5144, 432, 0, 3119, 877, 596, 3388, 2832, 1755, 5901, 2139, 538, 1214, 3297, 6093, 1253, 4762, 705, 8232, 4133, 3487, 3428, 984, 854, 1609, 1416, 303], [3001, 2770, 4722, 2835, 2920, 1643, 1761, 2636, 4900, 8994, 3110, 2785, 4073, 3143, 3565, 4030, 3261, 5638, 3007, 1851, 7704, 2761, 3119, 0, 2541, 2803, 4687, 665, 3398, 8226, 2537, 2607, 4042, 6299, 4764, 4338, 3985, 3291, 5654, 6556, 5188, 5178, 3257, 2770, 4725, 4519, 3001], [608, 1914, 2195, 397, 394, 3673, 3173, 2626, 2577, 6637, 682, 1267, 2091, 2087, 1446, 6154, 3168, 3190, 1268, 3223, 5277, 461, 877, 2541, 0, 1106, 4049, 2421, 1238, 5915, 1293, 464, 1503, 3762, 6198, 1871, 4967, 754, 7388, 5000, 4239, 3117, 1696, 245, 2306, 2069, 608], [783, 910, 2275, 861, 1052, 4248, 3919, 1766, 3293, 6205, 858, 188, 3064, 999, 790, 5790, 2196, 3696, 2362, 2778, 5732, 702, 596, 2803, 1106, 0, 2949, 2419, 2225, 6496, 2382, 643, 1807, 3818, 5499, 1763, 4168, 1260, 8157, 4028, 3140, 3985, 612, 1207, 2045, 1896, 783], [3667, 2215, 4403, 3793, 3974, 6328, 6305, 2053, 5939, 6268, 3703, 2783, 5947, 1968, 3024, 5522, 1469, 6057, 5310, 3304, 7818, 3644, 3388, 4687, 4049, 2949, 0, 4041, 5139, 8746, 5296, 3588, 4334, 5469, 4207, 3880, 2830, 4084, 10334, 2479, 685, 6745, 2407, 4152, 3788, 3855, 3667], [2774, 2221, 4518, 2642, 2764, 2294, 2410, 1988, 4934, 8616, 2887, 2363, 4214, 2595, 3206, 3805, 2604, 5604, 3155, 1254, 7689, 2534, 2832, 665, 2421, 2419, 4041, 0, 3458, 8283, 2749, 2368, 3882, 6103, 4280, 4082, 3391, 3138, 6294, 5986, 4560, 5318, 2791, 2664, 4430, 4247, 2774], [1473, 3105, 1987, 1365, 1175, 4114, 3423, 3858, 1503, 6560, 1441, 2408, 856, 3221, 2212, 7257, 4381, 2287, 560, 4403, 4318, 1528, 1755, 3398, 1238, 2225, 5139, 3458, 0, 4837, 1060, 1629, 1334, 3302, 7418, 1988, 6203, 1088, 7391, 5694, 5233, 1899, 2733, 1046, 2444, 2183, 1473], [5778, 7368, 4384, 5818, 5646, 8686, 7886, 8256, 3351, 5813, 5677, 6671, 4184, 7293, 5955, 12063, 8598, 2802, 5232, 9126, 1035, 5973, 5901, 8226, 5915, 6496, 8746, 8283, 4837, 0, 5734, 6133, 4692, 3427, 11993, 4933, 10652, 5310, 11033, 7888, 8494, 3122, 6702, 5673, 4960, 4918, 5778], [1843, 3105, 2953, 1647, 1533, 3067, 2365, 3672, 2488, 7541, 1878, 2529, 1553, 3330, 2698, 6528, 4279, 3320, 526, 3863, 5302, 1748, 2139, 2537, 1293, 2382, 5296, 2749, 1060, 5734, 0, 1749, 2246, 4349, 6941, 2830, 5851, 1704, 6387, 6269, 5520, 2649, 2983, 1290, 3296, 3036, 1843], [407, 1480, 2152, 316, 500, 3895, 3469, 2245, 2840, 6428, 520, 808, 2481, 1629, 1079, 5989, 2753, 3359, 1724, 3004, 5437, 170, 538, 2607, 464, 643, 3588, 2368, 1629, 6133, 1749, 0, 1534, 3737, 5897, 1734, 4623, 827, 7707, 4581, 3777, 3458, 1236, 587, 2123, 1913, 407], [1138, 2681, 723, 1243, 1127, 5106, 4518, 3566, 1606, 5298, 1028, 1980, 1841, 2638, 1330, 7515, 3933, 1891, 1845, 4516, 3934, 1366, 1214, 4042, 1503, 1807, 4334, 3882, 1334, 4692, 2246, 1534, 0, 2262, 7305, 672, 5963, 753, 8629, 4474, 4284, 2428, 2053, 1281, 1114, 856, 1138], [3331, 4532, 1586, 3474, 3380, 7334, 6699, 5422, 2310, 3450, 3218, 3950, 3293, 4345, 3084, 9604, 5606, 1565, 3861, 6594, 2421, 3571, 3297, 6299, 3762, 3818, 5469, 6103, 3302, 3427, 4349, 3737, 2262, 0, 9123, 2056, 7711, 3010, 10674, 4470, 5140, 3038, 3786, 3542, 1842, 1931, 3331], [6226, 4645, 7705, 6210, 6395, 5883, 6395, 3747, 8736, 10460, 6323, 5326, 8255, 4785, 6099, 2061, 3525, 9194, 7261, 3081, 11217, 6048, 6093, 4764, 6198, 5499, 4207, 4280, 7418, 11993, 6941, 5897, 7305, 9123, 0, 7157, 1434, 6703, 9174, 6635, 4859, 9312, 5361, 6421, 7285, 7231, 6226], [1339, 2520, 555, 1517, 1480, 5542, 5014, 3419, 2133, 4775, 1232, 1900, 2504, 2386, 1060, 7552, 3686, 2183, 2473, 4541, 4081, 1578, 1253, 4338, 1871, 1763, 3880, 4082, 1988, 4933, 2830, 1734, 672, 2056, 7157, 0, 5772, 1166, 9184, 3819, 3754, 3000, 1800, 1697, 467, 208, 1339], [4922, 3284, 6324, 4930, 5121, 5374, 5726, 2402, 7447, 9050, 5012, 3988, 7053, 3389, 4719, 2823, 2106, 7851, 6111, 2141, 9847, 4763, 4762, 3985, 4967, 4168, 2830, 3391, 6203, 10652, 5851, 4623, 5963, 7711, 1434, 5772, 0, 5404, 9049, 5295, 3502, 8076, 3974, 5176, 5878, 5836, 4922], [484, 2169, 1444, 516, 376, 4397, 3851, 3007, 2044, 5938, 404, 1447, 1864, 2217, 1126, 6809, 3455, 2533, 1433, 3830, 4612, 664, 705, 3291, 754, 1260, 4084, 3138, 1088, 5310, 1704, 827, 753, 3010, 6703, 1166, 5404, 0, 8022, 4644, 4151, 2729, 1685, 545, 1624, 1371, 484], [7992, 8369, 9339, 7783, 7751, 4015, 4243, 8281, 8517, 13926, 8069, 8205, 7453, 8733, 8785, 7376, 8888, 9404, 6834, 7212, 11017, 7802, 8232, 5654, 7388, 8157, 10334, 6294, 7391, 11033, 6387, 7707, 8629, 10674, 9174, 9184, 9049, 8022, 0, 12132, 10840, 8170, 8718, 7513, 9645, 9390, 7992], [4428, 3788, 4138, 4625, 4740, 8148, 7919, 4135, 5878, 4037, 4397, 3951, 6314, 3416, 3573, 7994, 3739, 5623, 6074, 5560, 6867, 4541, 4133, 6556, 5000, 4028, 2479, 5986, 5694, 7888, 6269, 4581, 4474, 4470, 6635, 3819, 5295, 4644, 12132, 0, 1797, 6763, 3435, 4980, 3461, 3673, 4428], [3783, 2551, 4239, 3936, 4102, 6825, 6739, 2589, 5871, 5654, 3798, 2997, 6001, 2236, 3039, 6206, 2070, 5887, 5470, 3923, 7534, 3803, 3487, 5188, 4239, 3140, 685, 4560, 5233, 8494, 5520, 3777, 4284, 5140, 4859, 3754, 3502, 4151, 10840, 1797, 0, 6711, 2546, 4305, 3582, 3692, 3783], [3203, 4893, 2626, 3160, 2966, 5565, 4769, 5702, 887, 6475, 3132, 4172, 1108, 4941, 3722, 9123, 6180, 1481, 2176, 6300, 2870, 3328, 3428, 5178, 3117, 3985, 6745, 5318, 1899, 3122, 2649, 3458, 2428, 3038, 9312, 3000, 8076, 2729, 8170, 6763, 6711, 0, 4389, 2901, 3306, 3113, 3203], [1261, 754, 2351, 1398, 1572, 4772, 4490, 1637, 3633, 5855, 1297, 517, 3544, 592, 749, 5871, 1897, 3913, 2929, 2898, 5876, 1259, 984, 3257, 1696, 612, 2407, 2791, 2733, 6702, 2983, 1236, 2053, 3786, 5361, 1800, 3974, 1685, 8718, 3435, 2546, 4389, 0, 1764, 1948, 1873, 1261], [554, 2065, 1985, 371, 248, 3854, 3320, 2816, 2340, 6472, 591, 1383, 1900, 2204, 1408, 6397, 3337, 2946, 1166, 3461, 5033, 509, 854, 2770, 245, 1207, 4152, 2664, 1046, 5673, 1290, 587, 1281, 3542, 6421, 1697, 5176, 545, 7513, 4980, 4305, 2901, 1764, 0, 2146, 1900, 554], [1745, 2698, 688, 1936, 1920, 5976, 5465, 3584, 2423, 4332, 1645, 2155, 2913, 2504, 1272, 7795, 3774, 2309, 2937, 4794, 4052, 1977, 1609, 4725, 2306, 2045, 3788, 4430, 2444, 4960, 3296, 2123, 1114, 1842, 7285, 467, 5878, 1624, 9645, 3461, 3582, 3306, 1948, 2146, 0, 263, 1745], [1524, 2610, 550, 1708, 1680, 5741, 5218, 3506, 2236, 4573, 1420, 2022, 2671, 2449, 1155, 7675, 3740, 2206, 2675, 4667, 4040, 1762, 1416, 4519, 2069, 1896, 3855, 4247, 2183, 4918, 3036, 1913, 856, 1931, 7231, 208, 5836, 1371, 9390, 3673, 3692, 3113, 1873, 1900, 263, 0, 1524], [1, 1691, 1745, 211, 324, 4240, 3769, 2524, 2526, 6068, 114, 970, 2296, 1760, 857, 6378, 2978, 2990, 1698, 3383, 5058, 243, 303, 3001, 608, 783, 3667, 2774, 1473, 5778, 1843, 407, 1138, 3331, 6226, 1339, 4922, 484, 7992, 4428, 3783, 3203, 1261, 554, 1745, 1524, 0]], 'ttd': [[0, 846, 873, 106, 163, 2120, 1885, 1263, 1264, 3034, 58, 486, 1148, 880, 429, 3189, 1489, 1496, 849, 1692, 2530, 122, 152, 1501, 304, 392, 1834, 1388, 737, 2890, 922, 204, 570, 1666, 3114, 670, 2462, 242, 3997, 2214, 1892, 1602, 631, 278, 873, 763, 1], [846, 0, 1532, 875, 972, 2184, 2104, 451, 2100, 3273, 884, 362, 1977, 188, 731, 2560, 645, 2285, 1589, 1081, 3287, 791, 747, 1385, 958, 456, 1108, 1111, 1553, 3685, 1553, 740, 1341, 2267, 2323, 1260, 1643, 1085, 4185, 1895, 1276, 2447, 378, 1033, 1349, 1306, 846], [873, 1532, 0, 946, 904, 2913, 2621, 1982, 871, 2295, 817, 1212, 1160, 1470, 804, 4031, 2120, 829, 1264, 2525, 1764, 994, 863, 2361, 1098, 1138, 2202, 2260, 994, 2192, 1477, 1076, 362, 794, 3853, 278, 3162, 722, 4670, 2069, 2120, 1314, 1176, 993, 345, 276, 873], [106, 875, 946, 0, 99, 2022, 1782, 1273, 1264, 3133, 147, 522, 1104, 929, 530, 3148, 1516, 1524, 768, 1659, 2564, 85, 247, 1418, 199, 431, 1897, 1321, 683, 2910, 824, 158, 622, 1737, 3106, 759, 2465, 258, 3892, 2313, 1969, 1580, 699, 186, 969, 855, 106], [163, 972, 904, 99, 0, 2032, 1775, 1369, 1172, 3125, 173, 619, 1008, 1024, 585, 3226, 1614, 1443, 688, 1742, 2485, 183, 313, 1460, 197, 527, 1988, 1382, 588, 2823, 767, 250, 564, 1691, 3198, 741, 2561, 188, 3876, 2371, 2052, 1483, 787, 124, 961, 840, 163], [2120, 2184, 2913, 2022, 2032, 0, 418, 2139, 2772, 5153, 2168, 2136, 2272, 2369, 2475, 2313, 2449, 3193, 1796, 1669, 4171, 2010, 2216, 822, 1837, 2125, 3164, 1147, 2058, 4343, 1534, 1948, 2553, 3668, 2942, 2772, 2687, 2199, 2008, 4075, 3413, 2783, 2386, 1927, 2988, 2871, 2120], [1885, 2104, 2621, 1782, 1775, 418, 0, 2145, 2401, 4894, 1927, 1988, 1889, 2279, 2274, 2657, 2470, 2832, 1440, 1803, 3788, 1786, 1999, 881, 1587, 1960, 3153, 1205, 1712, 3943, 1183, 1735, 2260, 3350, 3198, 2508, 2864, 1926, 2122, 3960, 3370, 2385, 2245, 1661, 2733, 2610, 1885], [1263, 451, 1982, 1273, 1369, 2139, 2145, 0, 2525, 3633, 1307, 794, 2357, 552, 1181, 2145, 329, 2728, 1921, 728, 3736, 1189, 1181, 1318, 1313, 884, 1027, 995, 1930, 4129, 1836, 1123, 1783, 2712, 1874, 1710, 1202, 1504, 4141, 2068, 1295, 2851, 819, 1409, 1792, 1753, 1263], [1264, 2100, 871, 1264, 1172, 2772, 2401, 2525, 0, 2879, 1220, 1740, 535, 2103, 1466, 4358, 2740, 445, 983, 2900, 1411, 1346, 1355, 2450, 1289, 1647, 2970, 2467, 752, 1676, 1244, 1420, 804, 1156, 4369, 1067, 3724, 1022, 4259, 2939, 2936, 444, 1817, 1170, 1212, 1118, 1264], [3034, 3273, 2295, 3133, 3125, 5153, 4894, 3633, 2879, 0, 2986, 3127, 3352, 3109, 2716, 5757, 3568, 2498, 3555, 4343, 2431, 3147, 2948, 4497, 3319, 3103, 3135, 4308, 3281, 2907, 3771, 3214, 2650, 1726, 5231, 2388, 4525, 2970, 6964, 2019, 2827, 3238, 2928, 3236, 2166, 2287, 3034], [58, 884, 817, 147, 173, 2168, 1927, 1307, 1220, 2986, 0, 523, 1125, 909, 414, 3245, 1526, 1444, 851, 1746, 2476, 178, 158, 1555, 341, 429, 1852, 1444, 721, 2839, 939, 261, 514, 1609, 3162, 616, 2506, 203, 4035, 2199, 1900, 1567, 649, 296, 823, 711, 58], [486, 362, 1212, 522, 619, 2136, 1988, 794, 1740, 3127, 523, 0, 1625, 412, 443, 2828, 1005, 1936, 1266, 1324, 2950, 441, 388, 1393, 634, 95, 1392, 1182, 1204, 3336, 1265, 404, 991, 1976, 2663, 951, 1994, 724, 4103, 1976, 1499, 2087, 259, 692, 1078, 1011, 486], [1148, 1977, 1160, 1104, 1008, 2272, 1889, 2357, 535, 3352, 1125, 1625, 0, 2027, 1482, 4009, 2617, 979, 535, 2610, 1900, 1187, 1281, 2037, 1046, 1533, 2974, 2108, 429, 2093, 777, 1241, 921, 1647, 4128, 1253, 3527, 932, 3727, 3157, 3001, 555, 1773, 951, 1457, 1336, 1148], [880, 188, 1470, 929, 1024, 2369, 2279, 552, 2103, 3109, 909, 412, 2027, 0, 671, 2692, 653, 2252, 1676, 1236, 3233, 850, 758, 1572, 1044, 500, 984, 1298, 1611, 3647, 1666, 815, 1319, 2173, 2393, 1193, 1695, 1109, 4367, 1708, 1119, 2471, 297, 1103, 1253, 1225, 880], [429, 731, 804, 530, 585, 2475, 2274, 1181, 1466, 2716, 414, 443, 1482, 671, 0, 3264, 1323, 1585, 1261, 1762, 2565, 499, 286, 1783, 724, 396, 1512, 1604, 1107, 2978, 1349, 540, 666, 1543, 3050, 531, 2360, 563, 4393, 1787, 1520, 1861, 375, 705, 637, 578, 429], [3189, 2560, 4031, 3148, 3226, 2313, 2657, 2145, 4358, 5757, 3245, 2828, 4009, 2692, 3264, 0, 2193, 4667, 3478, 1507, 5710, 3078, 3170, 2015, 3078, 2896, 2761, 1903, 3629, 6032, 3265, 2995, 3758, 4803, 1031, 3776, 1412, 3405, 3689, 3998, 3104, 4562, 2936, 3199, 3898, 3838, 3189], [1489, 645, 2120, 1516, 1614, 2449, 2470, 329, 2740, 3568, 1526, 1005, 2617, 653, 1323, 2193, 0, 2904, 2207, 927, 3884, 1433, 1385, 1631, 1585, 1099, 735, 1303, 2191, 4300, 2140, 1377, 1967, 2803, 1763, 1843, 1054, 1728, 4445, 1870, 1036, 3090, 949, 1669, 1887, 1870, 1489], [1496, 2285, 829, 1524, 1443, 3193, 2832, 2728, 445, 2498, 1444, 1936, 979, 2252, 1585, 4667, 2904, 0, 1398, 3182, 1045, 1598, 1551, 2820, 1595, 1849, 3029, 2802, 1144, 1401, 1661, 1680, 946, 783, 4597, 1092, 3926, 1267, 4703, 2812, 2944, 741, 1957, 1474, 1155, 1103, 1496], [849, 1589, 1264, 768, 688, 1796, 1440, 1921, 983, 3555, 851, 1266, 535, 1676, 1261, 3478, 2207, 1398, 0, 2101, 2391, 837, 1000, 1504, 634, 1182, 2655, 1578, 281, 2617, 264, 862, 923, 1931, 3631, 1237, 3056, 717, 3417, 3037, 2736, 1089, 1465, 584, 1469, 1338, 849], [1692, 1081, 2525, 1659, 1742, 1669, 1803, 728, 2900, 4343, 1746, 1324, 2610, 1236, 1762, 1507, 927, 3182, 2101, 0, 4220, 1585, 1666, 926, 1612, 1390, 1653, 627, 2202, 4564, 1932, 1503, 2259, 3297, 1541, 2271, 1071, 1915, 3607, 2781, 1962, 3151, 1449, 1731, 2398, 2334, 1692], [2530, 3287, 1764, 2564, 2485, 4171, 3788, 3736, 1411, 2431, 2476, 2950, 1900, 3233, 2565, 5710, 3884, 1045, 2391, 4220, 0, 2636, 2573, 3853, 2639, 2867, 3910, 3845, 2159, 518, 2652, 2719, 1968, 1211, 5609, 2041, 4924, 2307, 5509, 3434, 3768, 1435, 2938, 2517, 2027, 2020, 2530], [122, 791, 994, 85, 183, 2010, 1786, 1189, 1346, 3147, 178, 441, 1187, 850, 499, 3078, 1433, 1598, 837, 1585, 2636, 0, 216, 1381, 231, 351, 1822, 1267, 765, 2987, 875, 85, 683, 1786, 3024, 790, 2382, 333, 3902, 2271, 1902, 1665, 630, 255, 989, 881, 122], [152, 747, 863, 247, 313, 2216, 1999, 1181, 1355, 2948, 158, 388, 1281, 758, 286, 3170, 1385, 1551, 1000, 1666, 2573, 216, 0, 1560, 439, 299, 1695, 1417, 878, 2951, 1070, 269, 607, 1649, 3047, 627, 2381, 353, 4116, 2067, 1744, 1714, 492, 427, 805, 709, 152], [1501, 1385, 2361, 1418, 1460, 822, 881, 1318, 2450, 4497, 1555, 1393, 2037, 1572, 1783, 2015, 1631, 2820, 1504, 926, 3853, 1381, 1560, 0, 1271, 1402, 2344, 333, 1700, 4113, 1269, 1304, 2021, 3150, 2383, 2169, 1993, 1646, 2828, 3279, 2594, 2590, 1629, 1385, 2363, 2260, 1501], [304, 958, 1098, 199, 197, 1837, 1587, 1313, 1289, 3319, 341, 634, 1046, 1044, 724, 3078, 1585, 1595, 634, 1612, 2639, 231, 439, 1271, 0, 553, 2025, 1211, 619, 2958, 647, 233, 752, 1882, 3100, 936, 2484, 377, 3695, 2501, 2120, 1559, 848, 123, 1154, 1035, 304], [392, 456, 1138, 431, 527, 2125, 1960, 884, 1647, 3103, 429, 95, 1533, 500, 396, 2896, 1099, 1849, 1182, 1390, 2867, 351, 299, 1402, 553, 0, 1475, 1210, 1113, 3249, 1191, 322, 904, 1910, 2750, 882, 2084, 630, 4079, 2015, 1570, 1993, 307, 604, 1023, 949, 392], [1834, 1108, 2202, 1897, 1988, 3164, 3153, 1027, 2970, 3135, 1852, 1392, 2974, 984, 1512, 2761, 735, 3029, 2655, 1653, 3910, 1822, 1695, 2344, 2025, 1475, 0, 2021, 2570, 4373, 2649, 1795, 2168, 2735, 2104, 1941, 1415, 2043, 5167, 1240, 343, 3373, 1204, 2076, 1894, 1928, 1834], [1388, 1111, 2260, 1321, 1382, 1147, 1205, 995, 2467, 4308, 1444, 1182, 2108, 1298, 1604, 1903, 1303, 2802, 1578, 627, 3845, 1267, 1417, 333, 1211, 1210, 2021, 0, 1730, 4142, 1375, 1184, 1942, 3052, 2140, 2041, 1696, 1569, 3147, 2994, 2281, 2660, 1396, 1332, 2215, 2124, 1388], [737, 1553, 994, 683, 588, 2058, 1712, 1930, 752, 3281, 721, 1204, 429, 1611, 1107, 3629, 2191, 1144, 281, 2202, 2159, 765, 878, 1700, 619, 1113, 2570, 1730, 0, 2419, 530, 815, 667, 1652, 3710, 995, 3102, 544, 3696, 2848, 2617, 950, 1367, 523, 1222, 1092, 737], [2890, 3685, 2192, 2910, 2823, 4343, 3943, 4129, 1676, 2907, 2839, 3336, 2093, 3647, 2978, 6032, 4300, 1401, 2617, 4564, 518, 2987, 2951, 4113, 2958, 3249, 4373, 4142, 2419, 0, 2868, 3067, 2346, 1714, 5997, 2467, 5326, 2655, 5517, 3945, 4248, 1562, 3352, 2837, 2481, 2459, 2890], [922, 1553, 1477, 824, 767, 1534, 1183, 1836, 1244, 3771, 939, 1265, 777, 1666, 1349, 3265, 2140, 1661, 264, 1932, 2652, 875, 1070, 1269, 647, 1191, 2649, 1375, 530, 2868, 0, 875, 1123, 2175, 3471, 1415, 2926, 852, 3194, 3135, 2761, 1325, 1492, 646, 1649, 1518, 922], [204, 740, 1076, 158, 250, 1948, 1735, 1123, 1420, 3214, 261, 404, 1241, 815, 540, 2995, 1377, 1680, 862, 1503, 2719, 85, 269, 1304, 233, 322, 1795, 1184, 815, 3067, 875, 0, 768, 1869, 2949, 867, 2312, 414, 3854, 2291, 1889, 1730, 618, 294, 1062, 957, 204], [570, 1341, 362, 622, 564, 2553, 2260, 1783, 804, 2650, 514, 991, 921, 1319, 666, 3758, 1967, 946, 923, 2259, 1968, 683, 607, 2021, 752, 904, 2168, 1942, 667, 2346, 1123, 768, 0, 1131, 3653, 336, 2982, 377, 4315, 2238, 2142, 1215, 1027, 641, 557, 429, 570], [1666, 2267, 794, 1737, 1691, 3668, 3350, 2712, 1156, 1726, 1609, 1976, 1647, 2173, 1543, 4803, 2803, 783, 1931, 3297, 1211, 1786, 1649, 3150, 1882, 1910, 2735, 3052, 1652, 1714, 2175, 1869, 1131, 0, 4562, 1029, 3856, 1505, 5338, 2235, 2571, 1520, 1894, 1771, 921, 966, 1666], [3114, 2323, 3853, 3106, 3198, 2942, 3198, 1874, 4369, 5231, 3162, 2663, 4128, 2393, 3050, 1031, 1763, 4597, 3631, 1541, 5609, 3024, 3047, 2383, 3100, 2750, 2104, 2140, 3710, 5997, 3471, 2949, 3653, 4562, 0, 3579, 718, 3352, 4587, 3318, 2430, 4657, 2681, 3211, 3643, 3616, 3114], [670, 1260, 278, 759, 741, 2772, 2508, 1710, 1067, 2388, 616, 951, 1253, 1193, 531, 3776, 1843, 1092, 1237, 2271, 2041, 790, 627, 2169, 936, 882, 1941, 2041, 995, 2467, 1415, 867, 336, 1029, 3579, 0, 2887, 583, 4592, 1910, 1877, 1500, 900, 849, 234, 104, 670], [2462, 1643, 3162, 2465, 2561, 2687, 2864, 1202, 3724, 4525, 2506, 1994, 3527, 1695, 2360, 1412, 1054, 3926, 3056, 1071, 4924, 2382, 2381, 1993, 2484, 2084, 1415, 1696, 3102, 5326, 2926, 2312, 2982, 3856, 718, 2887, 0, 2703, 4525, 2648, 1751, 4038, 1987, 2588, 2939, 2918, 2462], [242, 1085, 722, 258, 188, 2199, 1926, 1504, 1022, 2970, 203, 724, 932, 1109, 563, 3405, 1728, 1267, 717, 1915, 2307, 333, 353, 1646, 377, 630, 2043, 1569, 544, 2655, 852, 414, 377, 1505, 3352, 583, 2703, 0, 4012, 2323, 2076, 1365, 843, 273, 812, 686, 242], [3997, 4185, 4670, 3892, 3876, 2008, 2122, 4141, 4259, 6964, 4035, 4103, 3727, 4367, 4393, 3689, 4445, 4703, 3417, 3607, 5509, 3902, 4116, 2828, 3695, 4079, 5167, 3147, 3696, 5517, 3194, 3854, 4315, 5338, 4587, 4592, 4525, 4012, 0, 6067, 5420, 4085, 4359, 3757, 4823, 4695, 3997], [2214, 1895, 2069, 2313, 2371, 4075, 3960, 2068, 2939, 2019, 2199, 1976, 3157, 1708, 1787, 3998, 1870, 2812, 3037, 2781, 3434, 2271, 2067, 3279, 2501, 2015, 1240, 2994, 2848, 3945, 3135, 2291, 2238, 2235, 3318, 1910, 2648, 2323, 6067, 0, 899, 3382, 1718, 2491, 1731, 1837, 2214], [1892, 1276, 2120, 1969, 2052, 3413, 3370, 1295, 2936, 2827, 1900, 1499, 3001, 1119, 1520, 3104, 1036, 2944, 2736, 1962, 3768, 1902, 1744, 2594, 2120, 1570, 343, 2281, 2617, 4248, 2761, 1889, 2142, 2571, 2430, 1877, 1751, 2076, 5420, 899, 0, 3356, 1273, 2153, 1791, 1847, 1892], [1602, 2447, 1314, 1580, 1483, 2783, 2385, 2851, 444, 3238, 1567, 2087, 555, 2471, 1861, 4562, 3090, 741, 1089, 3151, 1435, 1665, 1714, 2590, 1559, 1993, 3373, 2660, 950, 1562, 1325, 1730, 1215, 1520, 4657, 1500, 4038, 1365, 4085, 3382, 3356, 0, 2195, 1451, 1654, 1557, 1602], [631, 378, 1176, 699, 787, 2386, 2245, 819, 1817, 2928, 649, 259, 1773, 297, 375, 2936, 949, 1957, 1465, 1449, 2938, 630, 492, 1629, 848, 307, 1204, 1396, 1367, 3352, 1492, 618, 1027, 1894, 2681, 900, 1987, 843, 4359, 1718, 1273, 2195, 0, 883, 975, 937, 631], [278, 1033, 993, 186, 124, 1927, 1661, 1409, 1170, 3236, 296, 692, 951, 1103, 705, 3199, 1669, 1474, 584, 1731, 2517, 255, 427, 1385, 123, 604, 2076, 1332, 523, 2837, 646, 294, 641, 1771, 3211, 849, 2588, 273, 3757, 2491, 2153, 1451, 883, 0, 1074, 951, 278], [873, 1349, 345, 969, 961, 2988, 2733, 1792, 1212, 2166, 823, 1078, 1457, 1253, 637, 3898, 1887, 1155, 1469, 2398, 2027, 989, 805, 2363, 1154, 1023, 1894, 2215, 1222, 2481, 1649, 1062, 557, 921, 3643, 234, 2939, 812, 4823, 1731, 1791, 1654, 975, 1074, 0, 132, 873], [763, 1306, 276, 855, 840, 2871, 2610, 1753, 1118, 2287, 711, 1011, 1336, 1225, 578, 3838, 1870, 1103, 1338, 2334, 2020, 881, 709, 2260, 1035, 949, 1928, 2124, 1092, 2459, 1518, 957, 429, 966, 3616, 104, 2918, 686, 4695, 1837, 1847, 1557, 937, 951, 132, 0, 763], [1, 846, 873, 106, 163, 2120, 1885, 1263, 1264, 3034, 58, 486, 1148, 880, 429, 3189, 1489, 1496, 849, 1692, 2530, 122, 152, 1501, 304, 392, 1834, 1388, 737, 2890, 922, 204, 570, 1666, 3114, 670, 2462, 242, 3997, 2214, 1892, 1602, 631, 278, 873, 763, 0]]}