{'nodes': [(0, 6.566666666666666, 8.28888888888889, 0, 48000, 0, False), (1, 4.0, 4.0, 1587, 8965, 20, True), (2, 3.0, 0.5, 38765, 42715, 10, False), (3, 4.5, 3.0, 8642, 16859, 40, True), (4, 14.0, 1.0, 4734, 12964, 40, True), (5, 6.0, 3.0, 39797, 44865, 10, True), (6, 6.5, 0, 15092, 23304, 40, True), (7, 2.0, 15.0, 17466, 24124, 20, True), (8, 7.0, 14.5, 36944, 43647, 20, False), (9, 4.5, 12.0, 6232, 11980, 10, True), (10, 1.5, 14.5, 16043, 22591, 10, True), (11, 11.5, 7.0, 30818, 33733, 10, True), (12, 6.0, 14.0, 18764, 27213, 20, True), (13, 7.5, 3.5, 33166, 39438, 30, True), (14, 10.5, 0, 12952, 17715, 30, True), (15, 15.0, 9.5, 23689, 26676, 30, True), (16, 1.5, 11.5, 23219, 24910, 30, False), (17, 1.5, 0.5, 20259, 25490, 30, True), (18, 3.5, 8.0, 0, 3407, 10, True), (19, 12.5, 7.0, 19013, 24370, 40, True), (20, 7.0, 8.5, 37826, 42896, 10, True), (21, 5.5, 11.0, 12752, 20275, 20, True), (22, 14.5, 7.0, 5283, 10765, 30, True), (23, 10.0, 12.5, 20488, 26062, 10, True), (24, 7.0, 12.0, 22346, 27243, 20, True), (25, 14.0, 10.0, 37394, 42165, 30, True), (26, 1.5, 14.0, 29552, 34632, 40, True), (27, 7.5, 14.0, 22339, 30147, 50, True), (28, 1.0, 6.0, 17334, 19950, 20, False), (29, 8.0, 12.5, 0, 5894, 50, True), (30, 1.0, 14.0, 30653, 37221, 10, True), (31, 6.5, 11.5, 22613, 29062, 20, True), (32, 3.0, 1.0, 10487, 18276, 50, True), (33, 1.0, 11.5, 37457, 41146, 40, True), (34, 10.0, 4.5, 30574, 35646, 40, True), (35, 11.0, 13.0, 38237, 46792, 20, True), (36, 9.5, 12.5, 28440, 34093, 50, True), (37, 5.0, 2.5, 23592, 27314, 40, True), (38, 6.5, 5.5, 7953, 15949, 10, True), (39, 4.0, 11.0, 13552, 22023, 30, True), (40, 8.0, 5.0, 17250, 23522, 50, True), (41, 0.5, 8.5, 12209, 17273, 10, True), (42, 6.5, 10.5, 6352, 15072, 30, True), (43, 9.5, 9.0, 25525, 30773, 40, True), (44, 13.0, 6.0, 33185, 41445, 20, True), (45, 2.0, 11.0, 25182, 34003, 50, True), (46, 6.566666666666666, 8.28888888888889, 0, 48000, 0, False)], 'F': 20.0, 'ct': 0.083, 'cd': 0.021, 'truck_cap': 100, 'drone_cap': 20, 'truck_speed': 40, 'drone_speed': 40, 'a': 1, 'b': 2, 'max_flight_time': 30, 'ttt': [[0, 1500, 2571, 1704, 3124, 1597, 2488, 2436, 1869, 1275, 2406, 1531, 1723, 1465, 2753, 2557, 1801, 2789, 925, 1823, 146, 875, 2412, 1631, 1122, 2289, 2291, 1737, 1807, 1336, 2394, 965, 2435, 1929, 1535, 1942, 1541, 1800, 838, 1121, 1077, 1822, 665, 906, 2050, 1594, 1], [1500, 0, 1093, 336, 3133, 672, 1416, 3355, 3277, 2406, 3239, 2424, 3060, 1062, 2291, 3691, 2373, 1291, 1210, 2705, 1623, 2149, 3277, 3122, 2564, 3500, 3093, 3179, 1083, 2819, 3133, 2373, 950, 2424, 1807, 3422, 3038, 542, 876, 2101, 1238, 1711, 2090, 2231, 2767, 2185, 1500], [2571, 1093, 0, 876, 3304, 1173, 1062, 4361, 4369, 3480, 4225, 3211, 4150, 1623, 2256, 4501, 3332, 451, 2256, 3454, 2684, 3239, 3964, 4169, 3654, 4361, 4076, 4270, 1757, 3901, 4095, 3464, 151, 3355, 2420, 4453, 4095, 850, 1832, 3165, 2019, 2515, 3179, 3211, 3425, 3165, 2571], [1704, 336, 876, 0, 2913, 451, 1083, 3678, 3532, 2701, 3566, 2420, 3332, 913, 2013, 3706, 2705, 1173, 1531, 2684, 1813, 2420, 3232, 3294, 2803, 3541, 3422, 3422, 1384, 3038, 3464, 2621, 751, 2759, 1711, 3579, 3222, 213, 961, 2406, 1210, 2041, 2330, 2344, 2705, 2515, 1704], [3124, 3133, 3304, 2913, 0, 2475, 2271, 5533, 4563, 4361, 5521, 1951, 4580, 2090, 1093, 2569, 4898, 3754, 3787, 1856, 3079, 3938, 1807, 3654, 3913, 2701, 5411, 4361, 4180, 3892, 5516, 3872, 3301, 5014, 1596, 3712, 3706, 2738, 2625, 4244, 2164, 4634, 3632, 2755, 1531, 4687, 3124], [1597, 672, 1173, 451, 2475, 0, 913, 3796, 3464, 2738, 3706, 2041, 3301, 475, 1623, 3332, 2886, 1545, 1678, 2291, 1678, 2406, 2819, 3093, 2718, 3190, 3566, 3332, 1750, 2913, 3626, 2555, 1083, 2959, 1283, 3355, 3038, 336, 766, 2475, 850, 2334, 2256, 2085, 2286, 2684, 1597], [2488, 1416, 1062, 1083, 2271, 913, 0, 4699, 4354, 3651, 4602, 2582, 4204, 1093, 1201, 3825, 3763, 1508, 2564, 2767, 2555, 3315, 3190, 3895, 3604, 3751, 4461, 4212, 2443, 3778, 4513, 3451, 1093, 3825, 1711, 4128, 3857, 876, 1651, 3385, 1567, 3122, 3151, 2847, 2655, 3566, 2488], [2436, 3355, 4361, 3678, 5533, 3796, 4699, 0, 1508, 1173, 213, 3727, 1238, 3825, 5173, 4236, 1062, 4354, 2149, 3961, 2461, 1596, 4453, 2515, 1750, 3901, 336, 1678, 2718, 1951, 425, 1711, 4212, 1093, 3961, 2767, 2373, 3857, 3155, 1343, 3500, 2002, 1910, 2882, 4265, 1201, 2436], [1869, 3277, 4369, 3532, 4563, 3464, 4354, 1508, 0, 1062, 1651, 2625, 336, 3304, 4476, 2831, 1880, 4513, 2216, 2791, 1801, 1143, 3183, 1083, 751, 2497, 1658, 213, 3122, 672, 1807, 913, 4225, 2013, 3133, 1283, 961, 3651, 2705, 1384, 2867, 2655, 1210, 1813, 3122, 1832, 1869], [1275, 2406, 3480, 2701, 4361, 2738, 3651, 1173, 1062, 0, 1173, 2582, 751, 2705, 4026, 3239, 913, 3566, 1238, 2831, 1291, 425, 3355, 1658, 751, 2913, 1083, 1083, 2085, 1062, 1210, 619, 3332, 1062, 2791, 1974, 1508, 2855, 2041, 336, 2349, 1596, 751, 1750, 3122, 809, 1275], [2406, 3239, 4225, 3566, 5521, 3706, 4602, 213, 1651, 1173, 0, 3751, 1359, 3760, 5121, 4320, 901, 4201, 2041, 3995, 2443, 1596, 4503, 2621, 1813, 3987, 151, 1807, 2555, 2041, 213, 1750, 4076, 913, 3938, 2886, 2475, 3751, 3090, 1291, 3454, 1826, 1922, 2913, 4291, 1062, 2406], [1531, 2424, 3211, 2420, 1951, 2041, 2582, 3727, 2625, 2582, 3751, 0, 2672, 1596, 2122, 1291, 3291, 3579, 2420, 301, 1424, 2164, 901, 1711, 2019, 1173, 3663, 2420, 3165, 1957, 3787, 2019, 3122, 3428, 876, 1807, 1757, 2373, 1567, 2551, 1210, 3332, 1832, 850, 542, 3093, 1531], [1723, 3060, 4150, 3332, 4580, 3301, 4204, 1238, 336, 751, 1359, 2672, 0, 3183, 4413, 3020, 1545, 4270, 1951, 2867, 1678, 913, 3304, 1283, 672, 2684, 1351, 451, 2831, 751, 1501, 766, 4003, 1678, 3093, 1531, 1143, 3464, 2555, 1083, 2767, 2334, 1062, 1832, 3190, 1501, 1723], [1465, 1062, 1623, 913, 2090, 475, 1093, 3825, 3304, 2705, 3760, 1596, 3183, 0, 1384, 2882, 3001, 2013, 1807, 1832, 1508, 2330, 2349, 2803, 2555, 2759, 3629, 3151, 2090, 2705, 3706, 2420, 1545, 3093, 809, 3038, 2767, 809, 672, 2484, 475, 2582, 2122, 1757, 1813, 2791, 1465], [2753, 2291, 2256, 2013, 1093, 1623, 1201, 5173, 4476, 4026, 5121, 2122, 4413, 1384, 0, 3155, 4382, 2705, 3190, 2185, 2759, 3626, 2420, 3754, 3751, 3179, 4994, 4296, 3372, 3825, 5077, 3654, 2271, 4476, 1359, 3904, 3763, 1813, 2041, 3834, 1678, 3938, 3372, 2718, 1951, 4171, 2753], [2557, 3691, 4501, 3706, 2569, 3332, 3825, 4236, 2831, 3239, 4320, 1291, 3020, 2882, 3155, 0, 4095, 4868, 3480, 1062, 2420, 2886, 766, 1750, 2515, 336, 4270, 2625, 4330, 2286, 4413, 2621, 4413, 4244, 2122, 1596, 1880, 3663, 2819, 3332, 2497, 4361, 2569, 1658, 1210, 3927, 2557], [1801, 2373, 3332, 2705, 4898, 2886, 3763, 1062, 1880, 913, 901, 3291, 1545, 3001, 4382, 4095, 0, 3301, 1210, 3566, 1880, 1210, 4128, 2569, 1658, 3778, 751, 1951, 1658, 1974, 766, 1501, 3183, 151, 3304, 2886, 2420, 2898, 2344, 766, 2759, 950, 1531, 2515, 3825, 213, 1801], [2789, 1291, 451, 1173, 3754, 1545, 1508, 4354, 4513, 3566, 4201, 3579, 4270, 2013, 2705, 4868, 3301, 0, 2330, 3834, 2913, 3372, 4361, 4413, 3825, 4711, 4051, 4433, 1658, 4095, 4054, 3626, 475, 3304, 2819, 4711, 4328, 1210, 2122, 3239, 2373, 2420, 3355, 3503, 3825, 3155, 2789], [925, 1210, 2256, 1531, 3787, 1678, 2564, 2149, 2216, 1238, 2041, 2420, 1951, 1807, 3190, 3480, 1210, 2330, 0, 2718, 1062, 1083, 3315, 2373, 1596, 3208, 1898, 2164, 961, 1910, 1951, 1384, 2106, 1291, 2216, 2705, 2251, 1711, 1173, 913, 1623, 913, 1173, 1826, 2913, 1007, 925], [1823, 2705, 3454, 2684, 1856, 2291, 2767, 3961, 2791, 2831, 3995, 301, 2867, 1832, 2185, 1062, 3566, 3834, 2718, 0, 1711, 2420, 601, 1813, 2231, 1007, 3913, 2582, 3464, 2133, 4040, 2251, 3372, 3706, 1062, 1856, 1880, 2625, 1856, 2819, 1478, 3629, 2085, 1083, 336, 3372, 1823], [146, 1623, 2684, 1813, 3079, 1678, 2555, 2461, 1801, 1291, 2443, 1424, 1678, 1508, 2759, 2420, 1880, 2913, 1062, 1711, 0, 876, 2296, 1501, 1051, 2149, 2334, 1658, 1951, 1238, 2443, 913, 2551, 2013, 1501, 1807, 1416, 1898, 913, 1173, 1093, 1951, 619, 766, 1951, 1678, 146], [875, 2149, 3239, 2420, 3938, 2406, 3315, 1596, 1143, 425, 1596, 2164, 913, 2330, 3626, 2886, 1210, 3372, 1083, 2420, 876, 0, 2956, 1424, 542, 2569, 1501, 1083, 2019, 876, 1623, 336, 3093, 1359, 2373, 1757, 1283, 2555, 1678, 451, 1951, 1678, 336, 1343, 2705, 1051, 875], [2412, 3277, 3964, 3232, 1807, 2819, 3190, 4453, 3183, 3355, 4503, 901, 3304, 2349, 2420, 766, 4128, 4361, 3315, 601, 2296, 2956, 0, 2133, 2705, 913, 4430, 2971, 4062, 2555, 4563, 2755, 3892, 4270, 1545, 2085, 2231, 3155, 2443, 3372, 2041, 4225, 2621, 1617, 542, 3938, 2412], [1631, 3122, 4169, 3294, 3654, 3093, 3895, 2515, 1083, 1658, 2621, 1711, 1283, 2803, 3754, 1750, 2569, 4413, 2373, 1813, 1501, 1424, 2133, 0, 913, 1416, 2590, 876, 3332, 601, 2738, 1093, 4040, 2718, 2401, 336, 151, 3355, 2349, 1856, 2330, 3093, 1210, 1062, 2149, 2443, 1631], [1122, 2564, 3654, 2803, 3913, 2718, 3604, 1750, 751, 751, 1813, 2019, 672, 2555, 3751, 2515, 1658, 3825, 1596, 2231, 1051, 542, 2705, 913, 0, 2185, 1757, 619, 2547, 336, 1898, 213, 3512, 1807, 2424, 1238, 766, 2913, 1957, 950, 2122, 2216, 475, 1173, 2547, 1531, 1122], [2289, 3500, 4361, 3541, 2701, 3190, 3751, 3901, 2497, 2913, 3987, 1173, 2684, 2759, 3179, 336, 3778, 4711, 3208, 1007, 2149, 2569, 913, 1416, 2185, 0, 3938, 2291, 4081, 1951, 4081, 2296, 4265, 3927, 2041, 1274, 1545, 3516, 2625, 3016, 2344, 4076, 2256, 1384, 1238, 3613, 2289], [2291, 3093, 4076, 3422, 5411, 3566, 4461, 336, 1658, 1083, 151, 3663, 1351, 3629, 4994, 4270, 751, 4051, 1898, 3913, 2334, 1501, 4430, 2590, 1757, 3938, 0, 1801, 2406, 2002, 151, 1678, 3927, 766, 3825, 2867, 2443, 3607, 2959, 1173, 3332, 1678, 1832, 2831, 4204, 913, 2291], [1737, 3179, 4270, 3422, 4361, 3332, 4212, 1678, 213, 1083, 1807, 2420, 451, 3151, 4296, 2625, 1951, 4433, 2164, 2582, 1658, 1083, 2971, 876, 619, 2291, 1801, 0, 3093, 475, 1951, 809, 4128, 2090, 2948, 1093, 751, 3532, 2569, 1384, 2705, 2672, 1093, 1617, 2913, 1880, 1737], [1807, 1083, 1757, 1384, 4180, 1750, 2443, 2718, 3122, 2085, 2555, 3165, 2831, 2090, 3372, 4330, 1658, 1658, 961, 3464, 1951, 2019, 4062, 3332, 2547, 4081, 2406, 3093, 0, 2867, 2401, 2334, 1617, 1651, 2738, 3663, 3211, 1596, 1658, 1750, 2122, 766, 2133, 2705, 3601, 1531, 1807], [1336, 2819, 3901, 3038, 3892, 2913, 3778, 1951, 672, 1062, 2041, 1957, 751, 2705, 3825, 2286, 1974, 4095, 1910, 2133, 1238, 876, 2555, 601, 336, 1951, 2002, 475, 2867, 0, 2149, 542, 3763, 2122, 2475, 913, 451, 3133, 2149, 1283, 2251, 2551, 751, 1143, 2461, 1856, 1336], [2394, 3133, 4095, 3464, 5516, 3626, 4513, 425, 1807, 1210, 213, 3787, 1501, 3706, 5077, 4413, 766, 4054, 1951, 4040, 2443, 1623, 4563, 2738, 1898, 4081, 151, 1951, 2401, 2149, 0, 1813, 3947, 751, 3927, 3016, 2590, 3654, 3038, 1274, 3422, 1658, 1957, 2959, 4328, 950, 2394], [965, 2373, 3464, 2621, 3872, 2555, 3451, 1711, 913, 619, 1750, 2019, 766, 2420, 3654, 2621, 1501, 3626, 1384, 2251, 913, 336, 2755, 1093, 213, 2296, 1678, 809, 2334, 542, 1813, 0, 3321, 1651, 2349, 1424, 950, 2738, 1801, 766, 2002, 2013, 301, 1173, 2555, 1359, 965], [2435, 950, 151, 751, 3301, 1083, 1093, 4212, 4225, 3332, 4076, 3122, 4003, 1545, 2271, 4413, 3183, 475, 2106, 3372, 2551, 3093, 3892, 4040, 3512, 4265, 3927, 4128, 1617, 3763, 3947, 3321, 0, 3208, 2349, 4328, 3964, 751, 1711, 3016, 1922, 2373, 3038, 3093, 3355, 3016, 2435], [1929, 2424, 3355, 2759, 5014, 2959, 3825, 1093, 2013, 1062, 913, 3428, 1678, 3093, 4476, 4244, 151, 3304, 1291, 3706, 2013, 1359, 4270, 2718, 1807, 3927, 766, 2090, 1651, 2122, 751, 1651, 3208, 0, 3422, 3035, 2569, 2956, 2443, 913, 2867, 913, 1678, 2659, 3961, 336, 1929], [1535, 1807, 2420, 1711, 1596, 1283, 1711, 3961, 3133, 2791, 3938, 876, 3093, 809, 1359, 2122, 3304, 2819, 2216, 1062, 1501, 2373, 1545, 2401, 2424, 2041, 3825, 2948, 2738, 2475, 3927, 2349, 2349, 3422, 0, 2569, 2406, 1617, 1093, 2655, 619, 3093, 2085, 1359, 1007, 3093, 1535], [1942, 3422, 4453, 3579, 3712, 3355, 4128, 2767, 1283, 1974, 2886, 1807, 1531, 3038, 3904, 1596, 2886, 4711, 2705, 1856, 1807, 1757, 2085, 336, 1238, 1274, 2867, 1093, 3663, 913, 3016, 1424, 4328, 3035, 2569, 0, 475, 3629, 2625, 2185, 2564, 3428, 1545, 1283, 2185, 2767, 1942], [1541, 3038, 4095, 3222, 3706, 3038, 3857, 2373, 961, 1508, 2475, 1757, 1143, 2767, 3763, 1880, 2420, 4328, 2251, 1880, 1416, 1283, 2231, 151, 766, 1545, 2443, 751, 3211, 451, 2590, 950, 3964, 2569, 2406, 475, 0, 3291, 2286, 1711, 2296, 2956, 1083, 1051, 2216, 2296, 1541], [1800, 542, 850, 213, 2738, 336, 876, 3857, 3651, 2855, 3751, 2373, 3464, 809, 1813, 3663, 2898, 1210, 1711, 2625, 1898, 2555, 3155, 3355, 2913, 3516, 3607, 3532, 1596, 3133, 3654, 2738, 751, 2956, 1617, 3629, 3291, 0, 1007, 2569, 1173, 2251, 2443, 2373, 2621, 2705, 1800], [838, 876, 1832, 961, 2625, 766, 1651, 3155, 2705, 2041, 3090, 1567, 2555, 672, 2041, 2819, 2344, 2122, 1173, 1856, 913, 1678, 2443, 2349, 1957, 2625, 2959, 2569, 1658, 2149, 3038, 1801, 1711, 2443, 1093, 2625, 2286, 1007, 0, 1813, 475, 2013, 1501, 1384, 1957, 2133, 838], [1121, 2101, 3165, 2406, 4244, 2475, 3385, 1343, 1384, 336, 1291, 2551, 1083, 2484, 3834, 3332, 766, 3239, 913, 2819, 1173, 451, 3372, 1856, 950, 3016, 1173, 1384, 1750, 1283, 1274, 766, 3016, 913, 2655, 2185, 1711, 2569, 1813, 0, 2164, 1291, 766, 1757, 3090, 601, 1121], [1077, 1238, 2019, 1210, 2164, 850, 1567, 3500, 2867, 2349, 3454, 1210, 2767, 475, 1678, 2497, 2759, 2373, 1623, 1478, 1093, 1951, 2041, 2330, 2122, 2344, 3332, 2705, 2122, 2251, 3422, 2002, 1922, 2867, 619, 2564, 2296, 1173, 475, 2164, 0, 2484, 1711, 1283, 1531, 2547, 1077], [1822, 1711, 2515, 2041, 4634, 2334, 3122, 2002, 2655, 1596, 1826, 3332, 2334, 2582, 3938, 4361, 950, 2420, 913, 3629, 1951, 1678, 4225, 3093, 2216, 4076, 1678, 2672, 766, 2551, 1658, 2013, 2373, 913, 3093, 3428, 2956, 2251, 2013, 1291, 2484, 0, 1898, 2705, 3825, 876, 1822], [665, 2090, 3179, 2330, 3632, 2256, 3151, 1910, 1210, 751, 1922, 1832, 1062, 2122, 3372, 2569, 1531, 3355, 1173, 2085, 619, 336, 2621, 1210, 475, 2256, 1832, 1093, 2133, 751, 1957, 301, 3038, 1678, 2085, 1545, 1083, 2443, 1501, 766, 1711, 1898, 0, 1007, 2373, 1359, 665], [906, 2231, 3211, 2344, 2755, 2085, 2847, 2882, 1813, 1750, 2913, 850, 1832, 1757, 2718, 1658, 2515, 3503, 1826, 1083, 766, 1343, 1617, 1062, 1173, 1384, 2831, 1617, 2705, 1143, 2959, 1173, 3093, 2659, 1359, 1283, 1051, 2373, 1384, 1757, 1283, 2705, 1007, 0, 1384, 2330, 906], [2050, 2767, 3425, 2705, 1531, 2286, 2655, 4265, 3122, 3122, 4291, 542, 3190, 1813, 1951, 1210, 3825, 3825, 2913, 336, 1951, 2705, 542, 2149, 2547, 1238, 4204, 2913, 3601, 2461, 4328, 2555, 3355, 3961, 1007, 2185, 2216, 2621, 1957, 3090, 1531, 3825, 2373, 1384, 0, 3626, 2050], [1594, 2185, 3165, 2515, 4687, 2684, 3566, 1201, 1832, 809, 1062, 3093, 1501, 2791, 4171, 3927, 213, 3155, 1007, 3372, 1678, 1051, 3938, 2443, 1531, 3613, 913, 1880, 1531, 1856, 950, 1359, 3016, 336, 3093, 2767, 2296, 2705, 2133, 601, 2547, 876, 1359, 2330, 3626, 0, 1594], [1, 1500, 2571, 1704, 3124, 1597, 2488, 2436, 1869, 1275, 2406, 1531, 1723, 1465, 2753, 2557, 1801, 2789, 925, 1823, 146, 875, 2412, 1631, 1122, 2289, 2291, 1737, 1807, 1336, 2394, 965, 2435, 1929, 1535, 1942, 1541, 1800, 838, 1121, 1077, 1822, 665, 906, 2050, 1594, 0]], 'ttd': [[0, 751, 1286, 853, 1563, 799, 1244, 1219, 935, 638, 1203, 766, 862, 733, 1377, 1279, 901, 1395, 463, 912, 73, 438, 1207, 816, 561, 1145, 1146, 869, 904, 668, 1197, 483, 1218, 965, 768, 971, 771, 901, 419, 561, 539, 912, 333, 454, 1025, 798, 1], [751, 0, 547, 169, 1567, 336, 709, 1678, 1639, 1203, 1620, 1213, 1531, 531, 1146, 1846, 1187, 646, 606, 1353, 812, 1075, 1639, 1562, 1283, 1750, 1547, 1590, 542, 1410, 1567, 1187, 475, 1213, 904, 1711, 1520, 271, 438, 1051, 619, 856, 1046, 1116, 1384, 1093, 751], [1286, 547, 0, 438, 1653, 587, 531, 2181, 2185, 1741, 2113, 1606, 2075, 812, 1128, 2251, 1666, 226, 1128, 1728, 1343, 1620, 1982, 2085, 1827, 2181, 2038, 2136, 879, 1951, 2048, 1733, 76, 1678, 1210, 2227, 2048, 425, 916, 1583, 1010, 1258, 1590, 1606, 1713, 1583, 1286], [853, 169, 438, 0, 1457, 226, 542, 1840, 1766, 1351, 1784, 1210, 1666, 457, 1007, 1853, 1353, 587, 766, 1343, 907, 1210, 1617, 1648, 1402, 1771, 1711, 1711, 692, 1520, 1733, 1311, 376, 1380, 856, 1790, 1611, 107, 481, 1203, 606, 1021, 1165, 1173, 1353, 1258, 853], [1563, 1567, 1653, 1457, 0, 1238, 1136, 2767, 2282, 2181, 2761, 976, 2291, 1046, 547, 1285, 2450, 1877, 1894, 929, 1540, 1970, 904, 1827, 1957, 1351, 2706, 2181, 2090, 1947, 2759, 1937, 1651, 2508, 798, 1856, 1853, 1370, 1313, 2122, 1083, 2318, 1817, 1378, 766, 2344, 1563], [799, 336, 587, 226, 1238, 0, 457, 1898, 1733, 1370, 1853, 1021, 1651, 238, 812, 1666, 1444, 773, 840, 1146, 840, 1203, 1410, 1547, 1359, 1596, 1784, 1666, 876, 1457, 1813, 1278, 542, 1480, 642, 1678, 1520, 169, 383, 1238, 425, 1168, 1128, 1043, 1143, 1343, 799], [1244, 709, 531, 542, 1136, 457, 0, 2350, 2177, 1826, 2302, 1291, 2102, 547, 601, 1913, 1882, 755, 1283, 1384, 1278, 1658, 1596, 1948, 1803, 1876, 2231, 2106, 1222, 1889, 2257, 1726, 547, 1913, 856, 2065, 1929, 438, 826, 1693, 784, 1562, 1576, 1424, 1328, 1784, 1244], [1219, 1678, 2181, 1840, 2767, 1898, 2350, 0, 755, 587, 107, 1864, 619, 1913, 2587, 2118, 531, 2177, 1075, 1981, 1231, 798, 2227, 1258, 876, 1951, 169, 840, 1359, 976, 213, 856, 2106, 547, 1981, 1384, 1187, 1929, 1578, 672, 1750, 1002, 956, 1442, 2133, 601, 1219], [935, 1639, 2185, 1766, 2282, 1733, 2177, 755, 0, 531, 826, 1313, 169, 1653, 2238, 1416, 941, 2257, 1108, 1396, 901, 572, 1592, 542, 376, 1249, 829, 107, 1562, 336, 904, 457, 2113, 1007, 1567, 642, 481, 1826, 1353, 692, 1434, 1328, 606, 907, 1562, 916, 935], [638, 1203, 1741, 1351, 2181, 1370, 1826, 587, 531, 0, 587, 1291, 376, 1353, 2013, 1620, 457, 1784, 619, 1416, 646, 213, 1678, 829, 376, 1457, 542, 542, 1043, 531, 606, 310, 1666, 531, 1396, 987, 755, 1428, 1021, 169, 1175, 798, 376, 876, 1562, 405, 638], [1203, 1620, 2113, 1784, 2761, 1853, 2302, 107, 826, 587, 0, 1876, 680, 1880, 2561, 2160, 451, 2101, 1021, 1998, 1222, 798, 2252, 1311, 907, 1994, 76, 904, 1278, 1021, 107, 876, 2038, 457, 1970, 1444, 1238, 1876, 1545, 646, 1728, 913, 961, 1457, 2146, 531, 1203], [766, 1213, 1606, 1210, 976, 1021, 1291, 1864, 1313, 1291, 1876, 0, 1336, 798, 1062, 646, 1646, 1790, 1210, 151, 713, 1083, 451, 856, 1010, 587, 1832, 1210, 1583, 979, 1894, 1010, 1562, 1715, 438, 904, 879, 1187, 784, 1276, 606, 1666, 916, 425, 271, 1547, 766], [862, 1531, 2075, 1666, 2291, 1651, 2102, 619, 169, 376, 680, 1336, 0, 1592, 2207, 1510, 773, 2136, 976, 1434, 840, 457, 1653, 642, 336, 1343, 676, 226, 1416, 376, 751, 383, 2002, 840, 1547, 766, 572, 1733, 1278, 542, 1384, 1168, 531, 916, 1596, 751, 862], [733, 531, 812, 457, 1046, 238, 547, 1913, 1653, 1353, 1880, 798, 1592, 0, 692, 1442, 1501, 1007, 904, 916, 755, 1165, 1175, 1402, 1278, 1380, 1815, 1576, 1046, 1353, 1853, 1210, 773, 1547, 405, 1520, 1384, 405, 336, 1242, 238, 1291, 1062, 879, 907, 1396, 733], [1377, 1146, 1128, 1007, 547, 812, 601, 2587, 2238, 2013, 2561, 1062, 2207, 692, 0, 1578, 2191, 1353, 1596, 1093, 1380, 1813, 1210, 1877, 1876, 1590, 2497, 2149, 1686, 1913, 2539, 1827, 1136, 2238, 680, 1952, 1882, 907, 1021, 1918, 840, 1970, 1686, 1359, 976, 2086, 1377], [1279, 1846, 2251, 1853, 1285, 1666, 1913, 2118, 1416, 1620, 2160, 646, 1510, 1442, 1578, 0, 2048, 2435, 1741, 531, 1210, 1444, 383, 876, 1258, 169, 2136, 1313, 2166, 1143, 2207, 1311, 2207, 2122, 1062, 798, 941, 1832, 1410, 1666, 1249, 2181, 1285, 829, 606, 1964, 1279], [901, 1187, 1666, 1353, 2450, 1444, 1882, 531, 941, 457, 451, 1646, 773, 1501, 2191, 2048, 0, 1651, 606, 1784, 941, 606, 2065, 1285, 829, 1889, 376, 976, 829, 987, 383, 751, 1592, 76, 1653, 1444, 1210, 1449, 1173, 383, 1380, 475, 766, 1258, 1913, 107, 901], [1395, 646, 226, 587, 1877, 773, 755, 2177, 2257, 1784, 2101, 1790, 2136, 1007, 1353, 2435, 1651, 0, 1165, 1918, 1457, 1686, 2181, 2207, 1913, 2356, 2026, 2217, 829, 2048, 2027, 1813, 238, 1653, 1410, 2356, 2164, 606, 1062, 1620, 1187, 1210, 1678, 1752, 1913, 1578, 1395], [463, 606, 1128, 766, 1894, 840, 1283, 1075, 1108, 619, 1021, 1210, 976, 904, 1596, 1741, 606, 1165, 0, 1359, 531, 542, 1658, 1187, 798, 1604, 950, 1083, 481, 956, 976, 692, 1054, 646, 1108, 1353, 1126, 856, 587, 457, 812, 457, 587, 913, 1457, 504, 463], [912, 1353, 1728, 1343, 929, 1146, 1384, 1981, 1396, 1416, 1998, 151, 1434, 916, 1093, 531, 1784, 1918, 1359, 0, 856, 1210, 301, 907, 1116, 504, 1957, 1291, 1733, 1067, 2020, 1126, 1686, 1853, 531, 929, 941, 1313, 929, 1410, 740, 1815, 1043, 542, 169, 1686, 912], [73, 812, 1343, 907, 1540, 840, 1278, 1231, 901, 646, 1222, 713, 840, 755, 1380, 1210, 941, 1457, 531, 856, 0, 438, 1148, 751, 526, 1075, 1168, 829, 976, 619, 1222, 457, 1276, 1007, 751, 904, 709, 950, 457, 587, 547, 976, 310, 383, 976, 840, 73], [438, 1075, 1620, 1210, 1970, 1203, 1658, 798, 572, 213, 798, 1083, 457, 1165, 1813, 1444, 606, 1686, 542, 1210, 438, 0, 1478, 713, 271, 1285, 751, 542, 1010, 438, 812, 169, 1547, 680, 1187, 879, 642, 1278, 840, 226, 976, 840, 169, 672, 1353, 526, 438], [1207, 1639, 1982, 1617, 904, 1410, 1596, 2227, 1592, 1678, 2252, 451, 1653, 1175, 1210, 383, 2065, 2181, 1658, 301, 1148, 1478, 0, 1067, 1353, 457, 2216, 1486, 2032, 1278, 2282, 1378, 1947, 2136, 773, 1043, 1116, 1578, 1222, 1686, 1021, 2113, 1311, 809, 271, 1970, 1207], [816, 1562, 2085, 1648, 1827, 1547, 1948, 1258, 542, 829, 1311, 856, 642, 1402, 1877, 876, 1285, 2207, 1187, 907, 751, 713, 1067, 0, 457, 709, 1296, 438, 1666, 301, 1370, 547, 2020, 1359, 1201, 169, 76, 1678, 1175, 929, 1165, 1547, 606, 531, 1075, 1222, 816], [561, 1283, 1827, 1402, 1957, 1359, 1803, 876, 376, 376, 907, 1010, 336, 1278, 1876, 1258, 829, 1913, 798, 1116, 526, 271, 1353, 457, 0, 1093, 879, 310, 1274, 169, 950, 107, 1757, 904, 1213, 619, 383, 1457, 979, 475, 1062, 1108, 238, 587, 1274, 766, 561], [1145, 1750, 2181, 1771, 1351, 1596, 1876, 1951, 1249, 1457, 1994, 587, 1343, 1380, 1590, 169, 1889, 2356, 1604, 504, 1075, 1285, 457, 709, 1093, 0, 1970, 1146, 2041, 976, 2041, 1148, 2133, 1964, 1021, 637, 773, 1758, 1313, 1508, 1173, 2038, 1128, 692, 619, 1807, 1145], [1146, 1547, 2038, 1711, 2706, 1784, 2231, 169, 829, 542, 76, 1832, 676, 1815, 2497, 2136, 376, 2026, 950, 1957, 1168, 751, 2216, 1296, 879, 1970, 0, 901, 1203, 1002, 76, 840, 1964, 383, 1913, 1434, 1222, 1804, 1480, 587, 1666, 840, 916, 1416, 2102, 457, 1146], [869, 1590, 2136, 1711, 2181, 1666, 2106, 840, 107, 542, 904, 1210, 226, 1576, 2149, 1313, 976, 2217, 1083, 1291, 829, 542, 1486, 438, 310, 1146, 901, 0, 1547, 238, 976, 405, 2065, 1046, 1475, 547, 376, 1766, 1285, 692, 1353, 1336, 547, 809, 1457, 941, 869], [904, 542, 879, 692, 2090, 876, 1222, 1359, 1562, 1043, 1278, 1583, 1416, 1046, 1686, 2166, 829, 829, 481, 1733, 976, 1010, 2032, 1666, 1274, 2041, 1203, 1547, 0, 1434, 1201, 1168, 809, 826, 1370, 1832, 1606, 798, 829, 876, 1062, 383, 1067, 1353, 1801, 766, 904], [668, 1410, 1951, 1520, 1947, 1457, 1889, 976, 336, 531, 1021, 979, 376, 1353, 1913, 1143, 987, 2048, 956, 1067, 619, 438, 1278, 301, 169, 976, 1002, 238, 1434, 0, 1075, 271, 1882, 1062, 1238, 457, 226, 1567, 1075, 642, 1126, 1276, 376, 572, 1231, 929, 668], [1197, 1567, 2048, 1733, 2759, 1813, 2257, 213, 904, 606, 107, 1894, 751, 1853, 2539, 2207, 383, 2027, 976, 2020, 1222, 812, 2282, 1370, 950, 2041, 76, 976, 1201, 1075, 0, 907, 1974, 376, 1964, 1508, 1296, 1827, 1520, 637, 1711, 829, 979, 1480, 2164, 475, 1197], [483, 1187, 1733, 1311, 1937, 1278, 1726, 856, 457, 310, 876, 1010, 383, 1210, 1827, 1311, 751, 1813, 692, 1126, 457, 169, 1378, 547, 107, 1148, 840, 405, 1168, 271, 907, 0, 1661, 826, 1175, 713, 475, 1370, 901, 383, 1002, 1007, 151, 587, 1278, 680, 483], [1218, 475, 76, 376, 1651, 542, 547, 2106, 2113, 1666, 2038, 1562, 2002, 773, 1136, 2207, 1592, 238, 1054, 1686, 1276, 1547, 1947, 2020, 1757, 2133, 1964, 2065, 809, 1882, 1974, 1661, 0, 1604, 1175, 2164, 1982, 376, 856, 1508, 961, 1187, 1520, 1547, 1678, 1508, 1218], [965, 1213, 1678, 1380, 2508, 1480, 1913, 547, 1007, 531, 457, 1715, 840, 1547, 2238, 2122, 76, 1653, 646, 1853, 1007, 680, 2136, 1359, 904, 1964, 383, 1046, 826, 1062, 376, 826, 1604, 0, 1711, 1518, 1285, 1478, 1222, 457, 1434, 457, 840, 1330, 1981, 169, 965], [768, 904, 1210, 856, 798, 642, 856, 1981, 1567, 1396, 1970, 438, 1547, 405, 680, 1062, 1653, 1410, 1108, 531, 751, 1187, 773, 1201, 1213, 1021, 1913, 1475, 1370, 1238, 1964, 1175, 1175, 1711, 0, 1285, 1203, 809, 547, 1328, 310, 1547, 1043, 680, 504, 1547, 768], [971, 1711, 2227, 1790, 1856, 1678, 2065, 1384, 642, 987, 1444, 904, 766, 1520, 1952, 798, 1444, 2356, 1353, 929, 904, 879, 1043, 169, 619, 637, 1434, 547, 1832, 457, 1508, 713, 2164, 1518, 1285, 0, 238, 1815, 1313, 1093, 1283, 1715, 773, 642, 1093, 1384, 971], [771, 1520, 2048, 1611, 1853, 1520, 1929, 1187, 481, 755, 1238, 879, 572, 1384, 1882, 941, 1210, 2164, 1126, 941, 709, 642, 1116, 76, 383, 773, 1222, 376, 1606, 226, 1296, 475, 1982, 1285, 1203, 238, 0, 1646, 1143, 856, 1148, 1478, 542, 526, 1108, 1148, 771], [901, 271, 425, 107, 1370, 169, 438, 1929, 1826, 1428, 1876, 1187, 1733, 405, 907, 1832, 1449, 606, 856, 1313, 950, 1278, 1578, 1678, 1457, 1758, 1804, 1766, 798, 1567, 1827, 1370, 376, 1478, 809, 1815, 1646, 0, 504, 1285, 587, 1126, 1222, 1187, 1311, 1353, 901], [419, 438, 916, 481, 1313, 383, 826, 1578, 1353, 1021, 1545, 784, 1278, 336, 1021, 1410, 1173, 1062, 587, 929, 457, 840, 1222, 1175, 979, 1313, 1480, 1285, 829, 1075, 1520, 901, 856, 1222, 547, 1313, 1143, 504, 0, 907, 238, 1007, 751, 692, 979, 1067, 419], [561, 1051, 1583, 1203, 2122, 1238, 1693, 672, 692, 169, 646, 1276, 542, 1242, 1918, 1666, 383, 1620, 457, 1410, 587, 226, 1686, 929, 475, 1508, 587, 692, 876, 642, 637, 383, 1508, 457, 1328, 1093, 856, 1285, 907, 0, 1083, 646, 383, 879, 1545, 301, 561], [539, 619, 1010, 606, 1083, 425, 784, 1750, 1434, 1175, 1728, 606, 1384, 238, 840, 1249, 1380, 1187, 812, 740, 547, 976, 1021, 1165, 1062, 1173, 1666, 1353, 1062, 1126, 1711, 1002, 961, 1434, 310, 1283, 1148, 587, 238, 1083, 0, 1242, 856, 642, 766, 1274, 539], [912, 856, 1258, 1021, 2318, 1168, 1562, 1002, 1328, 798, 913, 1666, 1168, 1291, 1970, 2181, 475, 1210, 457, 1815, 976, 840, 2113, 1547, 1108, 2038, 840, 1336, 383, 1276, 829, 1007, 1187, 457, 1547, 1715, 1478, 1126, 1007, 646, 1242, 0, 950, 1353, 1913, 438, 912], [333, 1046, 1590, 1165, 1817, 1128, 1576, 956, 606, 376, 961, 916, 531, 1062, 1686, 1285, 766, 1678, 587, 1043, 310, 169, 1311, 606, 238, 1128, 916, 547, 1067, 376, 979, 151, 1520, 840, 1043, 773, 542, 1222, 751, 383, 856, 950, 0, 504, 1187, 680, 333], [454, 1116, 1606, 1173, 1378, 1043, 1424, 1442, 907, 876, 1457, 425, 916, 879, 1359, 829, 1258, 1752, 913, 542, 383, 672, 809, 531, 587, 692, 1416, 809, 1353, 572, 1480, 587, 1547, 1330, 680, 642, 526, 1187, 692, 879, 642, 1353, 504, 0, 692, 1165, 454], [1025, 1384, 1713, 1353, 766, 1143, 1328, 2133, 1562, 1562, 2146, 271, 1596, 907, 976, 606, 1913, 1913, 1457, 169, 976, 1353, 271, 1075, 1274, 619, 2102, 1457, 1801, 1231, 2164, 1278, 1678, 1981, 504, 1093, 1108, 1311, 979, 1545, 766, 1913, 1187, 692, 0, 1813, 1025], [798, 1093, 1583, 1258, 2344, 1343, 1784, 601, 916, 405, 531, 1547, 751, 1396, 2086, 1964, 107, 1578, 504, 1686, 840, 526, 1970, 1222, 766, 1807, 457, 941, 766, 929, 475, 680, 1508, 169, 1547, 1384, 1148, 1353, 1067, 301, 1274, 438, 680, 1165, 1813, 0, 798], [1, 751, 1286, 853, 1563, 799, 1244, 1219, 935, 638, 1203, 766, 862, 733, 1377, 1279, 901, 1395, 463, 912, 73, 438, 1207, 816, 561, 1145, 1146, 869, 904, 668, 1197, 483, 1218, 965, 768, 971, 771, 901, 419, 561, 539, 912, 333, 454, 1025, 798, 0]]}