{'nodes': [(0, 5.966666666666667, 6.7, 0, 48000, 0, False), (1, 1.0, 4.0, 22790, 28306, 40, False), (2, 4.0, 7.0, 914, 7475, 40, True), (3, 7.5, 2.5, 32498, 40316, 30, True), (4, 8.5, 3.5, 19583, 24755, 20, True), (5, 13.0, 1.5, 18587, 25815, 10, True), (6, 1.5, 8.5, 5194, 12218, 10, False), (7, 10.5, 9.5, 2581, 9746, 30, True), (8, 7.0, 9.5, 37323, 45810, 30, True), (9, 1.5, 5.0, 21227, 27378, 10, True), (10, 2.5, 7.0, 31020, 36882, 50, False), (11, 10.5, 4.0, 7283, 13403, 30, True), (12, 6.0, 4.5, 28051, 36595, 40, True), (13, 5.0, 3.0, 2092, 8486, 10, True), (14, 9.0, 4.5, 645, 3321, 40, True), (15, 2.5, 9.5, 34929, 41164, 30, False), (16, 0, 13.0, 40984, 44743, 50, True), (17, 14.0, 8.0, 6696, 12575, 10, True), (18, 10.0, 6.0, 2297, 12469, 10, True), (19, 11.5, 2.0, 14038, 19584, 30, True), (20, 2.5, 6.5, 29697, 32528, 30, True), (21, 4.0, 10.0, 30235, 31214, 30, True), (22, 9.5, 2.5, 35966, 43588, 10, True), (23, 12.0, 10.5, 21053, 26873, 50, True), (24, 3.5, 3.5, 32811, 39179, 20, True), (25, 1.5, 0.5, 19946, 26694, 40, True), (26, 12.5, 4.0, 4025, 10275, 50, True), (27, 1.5, 13.0, 13856, 21230, 40, True), (28, 13.0, 13.0, 12884, 20006, 10, True), (29, 9.5, 3.0, 15508, 19209, 10, True), (30, 10.5, 9.0, 31785, 38528, 30, True), (31, 3.0, 10.0, 9153, 11898, 10, True), (32, 5.0, 10.5, 20087, 27223, 40, True), (33, 1.0, 7.0, 20451, 29675, 10, True), (34, 7.0, 4.5, 25049, 29773, 50, True), (35, 0, 4.5, 11055, 16060, 20, True), (36, 1.5, 10.0, 18633, 26200, 30, True), (37, 2.5, 10.0, 582, 5287, 20, True), (38, 6.0, 15.0, 1678, 5755, 10, True), (39, 6.5, 12.5, 13426, 16798, 50, True), (40, 0.5, 1.0, 21124, 28144, 40, True), (41, 8.5, 4.5, 10675, 16805, 30, True), (42, 11.5, 3.5, 32313, 41828, 20, True), (43, 3.5, 1.5, 10487, 14818, 50, True), (44, 0, 9.0, 3540, 10679, 30, True), (45, 6.5, 10.0, 3889, 8297, 20, True), (46, 5.966666666666667, 6.7, 0, 48000, 0, False)], 'F': 20.0, 'ct': 0.083, 'cd': 0.021, 'truck_cap': 100, 'drone_cap': 20, 'truck_speed': 40, 'drone_speed': 40, 'a': 1, 'b': 2, 'max_flight_time': 3000, 'ttt': [[0, 1697, 598, 1342, 1225, 2625, 1446, 1599, 896, 1435, 1045, 1584, 661, 1148, 1125, 1338, 2604, 2442, 1229, 2179, 1043, 1153, 1648, 2140, 1213, 2293, 2122, 2318, 2834, 1536, 1526, 1332, 1177, 1494, 730, 1909, 1667, 1437, 2491, 1748, 2370, 1008, 1919, 1728, 1919, 1004, 1], [1697, 0, 1274, 2002, 2256, 3678, 1359, 3294, 2443, 336, 1007, 2851, 1508, 1238, 2406, 1711, 2718, 4081, 2767, 3208, 876, 2013, 2590, 3834, 766, 1062, 3451, 2705, 4501, 2569, 3222, 1898, 2291, 901, 1807, 336, 1807, 1856, 3626, 3038, 913, 2256, 3155, 1062, 1531, 2443, 1697], [598, 1274, 0, 1711, 1711, 3165, 876, 2090, 1173, 961, 451, 2149, 961, 1238, 1678, 876, 2164, 3016, 1826, 2705, 475, 901, 2133, 2621, 1062, 2090, 2705, 1951, 3246, 2041, 2041, 950, 1093, 901, 1173, 1416, 1173, 1007, 2475, 1813, 2085, 1545, 2484, 1658, 1343, 1173, 598], [1342, 2002, 1711, 0, 425, 1678, 2547, 2286, 2106, 1951, 2019, 1007, 751, 766, 751, 2582, 3872, 2555, 1291, 1210, 1922, 2484, 601, 2755, 1238, 1898, 1567, 3629, 3557, 619, 2149, 2625, 2515, 2373, 619, 2330, 2882, 2705, 3778, 3016, 2149, 672, 1238, 1238, 2978, 2271, 1342], [1225, 2256, 1711, 425, 0, 1478, 2582, 1898, 1856, 2149, 2085, 619, 809, 1062, 336, 2547, 3825, 2133, 876, 1007, 2013, 2373, 425, 2349, 1501, 2286, 1210, 3541, 3155, 336, 1757, 2555, 2349, 2484, 542, 2569, 2867, 2655, 3532, 2767, 2515, 301, 901, 1617, 3038, 2041, 1225], [2625, 3678, 3165, 1678, 1478, 0, 4040, 2515, 3001, 3607, 3557, 1062, 2286, 2443, 1501, 3961, 5208, 1974, 1623, 475, 3490, 3715, 1093, 2718, 2913, 3464, 766, 4880, 3451, 1143, 2373, 3938, 3613, 3961, 2013, 4003, 4291, 4054, 4563, 3834, 3754, 1623, 751, 2851, 4503, 3211, 2625], [1446, 1359, 876, 2547, 2582, 4040, 0, 2718, 1678, 1051, 542, 3020, 1807, 1957, 2551, 425, 1424, 3754, 2659, 3579, 672, 876, 3001, 3208, 1617, 2401, 3566, 1351, 3706, 2913, 2705, 637, 1210, 475, 2041, 1283, 451, 542, 2373, 1922, 2271, 2420, 3355, 2185, 475, 1567, 1446], [1599, 3294, 2090, 2286, 1898, 2515, 2718, 0, 1051, 3020, 2515, 1651, 2019, 2555, 1567, 2401, 3321, 1143, 1062, 2271, 2564, 1957, 2122, 542, 2767, 3819, 1757, 2898, 1291, 1974, 151, 2256, 1678, 2948, 1832, 3490, 2705, 2406, 2133, 1501, 3938, 1617, 1826, 3190, 3155, 1210, 1599], [896, 2443, 1173, 2106, 1856, 3001, 1678, 1051, 0, 2133, 1545, 1957, 1531, 2041, 1617, 1351, 2349, 2149, 1384, 2625, 1623, 913, 2231, 1531, 2085, 3165, 2334, 1957, 2085, 2090, 1062, 1210, 672, 1951, 1501, 2582, 1658, 1359, 1678, 913, 3211, 1567, 2251, 2621, 2106, 213, 896], [1435, 336, 961, 1951, 2149, 3607, 1051, 3020, 2133, 0, 672, 2718, 1359, 1210, 2256, 1384, 2443, 3857, 2569, 3133, 542, 1678, 2515, 3557, 751, 1351, 3315, 2401, 4204, 2475, 2956, 1567, 1957, 619, 1658, 475, 1501, 1531, 3291, 2705, 1238, 2106, 3035, 1210, 1283, 2122, 1435], [1045, 1007, 451, 2019, 2085, 3557, 542, 2515, 1545, 672, 0, 2564, 1291, 1416, 2090, 751, 1951, 3464, 2271, 3090, 151, 1007, 2497, 3038, 1093, 1974, 3133, 1826, 3629, 2420, 2475, 913, 1291, 451, 1545, 1062, 950, 901, 2621, 2041, 1898, 1951, 2898, 1678, 961, 1501, 1045], [1584, 2851, 2149, 1007, 619, 1062, 3020, 1651, 1957, 2718, 2564, 0, 1359, 1678, 475, 2913, 4150, 1596, 619, 672, 2515, 2655, 542, 2002, 2106, 2898, 601, 3819, 2803, 425, 1501, 2882, 2555, 2990, 1062, 3155, 3246, 3001, 3566, 2819, 3133, 619, 336, 2231, 3490, 2164, 1584], [661, 1508, 961, 751, 809, 2286, 1807, 2019, 1531, 1359, 1291, 1359, 0, 542, 901, 1832, 3122, 2621, 1283, 1813, 1210, 1757, 1210, 2547, 809, 1807, 1957, 2886, 3304, 1143, 1910, 1880, 1826, 1678, 301, 1801, 2133, 1957, 3151, 2406, 1957, 751, 1678, 1173, 2251, 1658, 661], [1148, 1238, 1238, 766, 1062, 2443, 1957, 2555, 2041, 1210, 1416, 1678, 542, 0, 1283, 2090, 3355, 3090, 1750, 1974, 1291, 2122, 1359, 3079, 475, 1291, 2271, 3179, 3843, 1351, 2443, 2185, 2251, 1698, 751, 1567, 2349, 2231, 3613, 2886, 1478, 1143, 1957, 637, 2344, 2149, 1148], [1125, 2406, 1678, 751, 336, 1501, 2551, 1567, 1617, 2256, 2090, 475, 901, 1283, 0, 2461, 3715, 1832, 542, 1062, 2041, 2231, 619, 2013, 1678, 2551, 1062, 3402, 2819, 475, 1424, 2443, 2164, 2515, 601, 2701, 2791, 2555, 3277, 2515, 2759, 151, 809, 1880, 3020, 1813, 1125], [1338, 1711, 876, 2582, 2547, 3961, 425, 2401, 1351, 1384, 751, 2913, 1832, 2090, 2461, 0, 1291, 3480, 2484, 3516, 901, 475, 2971, 2867, 1826, 2718, 3425, 1093, 3321, 2867, 2406, 213, 809, 876, 2019, 1678, 336, 151, 1957, 1501, 2621, 2344, 3246, 2420, 766, 1210, 1338], [2604, 2718, 2164, 3872, 3825, 5208, 1424, 3321, 2349, 2443, 1951, 4150, 3122, 3355, 3715, 1291, 0, 4461, 3663, 4775, 2090, 1501, 4249, 3678, 3038, 3778, 4622, 451, 3901, 4139, 3372, 1274, 1678, 1826, 3304, 2551, 1007, 1173, 1898, 1957, 3604, 3607, 4476, 3607, 1201, 2149, 2604], [2442, 4081, 3016, 2555, 2133, 1974, 3754, 1143, 2149, 3857, 3464, 1596, 2621, 3090, 1832, 3480, 4461, 0, 1343, 1951, 3480, 3060, 2133, 961, 3428, 4374, 1283, 4040, 1531, 2019, 1093, 3355, 2803, 3913, 2349, 4330, 3799, 3503, 3190, 2625, 4563, 1957, 1545, 3706, 4212, 2330, 2442], [1229, 2767, 1826, 1291, 876, 1623, 2659, 1062, 1384, 2569, 2271, 619, 1283, 1750, 542, 2484, 3663, 1343, 0, 1283, 2256, 2164, 1062, 1478, 2090, 3038, 961, 3304, 2286, 913, 913, 2420, 2019, 2718, 1007, 3035, 2819, 2551, 2956, 2216, 3222, 637, 876, 2373, 3133, 1596, 1229], [2179, 3208, 2705, 1210, 1007, 475, 3579, 2271, 2625, 3133, 3090, 672, 1813, 1974, 1062, 3516, 4775, 1951, 1283, 0, 3020, 3291, 619, 2555, 2443, 3035, 672, 4461, 3332, 672, 2122, 3503, 3211, 3490, 1545, 3532, 3843, 3613, 4236, 3490, 3315, 1173, 451, 2406, 4040, 2831, 2179], [1043, 876, 475, 1922, 2013, 3490, 672, 2564, 1623, 542, 151, 2515, 1210, 1291, 2041, 901, 2090, 3480, 2256, 3020, 0, 1143, 2420, 3093, 950, 1826, 3093, 1974, 3706, 2349, 2515, 1062, 1416, 475, 1478, 961, 1093, 1051, 2759, 2164, 1757, 1898, 2847, 1531, 1062, 1596, 1043], [1153, 2013, 901, 2484, 2373, 3715, 876, 1957, 913, 1678, 1007, 2655, 1757, 2122, 2231, 475, 1501, 3060, 2164, 3291, 1143, 0, 2791, 2406, 1957, 2948, 3122, 1173, 2847, 2672, 1974, 301, 336, 1274, 1880, 2041, 751, 451, 1617, 1062, 2898, 2133, 2978, 2555, 1238, 751, 1153], [1648, 2590, 2133, 601, 425, 1093, 3001, 2122, 2231, 2515, 2497, 542, 1210, 1359, 619, 2971, 4249, 2133, 1062, 619, 2420, 2791, 0, 2515, 1826, 2475, 1007, 3961, 3321, 151, 1974, 2978, 2755, 2886, 961, 2913, 3291, 3079, 3895, 3133, 2738, 672, 672, 1826, 3454, 2424, 1648], [2140, 3834, 2621, 2755, 2349, 2718, 3208, 542, 1531, 3557, 3038, 2002, 2547, 3079, 2013, 2867, 3678, 961, 1478, 2555, 3093, 2406, 2515, 0, 3304, 4351, 1957, 3239, 809, 2373, 637, 2705, 2101, 3464, 2344, 4026, 3155, 2855, 2251, 1757, 4476, 2085, 2106, 3715, 3629, 1658, 2140], [1213, 766, 1062, 1238, 1501, 2913, 1617, 2767, 2085, 751, 1093, 2106, 809, 475, 1678, 1826, 3038, 3428, 2090, 2443, 950, 1957, 1826, 3304, 0, 1083, 2705, 2913, 4032, 1807, 2672, 1957, 2149, 1291, 1093, 1093, 2041, 1974, 3532, 2847, 1173, 1531, 2401, 601, 1957, 2149, 1213], [2293, 1062, 2090, 1898, 2286, 3464, 2401, 3819, 3165, 1351, 1974, 2898, 1807, 1291, 2551, 2718, 3778, 4374, 3038, 3035, 1826, 2948, 2475, 4351, 1083, 0, 3464, 3751, 5097, 2515, 3715, 2886, 3179, 1957, 2041, 1283, 2851, 2867, 4556, 3901, 336, 2420, 3133, 672, 2590, 3222, 2293], [2122, 3451, 2705, 1567, 1210, 766, 3566, 1757, 2334, 3315, 3133, 601, 1957, 2271, 1062, 3425, 4622, 1283, 961, 672, 3093, 3122, 1007, 1957, 2705, 3464, 0, 4265, 2705, 950, 1617, 3372, 2978, 3566, 1658, 3754, 3760, 3500, 3834, 3122, 3712, 1210, 336, 2803, 4040, 2547, 2122], [2318, 2705, 1951, 3629, 3541, 4880, 1351, 2898, 1957, 2401, 1826, 3819, 2886, 3179, 3402, 1093, 451, 4040, 3304, 4461, 1974, 1173, 3961, 3239, 2913, 3751, 4265, 0, 3451, 3843, 2956, 1007, 1291, 1807, 3038, 2590, 901, 950, 1478, 1508, 3613, 3304, 4139, 3503, 1283, 1750, 2318], [2834, 4501, 3246, 3557, 3155, 3451, 3706, 1291, 2085, 4204, 3629, 2803, 3304, 3843, 2819, 3321, 3901, 1531, 2286, 3332, 3706, 2847, 3321, 809, 4032, 5097, 2705, 3451, 0, 3179, 1416, 3133, 2515, 4026, 3122, 4661, 3566, 3277, 2185, 1957, 5199, 2886, 2886, 4476, 4081, 2149, 2834], [1536, 2569, 2041, 619, 336, 1143, 2913, 1974, 2090, 2475, 2420, 425, 1143, 1351, 475, 2867, 4139, 2019, 913, 672, 2349, 2672, 151, 2373, 1807, 2515, 950, 3843, 3179, 0, 1826, 2867, 2625, 2819, 876, 2886, 3190, 2971, 3751, 2990, 2767, 542, 619, 1856, 3372, 2286, 1536], [1526, 3222, 2041, 2149, 1757, 2373, 2705, 151, 1062, 2956, 2475, 1501, 1910, 2443, 1424, 2406, 3372, 1093, 913, 2122, 2515, 1974, 1974, 637, 2672, 3715, 1617, 2956, 1416, 1826, 0, 2271, 1711, 2913, 1711, 3428, 2718, 2420, 2251, 1596, 3843, 1478, 1678, 3079, 3151, 1238, 1526], [1332, 1898, 950, 2625, 2555, 3938, 637, 2256, 1210, 1567, 913, 2882, 1880, 2185, 2443, 213, 1274, 3355, 2420, 3503, 1062, 301, 2978, 2705, 1957, 2886, 3372, 1007, 3133, 2867, 2271, 0, 619, 1083, 2041, 1880, 451, 151, 1750, 1291, 2803, 2334, 3211, 2555, 950, 1051, 1332], [1177, 2291, 1093, 2515, 2349, 3613, 1210, 1678, 672, 1957, 1291, 2555, 1826, 2251, 2164, 809, 1678, 2803, 2019, 3211, 1416, 336, 2755, 2101, 2149, 3179, 2978, 1291, 2515, 2625, 1711, 619, 0, 1596, 1898, 2344, 1062, 766, 1384, 751, 3155, 2085, 2867, 2738, 1567, 475, 1177], [1494, 901, 901, 2373, 2484, 3961, 475, 2948, 1951, 619, 451, 2990, 1678, 1698, 2515, 876, 1826, 3913, 2718, 3490, 475, 1274, 2886, 3464, 1291, 1957, 3566, 1807, 4026, 2819, 2913, 1083, 1596, 0, 1951, 809, 913, 1007, 2831, 2334, 1807, 2373, 3321, 1813, 672, 1880, 1494], [730, 1807, 1173, 619, 542, 2013, 2041, 1832, 1501, 1658, 1545, 1062, 301, 751, 601, 2019, 3304, 2349, 1007, 1545, 1478, 1880, 961, 2344, 1093, 2041, 1658, 3038, 3122, 876, 1711, 2041, 1898, 1951, 0, 2101, 2334, 2133, 3165, 2406, 2216, 451, 1384, 1384, 2497, 1658, 730], [1909, 336, 1416, 2330, 2569, 4003, 1283, 3490, 2582, 475, 1062, 3155, 1801, 1567, 2701, 1678, 2551, 4330, 3035, 3532, 961, 2041, 2913, 4026, 1093, 1283, 3754, 2590, 4661, 2886, 3428, 1880, 2344, 809, 2101, 0, 1711, 1813, 3629, 3093, 1062, 2551, 3464, 1384, 1351, 2555, 1909], [1667, 1807, 1173, 2882, 2867, 4291, 451, 2705, 1658, 1501, 950, 3246, 2133, 2349, 2791, 336, 1007, 3799, 2819, 3843, 1093, 751, 3291, 3155, 2041, 2851, 3760, 901, 3566, 3190, 2718, 451, 1062, 913, 2334, 1711, 0, 301, 2019, 1678, 2718, 2672, 3579, 2621, 542, 1501, 1667], [1437, 1856, 1007, 2705, 2655, 4054, 542, 2406, 1359, 1531, 901, 3001, 1957, 2231, 2555, 151, 1173, 3503, 2551, 3613, 1051, 451, 3079, 2855, 1974, 2867, 3500, 950, 3277, 2971, 2420, 151, 766, 1007, 2133, 1813, 301, 0, 1832, 1416, 2767, 2443, 3332, 2569, 809, 1201, 1437], [2491, 3626, 2475, 3778, 3532, 4563, 2373, 2133, 1678, 3291, 2621, 3566, 3151, 3613, 3277, 1957, 1898, 3190, 2956, 4236, 2759, 1617, 3895, 2251, 3532, 4556, 3834, 1478, 2185, 3751, 2251, 1750, 1384, 2831, 3165, 3629, 2019, 1832, 0, 766, 4513, 3239, 3825, 4120, 2547, 1508, 2491], [1748, 3038, 1813, 3016, 2767, 3834, 1922, 1501, 913, 2705, 2041, 2819, 2406, 2886, 2515, 1501, 1957, 2625, 2216, 3490, 2164, 1062, 3133, 1757, 2847, 3901, 3122, 1508, 1957, 2990, 1596, 1291, 751, 2334, 2406, 3093, 1678, 1416, 766, 0, 3892, 2475, 3090, 3422, 2216, 751, 1748], [2370, 913, 2085, 2149, 2515, 3754, 2271, 3938, 3211, 1238, 1898, 3133, 1957, 1478, 2759, 2621, 3604, 4563, 3222, 3315, 1757, 2898, 2738, 4476, 1173, 336, 3712, 3613, 5199, 2767, 3843, 2803, 3155, 1807, 2216, 1062, 2718, 2767, 4513, 3892, 0, 2621, 3385, 913, 2406, 3246, 2370], [1008, 2256, 1545, 672, 301, 1623, 2420, 1617, 1567, 2106, 1951, 619, 751, 1143, 151, 2344, 3607, 1957, 637, 1173, 1898, 2133, 672, 2085, 1531, 2420, 1210, 3304, 2886, 542, 1478, 2334, 2085, 2373, 451, 2551, 2672, 2443, 3239, 2475, 2621, 0, 950, 1750, 2886, 1757, 1008], [1919, 3155, 2484, 1238, 901, 751, 3355, 1826, 2251, 3035, 2898, 336, 1678, 1957, 809, 3246, 4476, 1545, 876, 451, 2847, 2978, 672, 2106, 2401, 3133, 336, 4139, 2886, 619, 1678, 3211, 2867, 3321, 1384, 3464, 3579, 3332, 3825, 3090, 3385, 950, 0, 2475, 3825, 2461, 1919], [1728, 1062, 1658, 1238, 1617, 2851, 2185, 3190, 2621, 1210, 1678, 2231, 1173, 637, 1880, 2420, 3607, 3706, 2373, 2406, 1531, 2555, 1826, 3715, 601, 672, 2803, 3503, 4476, 1856, 3079, 2555, 2738, 1813, 1384, 1384, 2621, 2569, 4120, 3422, 913, 1750, 2475, 0, 2484, 2705, 1728], [1919, 1531, 1343, 2978, 3038, 4503, 475, 3155, 2106, 1283, 961, 3490, 2251, 2344, 3020, 766, 1201, 4212, 3133, 4040, 1062, 1238, 3454, 3629, 1957, 2590, 4040, 1283, 4081, 3372, 3151, 950, 1567, 672, 2497, 1351, 542, 809, 2547, 2216, 2406, 2886, 3825, 2484, 0, 1974, 1919], [1004, 2443, 1173, 2271, 2041, 3211, 1567, 1210, 213, 2122, 1501, 2164, 1658, 2149, 1813, 1210, 2149, 2330, 1596, 2831, 1596, 751, 2424, 1658, 2149, 3222, 2547, 1750, 2149, 2286, 1238, 1051, 475, 1880, 1658, 2555, 1501, 1201, 1508, 751, 3246, 1757, 2461, 2705, 1974, 0, 1004], [1, 1697, 598, 1342, 1225, 2625, 1446, 1599, 896, 1435, 1045, 1584, 661, 1148, 1125, 1338, 2604, 2442, 1229, 2179, 1043, 1153, 1648, 2140, 1213, 2293, 2122, 2318, 2834, 1536, 1526, 1332, 1177, 1494, 730, 1909, 1667, 1437, 2491, 1748, 2370, 1008, 1919, 1728, 1919, 1004, 0]], 'ttd': [[0, 849, 299, 672, 613, 1313, 723, 800, 449, 718, 523, 792, 331, 575, 563, 669, 1303, 1222, 615, 1090, 522, 577, 824, 1071, 607, 1147, 1061, 1159, 1417, 768, 764, 667, 589, 747, 366, 955, 834, 719, 1246, 875, 1186, 504, 960, 864, 960, 502, 1], [849, 0, 637, 1002, 1128, 1840, 680, 1648, 1222, 169, 504, 1426, 755, 619, 1203, 856, 1359, 2041, 1384, 1604, 438, 1007, 1296, 1918, 383, 531, 1726, 1353, 2251, 1285, 1611, 950, 1146, 451, 904, 169, 904, 929, 1813, 1520, 457, 1128, 1578, 531, 766, 1222, 849], [299, 637, 0, 856, 856, 1583, 438, 1046, 587, 481, 226, 1075, 481, 619, 840, 438, 1083, 1508, 913, 1353, 238, 451, 1067, 1311, 531, 1046, 1353, 976, 1623, 1021, 1021, 475, 547, 451, 587, 709, 587, 504, 1238, 907, 1043, 773, 1242, 829, 672, 587, 299], [672, 1002, 856, 0, 213, 840, 1274, 1143, 1054, 976, 1010, 504, 376, 383, 376, 1291, 1937, 1278, 646, 606, 961, 1242, 301, 1378, 619, 950, 784, 1815, 1779, 310, 1075, 1313, 1258, 1187, 310, 1165, 1442, 1353, 1889, 1508, 1075, 336, 619, 619, 1490, 1136, 672], [613, 1128, 856, 213, 0, 740, 1291, 950, 929, 1075, 1043, 310, 405, 531, 169, 1274, 1913, 1067, 438, 504, 1007, 1187, 213, 1175, 751, 1143, 606, 1771, 1578, 169, 879, 1278, 1175, 1242, 271, 1285, 1434, 1328, 1766, 1384, 1258, 151, 451, 809, 1520, 1021, 613], [1313, 1840, 1583, 840, 740, 0, 2020, 1258, 1501, 1804, 1779, 531, 1143, 1222, 751, 1981, 2604, 987, 812, 238, 1745, 1858, 547, 1359, 1457, 1733, 383, 2441, 1726, 572, 1187, 1970, 1807, 1981, 1007, 2002, 2146, 2027, 2282, 1918, 1877, 812, 376, 1426, 2252, 1606, 1313], [723, 680, 438, 1274, 1291, 2020, 0, 1359, 840, 526, 271, 1510, 904, 979, 1276, 213, 713, 1877, 1330, 1790, 336, 438, 1501, 1604, 809, 1201, 1784, 676, 1853, 1457, 1353, 319, 606, 238, 1021, 642, 226, 271, 1187, 961, 1136, 1210, 1678, 1093, 238, 784, 723], [800, 1648, 1046, 1143, 950, 1258, 1359, 0, 526, 1510, 1258, 826, 1010, 1278, 784, 1201, 1661, 572, 531, 1136, 1283, 979, 1062, 271, 1384, 1910, 879, 1449, 646, 987, 76, 1128, 840, 1475, 916, 1745, 1353, 1203, 1067, 751, 1970, 809, 913, 1596, 1578, 606, 800], [449, 1222, 587, 1054, 929, 1501, 840, 526, 0, 1067, 773, 979, 766, 1021, 809, 676, 1175, 1075, 692, 1313, 812, 457, 1116, 766, 1043, 1583, 1168, 979, 1043, 1046, 531, 606, 336, 976, 751, 1291, 829, 680, 840, 457, 1606, 784, 1126, 1311, 1054, 107, 449], [718, 169, 481, 976, 1075, 1804, 526, 1510, 1067, 0, 336, 1359, 680, 606, 1128, 692, 1222, 1929, 1285, 1567, 271, 840, 1258, 1779, 376, 676, 1658, 1201, 2102, 1238, 1478, 784, 979, 310, 829, 238, 751, 766, 1646, 1353, 619, 1054, 1518, 606, 642, 1062, 718], [523, 504, 226, 1010, 1043, 1779, 271, 1258, 773, 336, 0, 1283, 646, 709, 1046, 376, 976, 1733, 1136, 1545, 76, 504, 1249, 1520, 547, 987, 1567, 913, 1815, 1210, 1238, 457, 646, 226, 773, 531, 475, 451, 1311, 1021, 950, 976, 1449, 840, 481, 751, 523], [792, 1426, 1075, 504, 310, 531, 1510, 826, 979, 1359, 1283, 0, 680, 840, 238, 1457, 2075, 798, 310, 336, 1258, 1328, 271, 1002, 1054, 1449, 301, 1910, 1402, 213, 751, 1442, 1278, 1495, 531, 1578, 1623, 1501, 1784, 1410, 1567, 310, 169, 1116, 1745, 1083, 792], [331, 755, 481, 376, 405, 1143, 904, 1010, 766, 680, 646, 680, 0, 271, 451, 916, 1562, 1311, 642, 907, 606, 879, 606, 1274, 405, 904, 979, 1444, 1653, 572, 956, 941, 913, 840, 151, 901, 1067, 979, 1576, 1203, 979, 376, 840, 587, 1126, 829, 331], [575, 619, 619, 383, 531, 1222, 979, 1278, 1021, 606, 709, 840, 271, 0, 642, 1046, 1678, 1545, 876, 987, 646, 1062, 680, 1540, 238, 646, 1136, 1590, 1922, 676, 1222, 1093, 1126, 850, 376, 784, 1175, 1116, 1807, 1444, 740, 572, 979, 319, 1173, 1075, 575], [563, 1203, 840, 376, 169, 751, 1276, 784, 809, 1128, 1046, 238, 451, 642, 0, 1231, 1858, 916, 271, 531, 1021, 1116, 310, 1007, 840, 1276, 531, 1701, 1410, 238, 713, 1222, 1083, 1258, 301, 1351, 1396, 1278, 1639, 1258, 1380, 76, 405, 941, 1510, 907, 563], [669, 856, 438, 1291, 1274, 1981, 213, 1201, 676, 692, 376, 1457, 916, 1046, 1231, 0, 646, 1741, 1242, 1758, 451, 238, 1486, 1434, 913, 1359, 1713, 547, 1661, 1434, 1203, 107, 405, 438, 1010, 840, 169, 76, 979, 751, 1311, 1173, 1623, 1210, 383, 606, 669], [1303, 1359, 1083, 1937, 1913, 2604, 713, 1661, 1175, 1222, 976, 2075, 1562, 1678, 1858, 646, 0, 2231, 1832, 2388, 1046, 751, 2125, 1840, 1520, 1889, 2311, 226, 1951, 2070, 1686, 637, 840, 913, 1653, 1276, 504, 587, 950, 979, 1803, 1804, 2238, 1804, 601, 1075, 1303], [1222, 2041, 1508, 1278, 1067, 987, 1877, 572, 1075, 1929, 1733, 798, 1311, 1545, 916, 1741, 2231, 0, 672, 976, 1741, 1531, 1067, 481, 1715, 2188, 642, 2020, 766, 1010, 547, 1678, 1402, 1957, 1175, 2166, 1900, 1752, 1596, 1313, 2282, 979, 773, 1853, 2106, 1165, 1222], [615, 1384, 913, 646, 438, 812, 1330, 531, 692, 1285, 1136, 310, 642, 876, 271, 1242, 1832, 672, 0, 642, 1128, 1083, 531, 740, 1046, 1520, 481, 1653, 1143, 457, 457, 1210, 1010, 1359, 504, 1518, 1410, 1276, 1478, 1108, 1611, 319, 438, 1187, 1567, 798, 615], [1090, 1604, 1353, 606, 504, 238, 1790, 1136, 1313, 1567, 1545, 336, 907, 987, 531, 1758, 2388, 976, 642, 0, 1510, 1646, 310, 1278, 1222, 1518, 336, 2231, 1666, 336, 1062, 1752, 1606, 1745, 773, 1766, 1922, 1807, 2118, 1745, 1658, 587, 226, 1203, 2020, 1416, 1090], [522, 438, 238, 961, 1007, 1745, 336, 1283, 812, 271, 76, 1258, 606, 646, 1021, 451, 1046, 1741, 1128, 1510, 0, 572, 1210, 1547, 475, 913, 1547, 987, 1853, 1175, 1258, 531, 709, 238, 740, 481, 547, 526, 1380, 1083, 879, 950, 1424, 766, 531, 798, 522], [577, 1007, 451, 1242, 1187, 1858, 438, 979, 457, 840, 504, 1328, 879, 1062, 1116, 238, 751, 1531, 1083, 1646, 572, 0, 1396, 1203, 979, 1475, 1562, 587, 1424, 1336, 987, 151, 169, 637, 941, 1021, 376, 226, 809, 531, 1449, 1067, 1490, 1278, 619, 376, 577], [824, 1296, 1067, 301, 213, 547, 1501, 1062, 1116, 1258, 1249, 271, 606, 680, 310, 1486, 2125, 1067, 531, 310, 1210, 1396, 0, 1258, 913, 1238, 504, 1981, 1661, 76, 987, 1490, 1378, 1444, 481, 1457, 1646, 1540, 1948, 1567, 1370, 336, 336, 913, 1728, 1213, 824], [1071, 1918, 1311, 1378, 1175, 1359, 1604, 271, 766, 1779, 1520, 1002, 1274, 1540, 1007, 1434, 1840, 481, 740, 1278, 1547, 1203, 1258, 0, 1653, 2176, 979, 1620, 405, 1187, 319, 1353, 1051, 1733, 1173, 2013, 1578, 1428, 1126, 879, 2238, 1043, 1054, 1858, 1815, 829, 1071], [607, 383, 531, 619, 751, 1457, 809, 1384, 1043, 376, 547, 1054, 405, 238, 840, 913, 1520, 1715, 1046, 1222, 475, 979, 913, 1653, 0, 542, 1353, 1457, 2016, 904, 1336, 979, 1075, 646, 547, 547, 1021, 987, 1766, 1424, 587, 766, 1201, 301, 979, 1075, 607], [1147, 531, 1046, 950, 1143, 1733, 1201, 1910, 1583, 676, 987, 1449, 904, 646, 1276, 1359, 1889, 2188, 1520, 1518, 913, 1475, 1238, 2176, 542, 0, 1733, 1876, 2549, 1258, 1858, 1444, 1590, 979, 1021, 642, 1426, 1434, 2278, 1951, 169, 1210, 1567, 336, 1296, 1611, 1147], [1061, 1726, 1353, 784, 606, 383, 1784, 879, 1168, 1658, 1567, 301, 979, 1136, 531, 1713, 2311, 642, 481, 336, 1547, 1562, 504, 979, 1353, 1733, 0, 2133, 1353, 475, 809, 1686, 1490, 1784, 829, 1877, 1880, 1750, 1918, 1562, 1856, 606, 169, 1402, 2020, 1274, 1061], [1159, 1353, 976, 1815, 1771, 2441, 676, 1449, 979, 1201, 913, 1910, 1444, 1590, 1701, 547, 226, 2020, 1653, 2231, 987, 587, 1981, 1620, 1457, 1876, 2133, 0, 1726, 1922, 1478, 504, 646, 904, 1520, 1296, 451, 475, 740, 755, 1807, 1653, 2070, 1752, 642, 876, 1159], [1417, 2251, 1623, 1779, 1578, 1726, 1853, 646, 1043, 2102, 1815, 1402, 1653, 1922, 1410, 1661, 1951, 766, 1143, 1666, 1853, 1424, 1661, 405, 2016, 2549, 1353, 1726, 0, 1590, 709, 1567, 1258, 2013, 1562, 2331, 1784, 1639, 1093, 979, 2600, 1444, 1444, 2238, 2041, 1075, 1417], [768, 1285, 1021, 310, 169, 572, 1457, 987, 1046, 1238, 1210, 213, 572, 676, 238, 1434, 2070, 1010, 457, 336, 1175, 1336, 76, 1187, 904, 1258, 475, 1922, 1590, 0, 913, 1434, 1313, 1410, 438, 1444, 1596, 1486, 1876, 1495, 1384, 271, 310, 929, 1686, 1143, 768], [764, 1611, 1021, 1075, 879, 1187, 1353, 76, 531, 1478, 1238, 751, 956, 1222, 713, 1203, 1686, 547, 457, 1062, 1258, 987, 987, 319, 1336, 1858, 809, 1478, 709, 913, 0, 1136, 856, 1457, 856, 1715, 1359, 1210, 1126, 798, 1922, 740, 840, 1540, 1576, 619, 764], [667, 950, 475, 1313, 1278, 1970, 319, 1128, 606, 784, 457, 1442, 941, 1093, 1222, 107, 637, 1678, 1210, 1752, 531, 151, 1490, 1353, 979, 1444, 1686, 504, 1567, 1434, 1136, 0, 310, 542, 1021, 941, 226, 76, 876, 646, 1402, 1168, 1606, 1278, 475, 526, 667], [589, 1146, 547, 1258, 1175, 1807, 606, 840, 336, 979, 646, 1278, 913, 1126, 1083, 405, 840, 1402, 1010, 1606, 709, 169, 1378, 1051, 1075, 1590, 1490, 646, 1258, 1313, 856, 310, 0, 798, 950, 1173, 531, 383, 692, 376, 1578, 1043, 1434, 1370, 784, 238, 589], [747, 451, 451, 1187, 1242, 1981, 238, 1475, 976, 310, 226, 1495, 840, 850, 1258, 438, 913, 1957, 1359, 1745, 238, 637, 1444, 1733, 646, 979, 1784, 904, 2013, 1410, 1457, 542, 798, 0, 976, 405, 457, 504, 1416, 1168, 904, 1187, 1661, 907, 336, 941, 747], [366, 904, 587, 310, 271, 1007, 1021, 916, 751, 829, 773, 531, 151, 376, 301, 1010, 1653, 1175, 504, 773, 740, 941, 481, 1173, 547, 1021, 829, 1520, 1562, 438, 856, 1021, 950, 976, 0, 1051, 1168, 1067, 1583, 1203, 1108, 226, 692, 692, 1249, 829, 366], [955, 169, 709, 1165, 1285, 2002, 642, 1745, 1291, 238, 531, 1578, 901, 784, 1351, 840, 1276, 2166, 1518, 1766, 481, 1021, 1457, 2013, 547, 642, 1877, 1296, 2331, 1444, 1715, 941, 1173, 405, 1051, 0, 856, 907, 1815, 1547, 531, 1276, 1733, 692, 676, 1278, 955], [834, 904, 587, 1442, 1434, 2146, 226, 1353, 829, 751, 475, 1623, 1067, 1175, 1396, 169, 504, 1900, 1410, 1922, 547, 376, 1646, 1578, 1021, 1426, 1880, 451, 1784, 1596, 1359, 226, 531, 457, 1168, 856, 0, 151, 1010, 840, 1359, 1336, 1790, 1311, 271, 751, 834], [719, 929, 504, 1353, 1328, 2027, 271, 1203, 680, 766, 451, 1501, 979, 1116, 1278, 76, 587, 1752, 1276, 1807, 526, 226, 1540, 1428, 987, 1434, 1750, 475, 1639, 1486, 1210, 76, 383, 504, 1067, 907, 151, 0, 916, 709, 1384, 1222, 1666, 1285, 405, 601, 719], [1246, 1813, 1238, 1889, 1766, 2282, 1187, 1067, 840, 1646, 1311, 1784, 1576, 1807, 1639, 979, 950, 1596, 1478, 2118, 1380, 809, 1948, 1126, 1766, 2278, 1918, 740, 1093, 1876, 1126, 876, 692, 1416, 1583, 1815, 1010, 916, 0, 383, 2257, 1620, 1913, 2060, 1274, 755, 1246], [875, 1520, 907, 1508, 1384, 1918, 961, 751, 457, 1353, 1021, 1410, 1203, 1444, 1258, 751, 979, 1313, 1108, 1745, 1083, 531, 1567, 879, 1424, 1951, 1562, 755, 979, 1495, 798, 646, 376, 1168, 1203, 1547, 840, 709, 383, 0, 1947, 1238, 1545, 1711, 1108, 376, 875], [1186, 457, 1043, 1075, 1258, 1877, 1136, 1970, 1606, 619, 950, 1567, 979, 740, 1380, 1311, 1803, 2282, 1611, 1658, 879, 1449, 1370, 2238, 587, 169, 1856, 1807, 2600, 1384, 1922, 1402, 1578, 904, 1108, 531, 1359, 1384, 2257, 1947, 0, 1311, 1693, 457, 1203, 1623, 1186], [504, 1128, 773, 336, 151, 812, 1210, 809, 784, 1054, 976, 310, 376, 572, 76, 1173, 1804, 979, 319, 587, 950, 1067, 336, 1043, 766, 1210, 606, 1653, 1444, 271, 740, 1168, 1043, 1187, 226, 1276, 1336, 1222, 1620, 1238, 1311, 0, 475, 876, 1444, 879, 504], [960, 1578, 1242, 619, 451, 376, 1678, 913, 1126, 1518, 1449, 169, 840, 979, 405, 1623, 2238, 773, 438, 226, 1424, 1490, 336, 1054, 1201, 1567, 169, 2070, 1444, 310, 840, 1606, 1434, 1661, 692, 1733, 1790, 1666, 1913, 1545, 1693, 475, 0, 1238, 1913, 1231, 960], [864, 531, 829, 619, 809, 1426, 1093, 1596, 1311, 606, 840, 1116, 587, 319, 941, 1210, 1804, 1853, 1187, 1203, 766, 1278, 913, 1858, 301, 336, 1402, 1752, 2238, 929, 1540, 1278, 1370, 907, 692, 692, 1311, 1285, 2060, 1711, 457, 876, 1238, 0, 1242, 1353, 864], [960, 766, 672, 1490, 1520, 2252, 238, 1578, 1054, 642, 481, 1745, 1126, 1173, 1510, 383, 601, 2106, 1567, 2020, 531, 619, 1728, 1815, 979, 1296, 2020, 642, 2041, 1686, 1576, 475, 784, 336, 1249, 676, 271, 405, 1274, 1108, 1203, 1444, 1913, 1242, 0, 987, 960], [502, 1222, 587, 1136, 1021, 1606, 784, 606, 107, 1062, 751, 1083, 829, 1075, 907, 606, 1075, 1165, 798, 1416, 798, 376, 1213, 829, 1075, 1611, 1274, 876, 1075, 1143, 619, 526, 238, 941, 829, 1278, 751, 601, 755, 376, 1623, 879, 1231, 1353, 987, 0, 502], [1, 849, 299, 672, 613, 1313, 723, 800, 449, 718, 523, 792, 331, 575, 563, 669, 1303, 1222, 615, 1090, 522, 577, 824, 1071, 607, 1147, 1061, 1159, 1417, 768, 764, 667, 589, 747, 366, 955, 834, 719, 1246, 875, 1186, 504, 960, 864, 960, 502, 0]]}