{'nodes': [(0, 0, 0, 0, 48000, 0, False), (1, 0.6264810265699113, -2.5169558139286394, 0, 3359, 50, True), (2, -1.1461633853703246, 1.050330174809432, 19900, 26696, 50, True), (3, -0.9500114616806528, -2.2101140273650555, 42605, 48000, 30, True), (4, 0.5362428936273271, 15.73525114995316, 34616, 39685, 30, True), (5, 5.612860090084593, -10.967431145767012, 31163, 36874, 10, True), (6, -6.875012315790865, 19.947559130567548, 6542, 14626, 10, True), (7, 11.23275880364892, 10.141930303624337, 7216, 12877, 10, True), (8, -10.844411656644382, -11.56443831437597, 8087, 15503, 20, True), (9, 2.8968884009667155, -2.7308432172614228, 14073, 20773, 20, True), (10, 6.8883533276477635, -11.383543646853804, 21848, 27578, 50, True), (11, -3.3157927447889306, 1.6652601969372816, 36221, 43628, 30, True), (12, -9.346503603795528, 3.7503672460682176, 18084, 23772, 40, True), (13, -1.7629564263746476, -1.6482824597238688, 17913, 23019, 10, True), (14, 5.506070113672841, -0.16464331654064784, 40579, 48000, 20, True), (15, 17.534114516752304, -3.7797497641694395, 12383, 17254, 10, True), (16, -14.413393612456844, -0.1557451252221427, 3655, 8276, 50, True), (17, 1.1243865012459542, 0.9464014679874029, 32305, 38631, 40, False), (18, 5.6945064420270235, -12.239683405185778, 26537, 33693, 20, True), (19, 5.2680159892426355, 5.198988373691833, 7791, 13175, 40, True), (20, -12.744998502728048, 2.340759507474566, 40709, 46388, 10, True), (21, -6.013328701677114, 3.6539310611638895, 32274, 39182, 10, True), (22, -6.072018594925784, -6.808284054331889, 28204, 34680, 20, True), (23, 6.013719665482016, 16.748161281730063, 10128, 17458, 50, True), (24, -1.7164589595383963, -3.1461856656214695, 22900, 26514, 20, True), (25, -11.443724983375354, -1.2203225115502796, 17387, 23427, 30, True), (26, 2.199418802891284, 0.4980643343175743, 34684, 41951, 40, False), (27, 3.1925102513638772, 2.4350701366835548, 16662, 21246, 40, True), (28, 10.369486842034696, 0.9392837355529671, 32577, 40409, 10, True), (29, -23.261065964341306, 8.066436685520815, 3592, 11663, 40, True), (30, 12.009497728986602, 3.954943907669925, 7826, 14453, 10, True), (31, 1.184791635947736, -0.20333648544613914, 10402, 16312, 20, True), (32, -2.776401729853017, 1.2048488917511508, 9749, 16073, 30, True), (33, -0.09803437318884688, 3.0938701004734, 43023, 47469, 10, True), (34, 2.9745006437220467, 0.04043755089632454, 38319, 38319, 40, False), (35, -1.45364847525176, -1.5131407745365277, 30727, 37101, 50, True), (36, 1.3342687556190072, 0.09844883758303331, 21701, 26942, 30, True), (37, 6.743849635330339, -9.850242228369998, 1852, 6872, 30, True), (38, -2.1329306647035393, -5.84614178937312, 10385, 16081, 20, False), (39, 6.9995593625660755, -1.8372300997540467, 40330, 43475, 20, True), (40, 0.29163032176427156, 1.9160805794673312, 2391, 7275, 40, True), (41, 5.871926878479456, -0.7542078854911288, 34541, 39910, 10, True), (42, 14.332450743452293, -9.673705901514426, 16239, 24162, 40, True), (43, -6.437884665316692, -2.935121557275934, 13498, 18841, 50, True), (44, -0.06678061566254238, 0.03842160501746394, 21727, 28321, 20, True), (45, 3.2618912965290128, -4.539993069575043, 40434, 46164, 30, True), (46, 0, 0, 0, 48000, 0, False)], 'F': 20.0, 'ct': 0.083, 'cd': 0.021, 'truck_cap': 100, 'drone_cap': 20, 'truck_speed': 40, 'drone_speed': 40, 'a': 1, 'b': 2, 'max_flight_time': 3000, 'ttt': [[0, 779, 467, 723, 4724, 3697, 6331, 4541, 4757, 1195, 3993, 1114, 3022, 725, 1654, 5382, 4325, 442, 4051, 2221, 3888, 2112, 2738, 5340, 1076, 3454, 678, 1206, 3125, 7387, 3794, 362, 909, 930, 893, 630, 402, 3582, 1868, 2172, 582, 1777, 5188, 2124, 24, 1678, 1], [779, 0, 1196, 483, 5477, 2945, 7106, 4955, 4384, 685, 3257, 1725, 3535, 764, 1626, 5087, 4568, 1051, 3290, 2702, 4269, 2720, 2388, 6002, 729, 3643, 1021, 1674, 3102, 7839, 3929, 715, 1514, 1698, 1043, 694, 814, 2866, 1298, 1924, 1335, 1661, 4640, 2124, 795, 998, 779], [467, 1196, 0, 981, 4435, 4137, 5925, 4609, 4775, 1662, 4442, 678, 2591, 831, 2030, 5789, 3998, 683, 4485, 2293, 3502, 1657, 2783, 5177, 1272, 3164, 1018, 1367, 3456, 6961, 4043, 795, 492, 690, 1274, 776, 798, 4038, 2091, 2594, 504, 2175, 5650, 1988, 445, 2137, 467], [723, 483, 981, 0, 5403, 3284, 6882, 5206, 4086, 1166, 3621, 1363, 3090, 297, 2033, 5566, 4087, 1134, 3610, 2903, 3794, 2325, 2066, 6060, 364, 3163, 1247, 1868, 3526, 7370, 4306, 880, 1163, 1613, 1358, 259, 975, 3254, 1148, 2388, 1294, 2094, 5103, 1662, 726, 1445, 723], [4724, 5477, 4435, 5403, 0, 8155, 2558, 3622, 8874, 5586, 8357, 4377, 4661, 5261, 4999, 7765, 6546, 4441, 8535, 3466, 5660, 4124, 7049, 1672, 5706, 6229, 4599, 4070, 5331, 7502, 4934, 4787, 4472, 3798, 4766, 5210, 4698, 7899, 6525, 5618, 4147, 5200, 8675, 5980, 4714, 6138, 4724], [3697, 2945, 4137, 3284, 8155, 0, 10004, 6554, 4941, 2603, 403, 4642, 6297, 3566, 3242, 4177, 6829, 3820, 383, 4852, 6803, 5605, 3722, 8317, 3217, 5895, 3590, 4087, 3848, 10376, 4872, 3493, 4436, 4554, 3397, 3542, 3560, 478, 2787, 2771, 4183, 3066, 2646, 4346, 3716, 2054, 3697], [6331, 7106, 5925, 6882, 2558, 10004, 0, 6179, 9529, 7409, 10267, 5589, 4916, 6659, 7086, 10213, 6442, 6186, 10367, 5732, 5569, 4896, 8031, 3985, 7100, 6498, 6440, 6061, 7700, 6073, 7425, 6512, 5757, 5451, 6664, 6641, 6445, 9830, 7869, 7749, 5822, 7294, 10930, 6867, 6313, 7952, 6331], [4541, 4955, 4609, 5206, 3622, 6554, 6179, 0, 9289, 4602, 6589, 5052, 6466, 5265, 3538, 4585, 8292, 4101, 6918, 2325, 7565, 5529, 7268, 2527, 5567, 7610, 3965, 3342, 2774, 10368, 1872, 4328, 4986, 4004, 3915, 5169, 4231, 6148, 6253, 3813, 4108, 3644, 6018, 6596, 4548, 5013, 4541], [4757, 4384, 4775, 4086, 8874, 4941, 9529, 9289, 0, 4902, 5321, 4568, 4617, 4035, 5981, 8829, 3587, 5195, 4967, 6976, 4211, 4791, 2022, 9886, 3726, 3109, 5331, 5948, 7388, 6969, 8289, 4965, 4532, 5454, 5415, 4128, 5060, 5302, 3127, 6098, 5247, 5973, 7575, 2908, 4752, 4729, 4757], [1195, 685, 1662, 1166, 5586, 2603, 7409, 4602, 4902, 0, 2860, 2284, 4157, 1436, 1099, 4403, 5251, 1226, 2975, 2484, 4934, 3289, 2957, 5919, 1391, 4327, 992, 1553, 2499, 8491, 3392, 917, 2072, 1966, 833, 1356, 971, 2429, 1776, 1261, 1599, 1073, 4014, 2802, 1218, 555, 1195], [3993, 3257, 4442, 3621, 8357, 403, 10267, 6589, 5321, 2860, 0, 4970, 6659, 3908, 3392, 3926, 7225, 4084, 442, 4999, 7187, 5945, 4124, 8445, 3575, 6289, 3833, 4292, 3843, 10765, 4852, 3766, 4762, 4823, 3624, 3878, 3827, 463, 3177, 2865, 4455, 3204, 2292, 4735, 4013, 2325, 3993], [1114, 1725, 678, 1363, 4377, 4642, 5589, 5052, 4568, 2284, 4970, 0, 1915, 1099, 2704, 6466, 3375, 1350, 4972, 2786, 2837, 1006, 2674, 5322, 1522, 2588, 1692, 1967, 4112, 6285, 4650, 1463, 214, 1057, 1950, 1106, 1473, 4588, 2282, 3269, 1086, 2851, 6294, 1669, 1091, 2714, 1114], [3022, 3535, 2591, 3090, 4661, 6297, 4916, 6466, 4617, 4157, 6659, 1915, 0, 2794, 4609, 8376, 1920, 3253, 6587, 4407, 1105, 1001, 3317, 6037, 3086, 1620, 3600, 3783, 5976, 4372, 6408, 3376, 2115, 2783, 3861, 2847, 3387, 6322, 3603, 5183, 2944, 4762, 8167, 2188, 2999, 4528, 3022], [725, 764, 831, 297, 5261, 3566, 6659, 5265, 4035, 1436, 3908, 1099, 2794, 0, 2227, 5825, 3822, 1166, 3887, 2945, 3506, 2040, 2018, 5993, 451, 2908, 1353, 1927, 3723, 7078, 4462, 986, 909, 1509, 1510, 102, 1068, 3546, 1265, 2630, 1235, 2307, 5397, 1456, 719, 1740, 725], [1654, 1626, 2030, 2033, 4999, 3242, 7086, 3538, 5981, 1099, 3392, 2704, 4609, 2227, 0, 3769, 5977, 1357, 3624, 1612, 5528, 3642, 4006, 5077, 2345, 5096, 1013, 1045, 1497, 8977, 2311, 1297, 2519, 1946, 763, 2128, 1255, 2930, 2857, 674, 1685, 209, 3893, 3679, 1674, 1476, 1654], [5382, 5087, 5789, 5566, 7765, 4177, 10213, 4585, 8829, 4403, 3926, 6466, 8376, 5825, 3769, 0, 9647, 5124, 4366, 4561, 9268, 7409, 7141, 7063, 5779, 8728, 4777, 4690, 2575, 12745, 2853, 5022, 6275, 5678, 4517, 5738, 4998, 3715, 5934, 3215, 5449, 3615, 2013, 7197, 5404, 4289, 5382], [4325, 4568, 3998, 4087, 6546, 6829, 6442, 8292, 3587, 5251, 7225, 3375, 1920, 3822, 5977, 9647, 0, 4674, 7039, 6120, 902, 2768, 3202, 7955, 3914, 947, 4989, 5340, 7443, 3624, 8023, 4680, 3516, 4405, 5218, 3910, 4726, 6983, 4061, 6445, 4456, 6089, 9085, 2535, 4305, 5464, 4325], [442, 1051, 683, 1134, 4441, 3820, 6186, 4101, 5195, 1226, 4084, 1350, 3253, 1166, 1357, 5124, 4674, 0, 4188, 1782, 4183, 2291, 3175, 4963, 1496, 3827, 350, 765, 2775, 7622, 3389, 346, 1174, 742, 619, 1070, 263, 3652, 2261, 1951, 384, 1514, 5085, 2551, 450, 1767, 442], [4051, 3290, 4485, 3610, 8535, 383, 10367, 6918, 4967, 2975, 442, 4972, 6587, 3887, 3624, 4366, 7039, 4188, 0, 5234, 7053, 5923, 3889, 8698, 3520, 6114, 3964, 4467, 4196, 10611, 5216, 3857, 4768, 4918, 3774, 3868, 3927, 784, 3033, 3146, 4547, 3447, 2704, 4588, 4070, 2423, 4051], [2221, 2702, 2293, 2903, 3466, 4852, 5732, 2325, 6976, 2484, 4999, 2786, 4407, 2945, 1612, 4561, 6120, 1782, 5234, 0, 5473, 3417, 4956, 3473, 3266, 5372, 1685, 1038, 1995, 8603, 2058, 2033, 2695, 1730, 1695, 2851, 1933, 4537, 3990, 2175, 1790, 1796, 5226, 4277, 2228, 2984, 2221], [3888, 4269, 3502, 3794, 5660, 6803, 5569, 7565, 4211, 4934, 7187, 2837, 1105, 3506, 5528, 9268, 902, 4183, 7053, 5473, 0, 2059, 3398, 7097, 3696, 1138, 4518, 4782, 6948, 3593, 7443, 4249, 3011, 3802, 4767, 3580, 4278, 6897, 4022, 6056, 3914, 5663, 8888, 2468, 3867, 5228, 3888], [2112, 2720, 1657, 2325, 4124, 5605, 4896, 5529, 4791, 3289, 5945, 1006, 1001, 2040, 3642, 7409, 2768, 2291, 5923, 3417, 2059, 0, 3140, 5335, 2414, 2190, 2640, 2787, 4983, 5342, 5409, 2451, 1219, 1784, 2907, 2068, 2450, 5574, 3080, 4238, 1963, 3804, 7298, 1982, 2089, 3714, 2112], [2738, 2388, 2783, 2066, 7049, 3722, 8031, 7268, 2022, 2957, 4124, 2674, 3317, 2018, 4006, 7141, 3202, 3175, 3889, 4956, 3398, 3140, 0, 7944, 1708, 2326, 3312, 3927, 5454, 6820, 6314, 2945, 2600, 3470, 3405, 2109, 3039, 3953, 1217, 4196, 3241, 4018, 6182, 1168, 2733, 2883, 2738], [5340, 6002, 5177, 6060, 1672, 8317, 3985, 2527, 9886, 5919, 8445, 5322, 6037, 5993, 5077, 7063, 7955, 4963, 8698, 3473, 7097, 5335, 7944, 0, 6404, 7517, 5009, 4378, 4920, 9161, 4240, 5289, 5358, 4489, 5096, 5920, 5189, 7984, 7206, 5584, 4770, 5252, 8311, 6988, 5336, 6441, 5340], [1076, 729, 1272, 364, 5706, 3217, 7100, 5567, 3726, 1391, 3575, 1522, 3086, 451, 2345, 5779, 3914, 1496, 3520, 3266, 3696, 2414, 1708, 6404, 0, 2976, 1606, 2231, 3828, 7287, 4637, 1241, 1344, 1935, 1702, 497, 1337, 3239, 821, 2645, 1635, 2388, 5199, 1419, 1077, 1552, 1076], [3454, 3643, 3164, 3163, 6229, 5895, 6498, 7610, 3109, 4327, 6289, 2588, 1620, 2908, 5096, 8728, 947, 3827, 6114, 5372, 1138, 2190, 2326, 7517, 2976, 0, 4126, 4527, 6577, 4510, 7206, 3802, 2701, 3642, 4343, 2999, 3855, 6040, 3120, 5537, 3645, 5198, 8139, 1588, 3435, 4524, 3454], [678, 1021, 1018, 1247, 4599, 3590, 6440, 3965, 5331, 992, 3833, 1692, 3600, 1353, 1013, 4777, 4989, 350, 3964, 1685, 4518, 2640, 3312, 5009, 1606, 4126, 0, 654, 2456, 7969, 3121, 371, 1509, 1041, 271, 1252, 287, 3392, 2306, 1602, 714, 1165, 4751, 2789, 695, 1546, 678], [1206, 1674, 1367, 1868, 4070, 4087, 6061, 3342, 5948, 1553, 4292, 1967, 3783, 1927, 1045, 4690, 5340, 765, 4467, 1038, 4782, 2787, 3927, 4378, 2231, 4527, 654, 0, 2200, 8115, 2685, 996, 1829, 1008, 722, 1830, 897, 3837, 2955, 1718, 885, 1251, 4937, 3309, 1215, 2094, 1206], [3125, 3102, 3456, 3526, 5331, 3848, 7700, 2774, 7388, 2499, 3843, 4112, 5976, 3723, 1497, 2575, 7443, 2775, 4196, 1995, 6948, 4983, 5454, 4920, 3828, 6577, 2456, 2200, 0, 10314, 1031, 2778, 3946, 3207, 2236, 3623, 2723, 3416, 4269, 1311, 3039, 1443, 3400, 5175, 3144, 2693, 3125], [7387, 7839, 6961, 7370, 7502, 10376, 6073, 10368, 6969, 8491, 10765, 6285, 4372, 7078, 8977, 12745, 3624, 7622, 10611, 8603, 3593, 5342, 6820, 9161, 7287, 4510, 7969, 8115, 10314, 0, 10654, 7743, 6482, 7108, 8232, 7147, 7757, 10485, 7590, 9553, 7304, 9133, 12472, 6031, 7364, 8811, 7387], [3794, 3929, 4043, 4306, 4934, 4872, 7425, 1872, 8289, 3392, 4852, 4650, 6408, 4462, 2311, 2853, 8023, 3389, 5216, 2058, 7443, 5409, 6314, 4240, 4637, 7206, 3121, 2685, 1031, 10654, 0, 3480, 4513, 3642, 2955, 4360, 3406, 4434, 5163, 2298, 3569, 2322, 4149, 5909, 3810, 3659, 3794], [362, 715, 795, 880, 4787, 3493, 6512, 4328, 4965, 917, 3766, 1463, 3376, 986, 1297, 5022, 4680, 346, 3857, 2033, 4249, 2451, 2945, 5289, 1241, 3802, 371, 996, 2778, 7743, 3480, 0, 1262, 1062, 543, 885, 102, 3341, 1965, 1813, 691, 1417, 4862, 2430, 383, 1444, 362], [909, 1514, 492, 1163, 4472, 4436, 5757, 4986, 4532, 2072, 4762, 214, 2115, 909, 2519, 6275, 3516, 1174, 4768, 2695, 3011, 1219, 2600, 5358, 1344, 2701, 1509, 1829, 3946, 6482, 4513, 1262, 0, 984, 1761, 908, 1278, 4378, 2125, 3073, 946, 2661, 6083, 1659, 886, 2501, 909], [930, 1698, 690, 1613, 3798, 4554, 5451, 4004, 5454, 1966, 4823, 1057, 2783, 1509, 1946, 5678, 4405, 742, 4918, 1730, 3802, 1784, 3470, 4489, 1935, 3642, 1041, 1008, 3207, 7108, 3642, 1062, 984, 0, 1301, 1442, 997, 4393, 2752, 2594, 373, 2132, 5781, 2626, 918, 2503, 930], [893, 1043, 1274, 1358, 4766, 3397, 6664, 3915, 5415, 833, 3624, 1950, 3861, 1510, 763, 4517, 5218, 619, 3774, 1695, 4767, 2907, 3405, 5096, 1702, 4343, 271, 722, 2236, 8232, 2955, 543, 1761, 1301, 0, 1409, 493, 3176, 2339, 1333, 983, 902, 4485, 2962, 913, 1378, 893], [630, 694, 776, 259, 5210, 3542, 6641, 5169, 4128, 1356, 3878, 1106, 2847, 102, 2128, 5738, 3910, 1070, 3868, 2851, 3580, 2068, 2109, 5920, 497, 2999, 1252, 1830, 3623, 7147, 4360, 885, 908, 1442, 1409, 0, 967, 3509, 1317, 2539, 1155, 2210, 5332, 1556, 625, 1682, 630], [402, 814, 798, 975, 4698, 3560, 6445, 4231, 5060, 971, 3827, 1473, 3387, 1068, 1255, 4998, 4726, 263, 3927, 1933, 4278, 2450, 3039, 5189, 1337, 3855, 287, 897, 2723, 7757, 3406, 102, 1278, 997, 493, 967, 0, 3398, 2066, 1797, 630, 1386, 4880, 2504, 422, 1508, 402], [3582, 2866, 4038, 3254, 7899, 478, 9830, 6148, 5302, 2429, 463, 4588, 6322, 3546, 2930, 3715, 6983, 3652, 784, 4537, 6897, 5574, 3953, 7984, 3239, 6040, 3392, 3837, 3416, 10485, 4434, 3341, 4378, 4393, 3176, 3509, 3398, 0, 2922, 2406, 4027, 2742, 2278, 4467, 3603, 1906, 3582], [1868, 1298, 2091, 1148, 6525, 2787, 7869, 6253, 3127, 1776, 3177, 2282, 3603, 1265, 2857, 5934, 4061, 2261, 3033, 3990, 4022, 3080, 1217, 7206, 821, 3120, 2306, 2955, 4269, 7590, 5163, 1965, 2125, 2752, 2339, 1317, 2066, 2922, 0, 2993, 2441, 2847, 5072, 1560, 1872, 1666, 1868], [2172, 1924, 2594, 2388, 5618, 2771, 7749, 3813, 6098, 1261, 2865, 3269, 5183, 2630, 674, 3215, 6445, 1951, 3146, 2175, 6056, 4238, 4196, 5584, 2645, 5537, 1602, 1718, 1311, 9553, 2298, 1813, 3073, 2594, 1333, 2539, 1797, 2406, 2993, 0, 2307, 470, 3221, 4046, 2194, 1385, 2172], [582, 1335, 504, 1294, 4147, 4183, 5822, 4108, 5247, 1599, 4455, 1086, 2944, 1235, 1685, 5449, 4456, 384, 4547, 1790, 3914, 1963, 3241, 4770, 1635, 3645, 714, 885, 3039, 7304, 3569, 691, 946, 373, 983, 1155, 630, 4027, 2441, 2307, 0, 1857, 5463, 2490, 574, 2133, 582], [1777, 1661, 2175, 2094, 5200, 3066, 7294, 3644, 5973, 1073, 3204, 2851, 4762, 2307, 209, 3615, 6089, 1514, 3447, 1796, 5663, 3804, 4018, 5252, 2388, 5198, 1165, 1251, 1443, 9133, 2322, 1417, 2661, 2132, 902, 2210, 1386, 2742, 2847, 470, 1857, 0, 3689, 3751, 1798, 1380, 1777], [5188, 4640, 5650, 5103, 8675, 2646, 10930, 6018, 7575, 4014, 2292, 6294, 8167, 5397, 3893, 2013, 9085, 5085, 2704, 5226, 8888, 7298, 6182, 8311, 5199, 8139, 4751, 4937, 3400, 12472, 4149, 4862, 6083, 5781, 4485, 5332, 4880, 2278, 5072, 3221, 5463, 3689, 0, 6552, 5212, 3662, 5188], [2124, 2124, 1988, 1662, 5980, 4346, 6867, 6596, 2908, 2802, 4735, 1669, 2188, 1456, 3679, 7197, 2535, 2551, 4588, 4277, 2468, 1982, 1168, 6988, 1419, 1588, 2789, 3309, 5175, 6031, 5909, 2430, 1659, 2626, 2962, 1556, 2504, 4467, 1560, 4046, 2490, 3751, 6552, 0, 2110, 2950, 2124], [24, 795, 445, 726, 4714, 3716, 6313, 4548, 4752, 1218, 4013, 1091, 2999, 719, 1674, 5404, 4305, 450, 4070, 2228, 3867, 2089, 2733, 5336, 1077, 3435, 695, 1215, 3144, 7364, 3810, 383, 886, 918, 913, 625, 422, 3603, 1872, 2194, 574, 1798, 5212, 2110, 0, 1699, 24], [1678, 998, 2137, 1445, 6138, 2054, 7952, 5013, 4729, 555, 2325, 2714, 4528, 1740, 1476, 4289, 5464, 1767, 2423, 2984, 5228, 3714, 2883, 6441, 1552, 4524, 1546, 2094, 2693, 8811, 3659, 1444, 2501, 2503, 1378, 1682, 1508, 1906, 1666, 1385, 2133, 1380, 3662, 2950, 1699, 0, 1678], [1, 779, 467, 723, 4724, 3697, 6331, 4541, 4757, 1195, 3993, 1114, 3022, 725, 1654, 5382, 4325, 442, 4051, 2221, 3888, 2112, 2738, 5340, 1076, 3454, 678, 1206, 3125, 7387, 3794, 362, 909, 930, 893, 630, 402, 3582, 1868, 2172, 582, 1777, 5188, 2124, 24, 1678, 0]], 'ttd': [[0, 390, 234, 362, 2363, 1849, 3166, 2271, 2379, 598, 1997, 558, 1512, 363, 827, 2692, 2163, 221, 2026, 1111, 1945, 1056, 1369, 2670, 539, 1727, 339, 603, 1563, 3694, 1898, 181, 455, 465, 447, 316, 202, 1792, 934, 1086, 292, 889, 2595, 1062, 13, 840, 1], [390, 0, 599, 242, 2739, 1473, 3554, 2478, 2192, 343, 1629, 863, 1768, 382, 814, 2544, 2285, 526, 1646, 1352, 2135, 1361, 1194, 3002, 365, 1822, 511, 838, 1552, 3920, 1965, 358, 757, 850, 522, 347, 407, 1433, 650, 962, 668, 831, 2320, 1063, 398, 499, 390], [234, 599, 0, 491, 2218, 2069, 2963, 2305, 2388, 831, 2222, 339, 1296, 416, 1015, 2895, 1999, 342, 2243, 1147, 1752, 829, 1392, 2589, 636, 1583, 510, 684, 1728, 3481, 2022, 398, 247, 345, 637, 388, 400, 2019, 1046, 1297, 253, 1088, 2826, 995, 223, 1069, 234], [362, 242, 491, 0, 2702, 1643, 3441, 2603, 2043, 583, 1811, 682, 1546, 149, 1017, 2784, 2044, 568, 1806, 1452, 1897, 1163, 1033, 3031, 182, 1582, 624, 935, 1763, 3686, 2154, 440, 582, 807, 680, 130, 488, 1627, 575, 1195, 647, 1047, 2552, 831, 363, 723, 362], [2363, 2739, 2218, 2702, 0, 4078, 1280, 1812, 4438, 2793, 4179, 2189, 2331, 2631, 2500, 3883, 3274, 2221, 4268, 1734, 2830, 2062, 3525, 837, 2853, 3115, 2300, 2035, 2666, 3751, 2468, 2394, 2236, 1900, 2383, 2605, 2350, 3950, 3263, 2810, 2074, 2601, 4338, 2991, 2357, 3070, 2363], [1849, 1473, 2069, 1643, 4078, 0, 5002, 3278, 2471, 1302, 202, 2321, 3149, 1784, 1621, 2089, 3415, 1911, 192, 2427, 3402, 2803, 1861, 4159, 1609, 2948, 1795, 2044, 1924, 5188, 2436, 1747, 2218, 2278, 1699, 1772, 1781, 239, 1394, 1386, 2092, 1533, 1323, 2173, 1859, 1028, 1849], [3166, 3554, 2963, 3441, 1280, 5002, 0, 3090, 4765, 3705, 5134, 2795, 2459, 3330, 3544, 5107, 3222, 3093, 5184, 2867, 2785, 2448, 4016, 1993, 3550, 3249, 3220, 3031, 3851, 3037, 3713, 3256, 2879, 2726, 3333, 3321, 3223, 4915, 3935, 3875, 2912, 3648, 5466, 3434, 3157, 3976, 3166], [2271, 2478, 2305, 2603, 1812, 3278, 3090, 0, 4645, 2301, 3295, 2527, 3233, 2633, 1770, 2293, 4146, 2051, 3459, 1163, 3783, 2765, 3634, 1264, 2784, 3806, 1983, 1672, 1387, 5184, 936, 2164, 2494, 2003, 1958, 2585, 2116, 3074, 3127, 1907, 2054, 1823, 3009, 3298, 2275, 2507, 2271], [2379, 2192, 2388, 2043, 4438, 2471, 4765, 4645, 0, 2451, 2661, 2284, 2309, 2018, 2991, 4415, 1794, 2598, 2484, 3489, 2106, 2396, 1012, 4944, 1864, 1555, 2666, 2975, 3695, 3485, 4145, 2483, 2267, 2727, 2708, 2064, 2530, 2652, 1564, 3049, 2624, 2987, 3788, 1454, 2376, 2365, 2379], [598, 343, 831, 583, 2793, 1302, 3705, 2301, 2451, 0, 1430, 1143, 2079, 719, 550, 2202, 2626, 613, 1488, 1243, 2468, 1645, 1479, 2960, 696, 2164, 497, 777, 1250, 4246, 1696, 459, 1037, 983, 417, 679, 486, 1215, 888, 631, 800, 537, 2008, 1402, 609, 278, 598], [1997, 1629, 2222, 1811, 4179, 202, 5134, 3295, 2661, 1430, 0, 2486, 3330, 1955, 1697, 1963, 3613, 2043, 221, 2500, 3594, 2973, 2063, 4223, 1788, 3145, 1917, 2147, 1922, 5383, 2427, 1884, 2382, 2412, 1812, 1940, 1914, 232, 1589, 1433, 2228, 1603, 1147, 2368, 2007, 1163, 1997], [558, 863, 339, 682, 2189, 2321, 2795, 2527, 2284, 1143, 2486, 0, 958, 550, 1352, 3233, 1688, 676, 2486, 1393, 1419, 504, 1338, 2661, 762, 1295, 847, 984, 2057, 3143, 2325, 732, 107, 529, 976, 554, 737, 2295, 1142, 1635, 543, 1426, 3148, 835, 546, 1357, 558], [1512, 1768, 1296, 1546, 2331, 3149, 2459, 3233, 2309, 2079, 3330, 958, 0, 1397, 2305, 4188, 961, 1627, 3294, 2204, 553, 501, 1659, 3019, 1544, 810, 1800, 1892, 2988, 2186, 3205, 1688, 1058, 1392, 1931, 1424, 1694, 3161, 1802, 2592, 1473, 2382, 4084, 1095, 1500, 2264, 1512], [363, 382, 416, 149, 2631, 1784, 3330, 2633, 2018, 719, 1955, 550, 1397, 0, 1114, 2913, 1912, 583, 1944, 1473, 1754, 1020, 1009, 2997, 226, 1455, 677, 964, 1862, 3540, 2231, 493, 455, 755, 755, 52, 534, 1774, 633, 1316, 618, 1154, 2699, 728, 360, 871, 363], [827, 814, 1015, 1017, 2500, 1621, 3544, 1770, 2991, 550, 1697, 1352, 2305, 1114, 0, 1885, 2989, 679, 1812, 806, 2764, 1821, 2003, 2539, 1173, 2548, 507, 523, 749, 4489, 1156, 649, 1260, 973, 382, 1064, 628, 1466, 1429, 337, 843, 105, 1947, 1840, 837, 739, 827], [2692, 2544, 2895, 2784, 3883, 2089, 5107, 2293, 4415, 2202, 1963, 3233, 4188, 2913, 1885, 0, 4824, 2563, 2184, 2281, 4635, 3705, 3571, 3532, 2890, 4365, 2389, 2346, 1288, 6373, 1427, 2511, 3138, 2840, 2259, 2869, 2500, 1858, 2967, 1608, 2725, 1808, 1007, 3599, 2703, 2145, 2692], [2163, 2285, 1999, 2044, 3274, 3415, 3222, 4146, 1794, 2626, 3613, 1688, 961, 1912, 2989, 4824, 0, 2338, 3520, 3061, 451, 1385, 1601, 3978, 1958, 474, 2495, 2670, 3722, 1813, 4012, 2341, 1758, 2203, 2609, 1956, 2363, 3492, 2031, 3223, 2229, 3045, 4543, 1268, 2153, 2733, 2163], [221, 526, 342, 568, 2221, 1911, 3093, 2051, 2598, 613, 2043, 676, 1627, 583, 679, 2563, 2338, 0, 2094, 892, 2092, 1146, 1588, 2482, 748, 1914, 176, 383, 1388, 3812, 1695, 174, 587, 372, 310, 535, 132, 1827, 1131, 976, 193, 757, 2543, 1276, 226, 884, 221], [2026, 1646, 2243, 1806, 4268, 192, 5184, 3459, 2484, 1488, 221, 2486, 3294, 1944, 1812, 2184, 3520, 2094, 0, 2618, 3527, 2962, 1945, 4349, 1761, 3057, 1982, 2234, 2099, 5306, 2608, 1929, 2385, 2460, 1888, 1935, 1964, 392, 1517, 1574, 2274, 1724, 1353, 2294, 2035, 1212, 2026], [1111, 1352, 1147, 1452, 1734, 2427, 2867, 1163, 3489, 1243, 2500, 1393, 2204, 1473, 806, 2281, 3061, 892, 2618, 0, 2737, 1709, 2478, 1737, 1633, 2686, 843, 519, 998, 4302, 1029, 1017, 1348, 866, 848, 1426, 967, 2269, 1995, 1088, 895, 899, 2614, 2139, 1114, 1493, 1111], [1945, 2135, 1752, 1897, 2830, 3402, 2785, 3783, 2106, 2468, 3594, 1419, 553, 1754, 2764, 4635, 451, 2092, 3527, 2737, 0, 1030, 1700, 3549, 1849, 570, 2260, 2392, 3475, 1797, 3722, 2125, 1506, 1901, 2384, 1791, 2140, 3449, 2011, 3028, 1958, 2832, 4444, 1234, 1934, 2614, 1945], [1056, 1361, 829, 1163, 2062, 2803, 2448, 2765, 2396, 1645, 2973, 504, 501, 1020, 1821, 3705, 1385, 1146, 2962, 1709, 1030, 0, 1570, 2668, 1208, 1096, 1321, 1394, 2492, 2671, 2705, 1226, 610, 892, 1454, 1035, 1225, 2788, 1540, 2120, 982, 1902, 3649, 991, 1045, 1857, 1056], [1369, 1194, 1392, 1033, 3525, 1861, 4016, 3634, 1012, 1479, 2063, 1338, 1659, 1009, 2003, 3571, 1601, 1588, 1945, 2478, 1700, 1570, 0, 3972, 855, 1164, 1656, 1964, 2727, 3411, 3157, 1473, 1301, 1736, 1703, 1055, 1520, 1977, 609, 2099, 1621, 2010, 3092, 585, 1367, 1442, 1369], [2670, 3002, 2589, 3031, 837, 4159, 1993, 1264, 4944, 2960, 4223, 2661, 3019, 2997, 2539, 3532, 3978, 2482, 4349, 1737, 3549, 2668, 3972, 0, 3203, 3759, 2505, 2189, 2461, 4581, 2120, 2645, 2680, 2245, 2548, 2960, 2595, 3992, 3604, 2793, 2386, 2626, 4156, 3495, 2668, 3221, 2670], [539, 365, 636, 182, 2853, 1609, 3550, 2784, 1864, 696, 1788, 762, 1544, 226, 1173, 2890, 1958, 748, 1761, 1633, 1849, 1208, 855, 3203, 0, 1488, 803, 1116, 1915, 3644, 2319, 621, 673, 968, 852, 249, 669, 1620, 411, 1323, 818, 1194, 2600, 710, 539, 776, 539], [1727, 1822, 1583, 1582, 3115, 2948, 3249, 3806, 1555, 2164, 3145, 1295, 810, 1455, 2548, 4365, 474, 1914, 3057, 2686, 570, 1096, 1164, 3759, 1488, 0, 2064, 2264, 3289, 2255, 3604, 1901, 1351, 1822, 2172, 1500, 1928, 3021, 1560, 2769, 1823, 2599, 4070, 795, 1718, 2262, 1727], [339, 511, 510, 624, 2300, 1795, 3220, 1983, 2666, 497, 1917, 847, 1800, 677, 507, 2389, 2495, 176, 1982, 843, 2260, 1321, 1656, 2505, 803, 2064, 0, 328, 1228, 3985, 1561, 186, 755, 521, 136, 627, 144, 1696, 1153, 802, 358, 583, 2376, 1395, 348, 773, 339], [603, 838, 684, 935, 2035, 2044, 3031, 1672, 2975, 777, 2147, 984, 1892, 964, 523, 2346, 2670, 383, 2234, 519, 2392, 1394, 1964, 2189, 1116, 2264, 328, 0, 1101, 4058, 1343, 498, 915, 504, 362, 916, 449, 1919, 1478, 859, 443, 626, 2469, 1655, 608, 1047, 603], [1563, 1552, 1728, 1763, 2666, 1924, 3851, 1387, 3695, 1250, 1922, 2057, 2988, 1862, 749, 1288, 3722, 1388, 2099, 998, 3475, 2492, 2727, 2461, 1915, 3289, 1228, 1101, 0, 5158, 516, 1389, 1973, 1604, 1118, 1812, 1362, 1708, 2135, 656, 1520, 722, 1700, 2588, 1572, 1347, 1563], [3694, 3920, 3481, 3686, 3751, 5188, 3037, 5184, 3485, 4246, 5383, 3143, 2186, 3540, 4489, 6373, 1813, 3812, 5306, 4302, 1797, 2671, 3411, 4581, 3644, 2255, 3985, 4058, 5158, 0, 5327, 3872, 3241, 3555, 4116, 3574, 3879, 5243, 3796, 4777, 3652, 4567, 6236, 3016, 3683, 4406, 3694], [1898, 1965, 2022, 2154, 2468, 2436, 3713, 936, 4145, 1696, 2427, 2325, 3205, 2231, 1156, 1427, 4012, 1695, 2608, 1029, 3722, 2705, 3157, 2120, 2319, 3604, 1561, 1343, 516, 5327, 0, 1740, 2257, 1822, 1478, 2181, 1704, 2217, 2582, 1150, 1785, 1161, 2075, 2955, 1905, 1830, 1898], [181, 358, 398, 440, 2394, 1747, 3256, 2164, 2483, 459, 1884, 732, 1688, 493, 649, 2511, 2341, 174, 1929, 1017, 2125, 1226, 1473, 2645, 621, 1901, 186, 498, 1389, 3872, 1740, 0, 632, 532, 272, 443, 52, 1671, 983, 907, 346, 709, 2432, 1216, 192, 722, 181], [455, 757, 247, 582, 2236, 2218, 2879, 2494, 2267, 1037, 2382, 107, 1058, 455, 1260, 3138, 1758, 587, 2385, 1348, 1506, 610, 1301, 2680, 673, 1351, 755, 915, 1973, 3241, 2257, 632, 0, 493, 881, 454, 640, 2189, 1063, 1537, 473, 1331, 3042, 830, 444, 1251, 455], [465, 850, 345, 807, 1900, 2278, 2726, 2003, 2727, 983, 2412, 529, 1392, 755, 973, 2840, 2203, 372, 2460, 866, 1901, 892, 1736, 2245, 968, 1822, 521, 504, 1604, 3555, 1822, 532, 493, 0, 651, 721, 499, 2197, 1376, 1297, 187, 1066, 2891, 1313, 459, 1252, 465], [447, 522, 637, 680, 2383, 1699, 3333, 1958, 2708, 417, 1812, 976, 1931, 755, 382, 2259, 2609, 310, 1888, 848, 2384, 1454, 1703, 2548, 852, 2172, 136, 362, 1118, 4116, 1478, 272, 881, 651, 0, 705, 247, 1589, 1170, 667, 492, 452, 2243, 1482, 457, 689, 447], [316, 347, 388, 130, 2605, 1772, 3321, 2585, 2064, 679, 1940, 554, 1424, 52, 1064, 2869, 1956, 535, 1935, 1426, 1791, 1035, 1055, 2960, 249, 1500, 627, 916, 1812, 3574, 2181, 443, 454, 721, 705, 0, 484, 1755, 659, 1270, 578, 1106, 2667, 778, 313, 842, 316], [202, 407, 400, 488, 2350, 1781, 3223, 2116, 2530, 486, 1914, 737, 1694, 534, 628, 2500, 2363, 132, 1964, 967, 2140, 1225, 1520, 2595, 669, 1928, 144, 449, 1362, 3879, 1704, 52, 640, 499, 247, 484, 0, 1700, 1033, 899, 315, 694, 2440, 1252, 211, 754, 202], [1792, 1433, 2019, 1627, 3950, 239, 4915, 3074, 2652, 1215, 232, 2295, 3161, 1774, 1466, 1858, 3492, 1827, 392, 2269, 3449, 2788, 1977, 3992, 1620, 3021, 1696, 1919, 1708, 5243, 2217, 1671, 2189, 2197, 1589, 1755, 1700, 0, 1462, 1204, 2014, 1372, 1140, 2234, 1802, 954, 1792], [934, 650, 1046, 575, 3263, 1394, 3935, 3127, 1564, 888, 1589, 1142, 1802, 633, 1429, 2967, 2031, 1131, 1517, 1995, 2011, 1540, 609, 3604, 411, 1560, 1153, 1478, 2135, 3796, 2582, 983, 1063, 1376, 1170, 659, 1033, 1462, 0, 1497, 1221, 1424, 2537, 781, 937, 834, 934], [1086, 962, 1297, 1195, 2810, 1386, 3875, 1907, 3049, 631, 1433, 1635, 2592, 1316, 337, 1608, 3223, 976, 1574, 1088, 3028, 2120, 2099, 2793, 1323, 2769, 802, 859, 656, 4777, 1150, 907, 1537, 1297, 667, 1270, 899, 1204, 1497, 0, 1154, 236, 1611, 2023, 1098, 693, 1086], [292, 668, 253, 647, 2074, 2092, 2912, 2054, 2624, 800, 2228, 543, 1473, 618, 843, 2725, 2229, 193, 2274, 895, 1958, 982, 1621, 2386, 818, 1823, 358, 443, 1520, 3652, 1785, 346, 473, 187, 492, 578, 315, 2014, 1221, 1154, 0, 929, 2732, 1245, 288, 1067, 292], [889, 831, 1088, 1047, 2601, 1533, 3648, 1823, 2987, 537, 1603, 1426, 2382, 1154, 105, 1808, 3045, 757, 1724, 899, 2832, 1902, 2010, 2626, 1194, 2599, 583, 626, 722, 4567, 1161, 709, 1331, 1066, 452, 1106, 694, 1372, 1424, 236, 929, 0, 1845, 1876, 900, 691, 889], [2595, 2320, 2826, 2552, 4338, 1323, 5466, 3009, 3788, 2008, 1147, 3148, 4084, 2699, 1947, 1007, 4543, 2543, 1353, 2614, 4444, 3649, 3092, 4156, 2600, 4070, 2376, 2469, 1700, 6236, 2075, 2432, 3042, 2891, 2243, 2667, 2440, 1140, 2537, 1611, 2732, 1845, 0, 3276, 2606, 1831, 2595], [1062, 1063, 995, 831, 2991, 2173, 3434, 3298, 1454, 1402, 2368, 835, 1095, 728, 1840, 3599, 1268, 1276, 2294, 2139, 1234, 991, 585, 3495, 710, 795, 1395, 1655, 2588, 3016, 2955, 1216, 830, 1313, 1482, 778, 1252, 2234, 781, 2023, 1245, 1876, 3276, 0, 1056, 1476, 1062], [13, 398, 223, 363, 2357, 1859, 3157, 2275, 2376, 609, 2007, 546, 1500, 360, 837, 2703, 2153, 226, 2035, 1114, 1934, 1045, 1367, 2668, 539, 1718, 348, 608, 1572, 3683, 1905, 192, 444, 459, 457, 313, 211, 1802, 937, 1098, 288, 900, 2606, 1056, 0, 850, 13], [840, 499, 1069, 723, 3070, 1028, 3976, 2507, 2365, 278, 1163, 1357, 2264, 871, 739, 2145, 2733, 884, 1212, 1493, 2614, 1857, 1442, 3221, 776, 2262, 773, 1047, 1347, 4406, 1830, 722, 1251, 1252, 689, 842, 754, 954, 834, 693, 1067, 691, 1831, 1476, 850, 0, 840], [1, 390, 234, 362, 2363, 1849, 3166, 2271, 2379, 598, 1997, 558, 1512, 363, 827, 2692, 2163, 221, 2026, 1111, 1945, 1056, 1369, 2670, 539, 1727, 339, 603, 1563, 3694, 1898, 181, 455, 465, 447, 316, 202, 1792, 934, 1086, 292, 889, 2595, 1062, 13, 840, 0]]}