{'nodes': [(0, 3.5, 3.0, 0, 48000, 0, False), (1, 5.5, 1.0, 39147, 43814, 40, True), (2, 8.5, 7.0, 9178, 15373, 50, True), (3, 5.0, 4.0, 2313, 4514, 50, True), (4, 6.0, 6.0, 5734, 7854, 50, True), (5, 0.5, 12.5, 5121, 8300, 40, True), (6, 10.5, 0, 2425, 6824, 10, True), (7, 0, 4.0, 23926, 28458, 40, True), (8, 11.5, 8.5, 10454, 15540, 10, True), (9, 14.5, 13.0, 36685, 42303, 30, True), (10, 9.0, 6.5, 23413, 27663, 20, True), (11, 3.5, 8.0, 23242, 29251, 50, True), (12, 5.5, 7.0, 32299, 39485, 20, True), (13, 0.5, 8.5, 25991, 32536, 30, True), (14, 11.0, 11.0, 40400, 48000, 30, True), (15, 9.5, 5.0, 634, 10295, 50, True), (16, 9.0, 12.0, 21265, 26006, 20, True), (17, 3.5, 12.5, 21788, 30993, 10, True), (18, 2.0, 5.0, 43135, 47015, 10, True), (19, 5.5, 9.0, 17237, 23113, 40, False), (20, 8.0, 8.5, 13594, 21612, 30, False), (21, 1.5, 10.0, 11030, 19761, 20, True), (22, 14.5, 11.0, 34026, 41405, 30, True), (23, 3.0, 7.5, 19802, 27223, 10, True), (24, 12.0, 6.5, 4364, 13017, 50, True), (25, 5.5, 10.5, 41310, 47503, 30, False), (26, 14.0, 12.0, 5101, 12491, 20, True), (27, 12.5, 8.5, 20076, 24694, 30, True), (28, 5.5, 8.5, 35312, 38211, 50, True), (29, 0.5, 7.5, 37632, 39338, 30, True), (30, 9.0, 12.0, 16756, 25791, 40, True), (31, 4.0, 15.0, 22947, 30268, 50, True), (32, 12.5, 3.5, 32750, 37687, 50, True), (33, 1.5, 10.0, 2720, 7423, 20, True), (34, 6.0, 7.5, 34571, 39407, 30, True), (35, 15.0, 9.5, 33588, 37153, 50, True), (36, 2.0, 7.0, 21454, 25655, 10, True), (37, 2.5, 8.5, 4234, 9309, 10, True), (38, 1.0, 4.0, 8152, 16202, 50, True), (39, 13.0, 9.5, 32877, 39470, 50, True), (40, 7.5, 12.5, 8656, 11487, 40, True), (41, 5.5, 14.5, 295, 8561, 10, True), (42, 9.5, 4.0, 2330, 10028, 50, True), (43, 8.0, 15.0, 19221, 25510, 40, True), (44, 14.5, 11.0, 19391, 25463, 30, False), (45, 13.0, 0, 11149, 18090, 50, True), (46, 3.5, 3.0, 0, 48000, 0, False)], 'F': 20.0, 'ct': 0.083, 'cd': 0.021, 'truck_cap': 100, 'drone_cap': 20, 'truck_speed': 40, 'drone_speed': 40, 'a': 1, 'b': 2, 'max_flight_time': 3000, 'ttt': [[0, 850, 1922, 542, 1173, 2990, 2286, 1093, 2913, 4461, 1957, 1501, 1343, 1880, 3291, 1898, 3165, 2851, 751, 1898, 2133, 2185, 4081, 1359, 2759, 2330, 4150, 3165, 1757, 1623, 3165, 3604, 2705, 2185, 1545, 3964, 1283, 1678, 809, 3454, 3093, 3503, 1826, 3846, 4081, 2990, 1], [850, 0, 2013, 913, 1508, 3763, 1531, 1880, 2882, 4501, 1957, 2185, 1801, 2705, 3425, 1698, 3464, 3503, 1596, 2401, 2373, 2956, 4037, 2090, 2555, 2851, 4171, 3079, 2251, 2461, 3464, 4225, 2231, 2956, 1957, 3825, 2085, 2424, 1623, 3402, 3503, 4051, 1501, 4267, 4037, 2271, 850], [1922, 2013, 0, 1384, 809, 2913, 2185, 2705, 1007, 2547, 213, 1531, 901, 2443, 1416, 672, 1508, 2231, 2041, 1083, 475, 2286, 2164, 1658, 1062, 1384, 2231, 1283, 1007, 2406, 1508, 2755, 1596, 2286, 766, 2090, 1951, 1856, 2424, 1545, 1678, 2424, 950, 2406, 2164, 2497, 1922], [542, 913, 1384, 0, 672, 2886, 2041, 1501, 2373, 3927, 1416, 1283, 913, 1910, 2767, 1384, 2684, 2590, 950, 1508, 1623, 2085, 3541, 1210, 2231, 1957, 3613, 2625, 1359, 1711, 2684, 3315, 2256, 2085, 1093, 3425, 1274, 1545, 1201, 2913, 2659, 3155, 1351, 3422, 3541, 2684, 542], [1173, 1508, 809, 672, 0, 2555, 2251, 1898, 1813, 3304, 913, 961, 336, 1813, 2122, 1093, 2013, 2090, 1238, 913, 961, 1807, 2959, 1007, 1807, 1359, 3001, 2090, 766, 1711, 2013, 2767, 2090, 1807, 451, 2898, 1238, 1291, 1617, 2349, 2002, 2555, 1210, 2767, 2959, 2767, 1173], [2990, 3763, 2913, 2886, 2555, 0, 4803, 2555, 3512, 4204, 3122, 1623, 2231, 1201, 3183, 3516, 2555, 901, 2296, 1832, 2551, 809, 4225, 1678, 3892, 1617, 4054, 3796, 1922, 1501, 2555, 1291, 4501, 809, 2231, 4443, 1711, 1343, 2555, 3857, 2101, 1617, 3715, 2373, 4225, 5304, 2990], [2286, 1531, 2185, 2041, 2251, 4803, 0, 3372, 2569, 4081, 2002, 3190, 2582, 3938, 3304, 1531, 3629, 4299, 2959, 3090, 2659, 4037, 3512, 3183, 2002, 3490, 3751, 2621, 2959, 3751, 3629, 4905, 1210, 4037, 2625, 3155, 3304, 3503, 3093, 2948, 3857, 4602, 1238, 4563, 3512, 751, 2286], [1093, 1880, 2705, 1501, 1898, 2555, 3372, 0, 3706, 5121, 2803, 1596, 1880, 1359, 3913, 2867, 3613, 2759, 672, 2231, 2755, 1856, 4831, 1384, 3678, 2555, 4838, 3987, 2133, 1062, 3613, 3512, 3754, 1856, 2085, 4794, 1083, 1545, 301, 4236, 3402, 3557, 2851, 4081, 4831, 4081, 1093], [2913, 2882, 1007, 2373, 1813, 3512, 2569, 3706, 0, 1623, 961, 2406, 1856, 3301, 766, 1210, 1291, 2684, 3038, 1807, 1051, 3035, 1173, 2569, 619, 1898, 1291, 301, 1801, 3315, 1291, 2978, 1531, 3035, 1678, 1093, 2886, 2701, 3428, 542, 1698, 2547, 1478, 2216, 1173, 2590, 2913], [4461, 4501, 2547, 3927, 3304, 4204, 4081, 5121, 1623, 0, 2555, 3626, 3246, 4413, 1210, 2831, 1678, 3304, 4453, 2956, 2373, 4003, 601, 3825, 2090, 2803, 336, 1478, 3020, 4513, 1678, 3208, 2913, 4003, 3038, 1062, 4161, 3846, 4868, 1143, 2106, 2738, 3090, 2041, 601, 3927, 4461], [1957, 1957, 213, 1416, 913, 3122, 2002, 2803, 961, 2555, 0, 1711, 1062, 2621, 1478, 475, 1651, 2443, 2149, 1291, 672, 2484, 2133, 1826, 901, 1596, 2231, 1210, 1210, 2569, 1651, 2959, 1384, 2484, 950, 2013, 2106, 2041, 2515, 1501, 1856, 2621, 766, 2569, 2133, 2291, 1957], [1501, 2185, 1531, 1283, 961, 1623, 3190, 1596, 2406, 3626, 1711, 0, 672, 913, 2424, 2013, 2041, 1351, 1007, 672, 1359, 850, 3422, 213, 2590, 961, 3372, 2705, 619, 913, 2041, 2106, 3020, 850, 766, 3480, 542, 336, 1416, 2886, 1807, 2041, 2164, 2497, 3422, 3727, 1501], [1343, 1801, 901, 913, 336, 2231, 2582, 1880, 1856, 3246, 1062, 672, 0, 1567, 2041, 1343, 1832, 1757, 1210, 601, 876, 1501, 2956, 766, 1957, 1051, 2959, 2149, 451, 1508, 1832, 2443, 2349, 1501, 213, 2948, 1051, 1007, 1623, 2373, 1757, 2251, 1501, 2515, 2956, 3079, 1343], [1880, 2705, 2443, 1910, 1813, 1201, 3938, 1359, 3301, 4413, 2621, 913, 1567, 0, 3239, 2898, 2759, 1501, 1143, 1508, 2251, 542, 4267, 809, 3503, 1617, 4185, 3601, 1501, 301, 2759, 2216, 3901, 542, 1678, 4361, 637, 601, 1359, 3763, 2420, 2344, 3020, 2978, 4267, 4536, 1880], [3291, 3425, 1416, 2767, 2122, 3183, 3304, 3913, 766, 1210, 1478, 2424, 2041, 3239, 0, 1856, 672, 2296, 3246, 1757, 1173, 2867, 1051, 2621, 1384, 1658, 950, 876, 1813, 3321, 672, 2420, 2296, 2867, 1832, 1283, 2956, 2659, 3663, 751, 1143, 1957, 2149, 1501, 1051, 3355, 3291], [1898, 1698, 672, 1384, 1093, 3516, 1531, 2867, 1210, 2831, 475, 2013, 1343, 2898, 1856, 0, 2106, 2882, 2251, 1698, 1143, 2831, 2344, 2090, 876, 2041, 2497, 1384, 1596, 2803, 2106, 3425, 1007, 2831, 1291, 2133, 2330, 2349, 2569, 1711, 2330, 3093, 301, 3035, 2344, 1832, 1898], [3165, 3464, 1508, 2684, 2013, 2555, 3629, 3613, 1291, 1678, 1651, 2041, 1832, 2759, 672, 2106, 0, 1658, 2971, 1384, 1093, 2330, 1678, 2251, 1880, 1143, 1501, 1486, 1486, 2886, 1, 1750, 2759, 2330, 1623, 1951, 2582, 2216, 3395, 1416, 475, 1291, 2406, 950, 1678, 3796, 3165], [2851, 3503, 2231, 2590, 2090, 901, 4299, 2759, 2684, 3304, 2443, 1351, 1757, 1501, 2296, 2882, 1658, 0, 2296, 1210, 1807, 961, 3332, 1508, 3122, 850, 3155, 2956, 1343, 1750, 1658, 766, 3819, 961, 1678, 3566, 1711, 1238, 2659, 2990, 1201, 850, 3122, 1545, 3332, 4711, 2851], [751, 1596, 2041, 950, 1238, 2296, 2959, 672, 3038, 4453, 2149, 1007, 1210, 1143, 3246, 2251, 2971, 2296, 0, 1596, 2085, 1508, 4161, 809, 3035, 1957, 4169, 3321, 1486, 876, 2971, 3060, 3183, 1508, 1416, 4128, 601, 1062, 425, 3566, 2791, 3038, 2271, 3500, 4161, 3626, 751], [1898, 2401, 1083, 1508, 913, 1832, 3090, 2231, 1807, 2956, 1291, 672, 601, 1508, 1757, 1698, 1384, 1210, 1596, 0, 766, 1238, 2767, 876, 2090, 451, 2705, 2106, 151, 1567, 1384, 1856, 2672, 1238, 475, 2855, 1210, 913, 2019, 2256, 1210, 1651, 1922, 1951, 2767, 3516, 1898], [2133, 2373, 475, 1623, 961, 2551, 2659, 2755, 1051, 2373, 672, 1359, 876, 2251, 1173, 1143, 1093, 1807, 2085, 766, 0, 2002, 2090, 1531, 1343, 961, 2085, 1351, 751, 2271, 1093, 2291, 2019, 2002, 672, 2122, 1856, 1651, 2497, 1531, 1210, 1951, 1424, 1951, 2090, 2959, 2133], [2185, 2956, 2286, 2085, 1807, 809, 4037, 1856, 3035, 4003, 2484, 850, 1501, 542, 2867, 2831, 2330, 961, 1508, 1238, 2002, 0, 3913, 876, 3321, 1210, 3799, 3332, 1283, 809, 2330, 1678, 3834, 1, 1545, 4054, 913, 542, 1807, 3454, 1951, 1807, 3001, 2461, 3913, 4573, 2185], [4081, 4037, 2164, 3541, 2959, 4225, 3512, 4831, 1173, 601, 2133, 3422, 2956, 4267, 1051, 2344, 1678, 3332, 4161, 2767, 2090, 3913, 0, 3607, 1545, 2705, 336, 961, 2803, 4330, 1678, 3372, 2330, 3913, 2759, 475, 3938, 3678, 4563, 637, 2149, 2898, 2582, 2291, 1, 3332, 4081], [1359, 2090, 1658, 1210, 1007, 1678, 3183, 1384, 2569, 3825, 1826, 213, 766, 809, 2621, 2090, 2251, 1508, 809, 876, 1531, 876, 3607, 0, 2718, 1173, 3566, 2867, 809, 751, 2251, 2271, 3093, 876, 901, 3651, 336, 336, 1210, 3060, 2019, 2231, 2216, 2705, 3607, 3751, 1359], [2759, 2555, 1062, 2231, 1807, 3892, 2002, 3678, 619, 2090, 901, 2590, 1957, 3503, 1384, 876, 1880, 3122, 3035, 2090, 1343, 3321, 1545, 2718, 0, 2291, 1757, 619, 2041, 3464, 1880, 3503, 913, 3321, 1826, 1274, 3005, 2913, 3385, 950, 2251, 3093, 1062, 2819, 1545, 1974, 2759], [2330, 2851, 1384, 1957, 1359, 1617, 3490, 2555, 1898, 2803, 1596, 961, 1051, 1617, 1658, 2041, 1143, 850, 1957, 451, 961, 1210, 2705, 1173, 2291, 0, 2590, 2185, 601, 1750, 1143, 1424, 2971, 1210, 913, 2867, 1486, 1083, 2373, 2271, 850, 1201, 2291, 1545, 2705, 3872, 2330], [4150, 4171, 2231, 3613, 3001, 4054, 3751, 4838, 1291, 336, 2231, 3372, 2959, 4185, 950, 2497, 1501, 3155, 4169, 2705, 2085, 3799, 336, 3566, 1757, 2590, 0, 1143, 2759, 4270, 1501, 3133, 2590, 3799, 2755, 809, 3901, 3607, 4580, 809, 1957, 2659, 2755, 2013, 336, 3613, 4150], [3165, 3079, 1283, 2625, 2090, 3796, 2621, 3987, 301, 1478, 1210, 2705, 2149, 3601, 876, 1384, 1486, 2956, 3321, 2106, 1351, 3332, 961, 2867, 619, 2185, 1143, 0, 2101, 3613, 1486, 3211, 1501, 3332, 1974, 809, 3183, 3001, 3706, 336, 1922, 2767, 1623, 2373, 961, 2555, 3165], [1757, 2251, 1007, 1359, 766, 1922, 2959, 2133, 1801, 3020, 1210, 619, 451, 1501, 1813, 1596, 1486, 1343, 1486, 151, 751, 1283, 2803, 809, 2041, 601, 2759, 2101, 0, 1531, 1486, 2002, 2582, 1283, 336, 2867, 1143, 901, 1910, 2271, 1343, 1801, 1807, 2090, 2803, 3402, 1757], [1623, 2461, 2406, 1711, 1711, 1501, 3751, 1062, 3315, 4513, 2569, 913, 1508, 301, 3321, 2803, 2886, 1750, 876, 1567, 2271, 809, 4330, 751, 3464, 1750, 4270, 3613, 1531, 0, 2886, 2484, 3796, 809, 1651, 4392, 475, 672, 1062, 3799, 2582, 2582, 2898, 3183, 4330, 4374, 1623], [3165, 3464, 1508, 2684, 2013, 2555, 3629, 3613, 1291, 1678, 1651, 2041, 1832, 2759, 672, 2106, 1, 1658, 2971, 1384, 1093, 2330, 1678, 2251, 1880, 1143, 1501, 1486, 1486, 2886, 0, 1750, 2759, 2330, 1623, 1951, 2582, 2216, 3395, 1416, 475, 1291, 2406, 950, 1678, 3796, 3165], [3604, 4225, 2755, 3315, 2767, 1291, 4905, 3512, 2978, 3208, 2959, 2106, 2443, 2216, 2420, 3425, 1750, 766, 3060, 1856, 2291, 1678, 3372, 2271, 3503, 1424, 3133, 3211, 2002, 2484, 1750, 0, 4291, 1678, 2330, 3691, 2475, 2002, 3422, 3165, 1291, 475, 3691, 1201, 3372, 5249, 3604], [2705, 2231, 1596, 2256, 2090, 4501, 1210, 3754, 1531, 2913, 1384, 3020, 2349, 3901, 2296, 1007, 2759, 3819, 3183, 2672, 2019, 3834, 2330, 3093, 913, 2971, 2590, 1501, 2582, 3796, 2759, 4291, 0, 3834, 2291, 1951, 3321, 3355, 3454, 1807, 3090, 3913, 913, 3706, 2330, 1062, 2705], [2185, 2956, 2286, 2085, 1807, 809, 4037, 1856, 3035, 4003, 2484, 850, 1501, 542, 2867, 2831, 2330, 961, 1508, 1238, 2002, 1, 3913, 876, 3321, 1210, 3799, 3332, 1283, 809, 2330, 1678, 3834, 0, 1545, 4054, 913, 542, 1807, 3454, 1951, 1807, 3001, 2461, 3913, 4573, 2185], [1545, 1957, 766, 1093, 451, 2231, 2625, 2085, 1678, 3038, 950, 766, 213, 1678, 1832, 1291, 1623, 1678, 1416, 475, 672, 1545, 2759, 901, 1826, 913, 2755, 1974, 336, 1651, 1623, 2330, 2291, 1545, 0, 2767, 1210, 1093, 1832, 2185, 1567, 2106, 1486, 2330, 2759, 3079, 1545], [3964, 3825, 2090, 3425, 2898, 4443, 3155, 4794, 1093, 1062, 2013, 3480, 2948, 4361, 1283, 2133, 1951, 3566, 4128, 2855, 2122, 4054, 475, 3651, 1274, 2867, 809, 809, 2867, 4392, 1951, 3691, 1951, 4054, 2767, 0, 3972, 3763, 4513, 601, 2424, 3222, 2334, 2672, 475, 2913, 3964], [1283, 2085, 1951, 1274, 1238, 1711, 3304, 1083, 2886, 4161, 2106, 542, 1051, 637, 2956, 2330, 2582, 1711, 601, 1210, 1856, 913, 3938, 336, 3005, 1486, 3901, 3183, 1143, 475, 2582, 2475, 3321, 913, 1210, 3972, 0, 475, 950, 3385, 2334, 2484, 2424, 3001, 3938, 3913, 1283], [1678, 2424, 1856, 1545, 1291, 1343, 3503, 1545, 2701, 3846, 2041, 336, 1007, 601, 2659, 2349, 2216, 1238, 1062, 913, 1651, 542, 3678, 336, 2913, 1083, 3607, 3001, 901, 672, 2216, 2002, 3355, 542, 1093, 3763, 475, 0, 1424, 3165, 1922, 2013, 2497, 2555, 3678, 4054, 1678], [809, 1623, 2424, 1201, 1617, 2555, 3093, 301, 3428, 4868, 2515, 1416, 1623, 1359, 3663, 2569, 3395, 2659, 425, 2019, 2497, 1807, 4563, 1210, 3385, 2373, 4580, 3706, 1910, 1062, 3395, 3422, 3454, 1807, 1832, 4513, 950, 1424, 0, 3961, 3211, 3428, 2551, 3913, 4563, 3796, 809], [3454, 3402, 1545, 2913, 2349, 3857, 2948, 4236, 542, 1143, 1501, 2886, 2373, 3763, 751, 1711, 1416, 2990, 3566, 2256, 1531, 3454, 637, 3060, 950, 2271, 809, 336, 2271, 3799, 1416, 3165, 1807, 3454, 2185, 601, 3385, 3165, 3961, 0, 1880, 2705, 1957, 2231, 637, 2851, 3454], [3093, 3503, 1678, 2659, 2002, 2101, 3857, 3402, 1698, 2106, 1856, 1807, 1757, 2420, 1143, 2330, 475, 1201, 2791, 1210, 1210, 1951, 2149, 2019, 2251, 850, 1957, 1922, 1343, 2582, 475, 1291, 3090, 1951, 1567, 2424, 2334, 1922, 3211, 1880, 0, 850, 2621, 766, 2149, 4098, 3093], [3503, 4051, 2424, 3155, 2555, 1617, 4602, 3557, 2547, 2738, 2621, 2041, 2251, 2344, 1957, 3093, 1291, 850, 3038, 1651, 1951, 1807, 2898, 2231, 3093, 1201, 2659, 2767, 1801, 2582, 1291, 475, 3913, 1807, 2106, 3222, 2484, 2013, 3428, 2705, 850, 0, 3372, 766, 2898, 4898, 3503], [1826, 1501, 950, 1351, 1210, 3715, 1238, 2851, 1478, 3090, 766, 2164, 1501, 3020, 2149, 301, 2406, 3122, 2271, 1922, 1424, 3001, 2582, 2216, 1062, 2291, 2755, 1623, 1807, 2898, 2406, 3691, 913, 3001, 1486, 2334, 2424, 2497, 2551, 1957, 2621, 3372, 0, 3332, 2582, 1596, 1826], [3846, 4267, 2406, 3422, 2767, 2373, 4563, 4081, 2216, 2041, 2569, 2497, 2515, 2978, 1501, 3035, 950, 1545, 3500, 1951, 1951, 2461, 2291, 2705, 2819, 1545, 2013, 2373, 2090, 3183, 950, 1201, 3706, 2461, 2330, 2672, 3001, 2555, 3913, 2231, 766, 766, 3332, 0, 2291, 4744, 3846], [4081, 4037, 2164, 3541, 2959, 4225, 3512, 4831, 1173, 601, 2133, 3422, 2956, 4267, 1051, 2344, 1678, 3332, 4161, 2767, 2090, 3913, 1, 3607, 1545, 2705, 336, 961, 2803, 4330, 1678, 3372, 2330, 3913, 2759, 475, 3938, 3678, 4563, 637, 2149, 2898, 2582, 2291, 0, 3332, 4081], [2990, 2271, 2497, 2684, 2767, 5304, 751, 4081, 2590, 3927, 2291, 3727, 3079, 4536, 3355, 1832, 3796, 4711, 3626, 3516, 2959, 4573, 3332, 3751, 1974, 3872, 3613, 2555, 3402, 4374, 3796, 5249, 1062, 4573, 3079, 2913, 3913, 4054, 3796, 2851, 4098, 4898, 1596, 4744, 3332, 0, 2990], [1, 850, 1922, 542, 1173, 2990, 2286, 1093, 2913, 4461, 1957, 1501, 1343, 1880, 3291, 1898, 3165, 2851, 751, 1898, 2133, 2185, 4081, 1359, 2759, 2330, 4150, 3165, 1757, 1623, 3165, 3604, 2705, 2185, 1545, 3964, 1283, 1678, 809, 3454, 3093, 3503, 1826, 3846, 4081, 2990, 0]], 'ttd': [[0, 425, 961, 271, 587, 1495, 1143, 547, 1457, 2231, 979, 751, 672, 941, 1646, 950, 1583, 1426, 376, 950, 1067, 1093, 2041, 680, 1380, 1165, 2075, 1583, 879, 812, 1583, 1803, 1353, 1093, 773, 1982, 642, 840, 405, 1728, 1547, 1752, 913, 1923, 2041, 1495, 1], [425, 0, 1007, 457, 755, 1882, 766, 941, 1442, 2251, 979, 1093, 901, 1353, 1713, 850, 1733, 1752, 798, 1201, 1187, 1478, 2019, 1046, 1278, 1426, 2086, 1540, 1126, 1231, 1733, 2113, 1116, 1478, 979, 1913, 1043, 1213, 812, 1701, 1752, 2026, 751, 2134, 2019, 1136, 425], [961, 1007, 0, 692, 405, 1457, 1093, 1353, 504, 1274, 107, 766, 451, 1222, 709, 336, 755, 1116, 1021, 542, 238, 1143, 1083, 829, 531, 692, 1116, 642, 504, 1203, 755, 1378, 798, 1143, 383, 1046, 976, 929, 1213, 773, 840, 1213, 475, 1203, 1083, 1249, 961], [271, 457, 692, 0, 336, 1444, 1021, 751, 1187, 1964, 709, 642, 457, 956, 1384, 692, 1343, 1296, 475, 755, 812, 1043, 1771, 606, 1116, 979, 1807, 1313, 680, 856, 1343, 1658, 1128, 1043, 547, 1713, 637, 773, 601, 1457, 1330, 1578, 676, 1711, 1771, 1343, 271], [587, 755, 405, 336, 0, 1278, 1126, 950, 907, 1653, 457, 481, 169, 907, 1062, 547, 1007, 1046, 619, 457, 481, 904, 1480, 504, 904, 680, 1501, 1046, 383, 856, 1007, 1384, 1046, 904, 226, 1449, 619, 646, 809, 1175, 1002, 1278, 606, 1384, 1480, 1384, 587], [1495, 1882, 1457, 1444, 1278, 0, 2402, 1278, 1757, 2102, 1562, 812, 1116, 601, 1592, 1758, 1278, 451, 1148, 916, 1276, 405, 2113, 840, 1947, 809, 2027, 1898, 961, 751, 1278, 646, 2251, 405, 1116, 2222, 856, 672, 1278, 1929, 1051, 809, 1858, 1187, 2113, 2653, 1495], [1143, 766, 1093, 1021, 1126, 2402, 0, 1686, 1285, 2041, 1002, 1596, 1291, 1970, 1653, 766, 1815, 2150, 1480, 1545, 1330, 2019, 1757, 1592, 1002, 1745, 1876, 1311, 1480, 1876, 1815, 2453, 606, 2019, 1313, 1578, 1653, 1752, 1547, 1475, 1929, 2302, 619, 2282, 1757, 376, 1143], [547, 941, 1353, 751, 950, 1278, 1686, 0, 1853, 2561, 1402, 798, 941, 680, 1957, 1434, 1807, 1380, 336, 1116, 1378, 929, 2416, 692, 1840, 1278, 2420, 1994, 1067, 531, 1807, 1757, 1877, 929, 1043, 2397, 542, 773, 151, 2118, 1701, 1779, 1426, 2041, 2416, 2041, 547], [1457, 1442, 504, 1187, 907, 1757, 1285, 1853, 0, 812, 481, 1203, 929, 1651, 383, 606, 646, 1343, 1520, 904, 526, 1518, 587, 1285, 310, 950, 646, 151, 901, 1658, 646, 1490, 766, 1518, 840, 547, 1444, 1351, 1715, 271, 850, 1274, 740, 1108, 587, 1296, 1457], [2231, 2251, 1274, 1964, 1653, 2102, 2041, 2561, 812, 0, 1278, 1813, 1623, 2207, 606, 1416, 840, 1653, 2227, 1478, 1187, 2002, 301, 1913, 1046, 1402, 169, 740, 1510, 2257, 840, 1604, 1457, 2002, 1520, 531, 2081, 1923, 2435, 572, 1054, 1370, 1545, 1021, 301, 1964, 2231], [979, 979, 107, 709, 457, 1562, 1002, 1402, 481, 1278, 0, 856, 531, 1311, 740, 238, 826, 1222, 1075, 646, 336, 1242, 1067, 913, 451, 798, 1116, 606, 606, 1285, 826, 1480, 692, 1242, 475, 1007, 1054, 1021, 1258, 751, 929, 1311, 383, 1285, 1067, 1146, 979], [751, 1093, 766, 642, 481, 812, 1596, 798, 1203, 1813, 856, 0, 336, 457, 1213, 1007, 1021, 676, 504, 336, 680, 425, 1711, 107, 1296, 481, 1686, 1353, 310, 457, 1021, 1054, 1510, 425, 383, 1741, 271, 169, 709, 1444, 904, 1021, 1083, 1249, 1711, 1864, 751], [672, 901, 451, 457, 169, 1116, 1291, 941, 929, 1623, 531, 336, 0, 784, 1021, 672, 916, 879, 606, 301, 438, 751, 1478, 383, 979, 526, 1480, 1075, 226, 755, 916, 1222, 1175, 751, 107, 1475, 526, 504, 812, 1187, 879, 1126, 751, 1258, 1478, 1540, 672], [941, 1353, 1222, 956, 907, 601, 1970, 680, 1651, 2207, 1311, 457, 784, 0, 1620, 1449, 1380, 751, 572, 755, 1126, 271, 2134, 405, 1752, 809, 2093, 1801, 751, 151, 1380, 1108, 1951, 271, 840, 2181, 319, 301, 680, 1882, 1210, 1173, 1510, 1490, 2134, 2268, 941], [1646, 1713, 709, 1384, 1062, 1592, 1653, 1957, 383, 606, 740, 1213, 1021, 1620, 0, 929, 336, 1148, 1623, 879, 587, 1434, 526, 1311, 692, 829, 475, 438, 907, 1661, 336, 1210, 1148, 1434, 916, 642, 1478, 1330, 1832, 376, 572, 979, 1075, 751, 526, 1678, 1646], [950, 850, 336, 692, 547, 1758, 766, 1434, 606, 1416, 238, 1007, 672, 1449, 929, 0, 1054, 1442, 1126, 850, 572, 1416, 1173, 1046, 438, 1021, 1249, 692, 798, 1402, 1054, 1713, 504, 1416, 646, 1067, 1165, 1175, 1285, 856, 1165, 1547, 151, 1518, 1173, 916, 950], [1583, 1733, 755, 1343, 1007, 1278, 1815, 1807, 646, 840, 826, 1021, 916, 1380, 336, 1054, 0, 829, 1486, 692, 547, 1165, 840, 1126, 941, 572, 751, 743, 743, 1444, 1, 876, 1380, 1165, 812, 976, 1291, 1108, 1698, 709, 238, 646, 1203, 475, 840, 1898, 1583], [1426, 1752, 1116, 1296, 1046, 451, 2150, 1380, 1343, 1653, 1222, 676, 879, 751, 1148, 1442, 829, 0, 1148, 606, 904, 481, 1666, 755, 1562, 425, 1578, 1478, 672, 876, 829, 383, 1910, 481, 840, 1784, 856, 619, 1330, 1495, 601, 425, 1562, 773, 1666, 2356, 1426], [376, 798, 1021, 475, 619, 1148, 1480, 336, 1520, 2227, 1075, 504, 606, 572, 1623, 1126, 1486, 1148, 0, 798, 1043, 755, 2081, 405, 1518, 979, 2085, 1661, 743, 438, 1486, 1531, 1592, 755, 709, 2065, 301, 531, 213, 1784, 1396, 1520, 1136, 1750, 2081, 1813, 376], [950, 1201, 542, 755, 457, 916, 1545, 1116, 904, 1478, 646, 336, 301, 755, 879, 850, 692, 606, 798, 0, 383, 619, 1384, 438, 1046, 226, 1353, 1054, 76, 784, 692, 929, 1336, 619, 238, 1428, 606, 457, 1010, 1128, 606, 826, 961, 976, 1384, 1758, 950], [1067, 1187, 238, 812, 481, 1276, 1330, 1378, 526, 1187, 336, 680, 438, 1126, 587, 572, 547, 904, 1043, 383, 0, 1002, 1046, 766, 672, 481, 1043, 676, 376, 1136, 547, 1146, 1010, 1002, 336, 1062, 929, 826, 1249, 766, 606, 976, 713, 976, 1046, 1480, 1067], [1093, 1478, 1143, 1043, 904, 405, 2019, 929, 1518, 2002, 1242, 425, 751, 271, 1434, 1416, 1165, 481, 755, 619, 1002, 0, 1957, 438, 1661, 606, 1900, 1666, 642, 405, 1165, 840, 1918, 1, 773, 2027, 457, 271, 904, 1728, 976, 904, 1501, 1231, 1957, 2287, 1093], [2041, 2019, 1083, 1771, 1480, 2113, 1757, 2416, 587, 301, 1067, 1711, 1478, 2134, 526, 1173, 840, 1666, 2081, 1384, 1046, 1957, 0, 1804, 773, 1353, 169, 481, 1402, 2166, 840, 1686, 1165, 1957, 1380, 238, 1970, 1840, 2282, 319, 1075, 1449, 1291, 1146, 1, 1666, 2041], [680, 1046, 829, 606, 504, 840, 1592, 692, 1285, 1913, 913, 107, 383, 405, 1311, 1046, 1126, 755, 405, 438, 766, 438, 1804, 0, 1359, 587, 1784, 1434, 405, 376, 1126, 1136, 1547, 438, 451, 1826, 169, 169, 606, 1531, 1010, 1116, 1108, 1353, 1804, 1876, 680], [1380, 1278, 531, 1116, 904, 1947, 1002, 1840, 310, 1046, 451, 1296, 979, 1752, 692, 438, 941, 1562, 1518, 1046, 672, 1661, 773, 1359, 0, 1146, 879, 310, 1021, 1733, 941, 1752, 457, 1661, 913, 637, 1503, 1457, 1693, 475, 1126, 1547, 531, 1410, 773, 987, 1380], [1165, 1426, 692, 979, 680, 809, 1745, 1278, 950, 1402, 798, 481, 526, 809, 829, 1021, 572, 425, 979, 226, 481, 606, 1353, 587, 1146, 0, 1296, 1093, 301, 876, 572, 713, 1486, 606, 457, 1434, 743, 542, 1187, 1136, 425, 601, 1146, 773, 1353, 1937, 1165], [2075, 2086, 1116, 1807, 1501, 2027, 1876, 2420, 646, 169, 1116, 1686, 1480, 2093, 475, 1249, 751, 1578, 2085, 1353, 1043, 1900, 169, 1784, 879, 1296, 0, 572, 1380, 2136, 751, 1567, 1296, 1900, 1378, 405, 1951, 1804, 2291, 405, 979, 1330, 1378, 1007, 169, 1807, 2075], [1583, 1540, 642, 1313, 1046, 1898, 1311, 1994, 151, 740, 606, 1353, 1075, 1801, 438, 692, 743, 1478, 1661, 1054, 676, 1666, 481, 1434, 310, 1093, 572, 0, 1051, 1807, 743, 1606, 751, 1666, 987, 405, 1592, 1501, 1853, 169, 961, 1384, 812, 1187, 481, 1278, 1583], [879, 1126, 504, 680, 383, 961, 1480, 1067, 901, 1510, 606, 310, 226, 751, 907, 798, 743, 672, 743, 76, 376, 642, 1402, 405, 1021, 301, 1380, 1051, 0, 766, 743, 1002, 1291, 642, 169, 1434, 572, 451, 956, 1136, 672, 901, 904, 1046, 1402, 1701, 879], [812, 1231, 1203, 856, 856, 751, 1876, 531, 1658, 2257, 1285, 457, 755, 151, 1661, 1402, 1444, 876, 438, 784, 1136, 405, 2166, 376, 1733, 876, 2136, 1807, 766, 0, 1444, 1242, 1898, 405, 826, 2197, 238, 336, 531, 1900, 1291, 1291, 1449, 1592, 2166, 2188, 812], [1583, 1733, 755, 1343, 1007, 1278, 1815, 1807, 646, 840, 826, 1021, 916, 1380, 336, 1054, 1, 829, 1486, 692, 547, 1165, 840, 1126, 941, 572, 751, 743, 743, 1444, 0, 876, 1380, 1165, 812, 976, 1291, 1108, 1698, 709, 238, 646, 1203, 475, 840, 1898, 1583], [1803, 2113, 1378, 1658, 1384, 646, 2453, 1757, 1490, 1604, 1480, 1054, 1222, 1108, 1210, 1713, 876, 383, 1531, 929, 1146, 840, 1686, 1136, 1752, 713, 1567, 1606, 1002, 1242, 876, 0, 2146, 840, 1165, 1846, 1238, 1002, 1711, 1583, 646, 238, 1846, 601, 1686, 2625, 1803], [1353, 1116, 798, 1128, 1046, 2251, 606, 1877, 766, 1457, 692, 1510, 1175, 1951, 1148, 504, 1380, 1910, 1592, 1336, 1010, 1918, 1165, 1547, 457, 1486, 1296, 751, 1291, 1898, 1380, 2146, 0, 1918, 1146, 976, 1661, 1678, 1728, 904, 1545, 1957, 457, 1853, 1165, 531, 1353], [1093, 1478, 1143, 1043, 904, 405, 2019, 929, 1518, 2002, 1242, 425, 751, 271, 1434, 1416, 1165, 481, 755, 619, 1002, 1, 1957, 438, 1661, 606, 1900, 1666, 642, 405, 1165, 840, 1918, 0, 773, 2027, 457, 271, 904, 1728, 976, 904, 1501, 1231, 1957, 2287, 1093], [773, 979, 383, 547, 226, 1116, 1313, 1043, 840, 1520, 475, 383, 107, 840, 916, 646, 812, 840, 709, 238, 336, 773, 1380, 451, 913, 457, 1378, 987, 169, 826, 812, 1165, 1146, 773, 0, 1384, 606, 547, 916, 1093, 784, 1054, 743, 1165, 1380, 1540, 773], [1982, 1913, 1046, 1713, 1449, 2222, 1578, 2397, 547, 531, 1007, 1741, 1475, 2181, 642, 1067, 976, 1784, 2065, 1428, 1062, 2027, 238, 1826, 637, 1434, 405, 405, 1434, 2197, 976, 1846, 976, 2027, 1384, 0, 1987, 1882, 2257, 301, 1213, 1611, 1168, 1336, 238, 1457, 1982], [642, 1043, 976, 637, 619, 856, 1653, 542, 1444, 2081, 1054, 271, 526, 319, 1478, 1165, 1291, 856, 301, 606, 929, 457, 1970, 169, 1503, 743, 1951, 1592, 572, 238, 1291, 1238, 1661, 457, 606, 1987, 0, 238, 475, 1693, 1168, 1242, 1213, 1501, 1970, 1957, 642], [840, 1213, 929, 773, 646, 672, 1752, 773, 1351, 1923, 1021, 169, 504, 301, 1330, 1175, 1108, 619, 531, 457, 826, 271, 1840, 169, 1457, 542, 1804, 1501, 451, 336, 1108, 1002, 1678, 271, 547, 1882, 238, 0, 713, 1583, 961, 1007, 1249, 1278, 1840, 2027, 840], [405, 812, 1213, 601, 809, 1278, 1547, 151, 1715, 2435, 1258, 709, 812, 680, 1832, 1285, 1698, 1330, 213, 1010, 1249, 904, 2282, 606, 1693, 1187, 2291, 1853, 956, 531, 1698, 1711, 1728, 904, 916, 2257, 475, 713, 0, 1981, 1606, 1715, 1276, 1957, 2282, 1898, 405], [1728, 1701, 773, 1457, 1175, 1929, 1475, 2118, 271, 572, 751, 1444, 1187, 1882, 376, 856, 709, 1495, 1784, 1128, 766, 1728, 319, 1531, 475, 1136, 405, 169, 1136, 1900, 709, 1583, 904, 1728, 1093, 301, 1693, 1583, 1981, 0, 941, 1353, 979, 1116, 319, 1426, 1728], [1547, 1752, 840, 1330, 1002, 1051, 1929, 1701, 850, 1054, 929, 904, 879, 1210, 572, 1165, 238, 601, 1396, 606, 606, 976, 1075, 1010, 1126, 425, 979, 961, 672, 1291, 238, 646, 1545, 976, 784, 1213, 1168, 961, 1606, 941, 0, 425, 1311, 383, 1075, 2049, 1547], [1752, 2026, 1213, 1578, 1278, 809, 2302, 1779, 1274, 1370, 1311, 1021, 1126, 1173, 979, 1547, 646, 425, 1520, 826, 976, 904, 1449, 1116, 1547, 601, 1330, 1384, 901, 1291, 646, 238, 1957, 904, 1054, 1611, 1242, 1007, 1715, 1353, 425, 0, 1686, 383, 1449, 2450, 1752], [913, 751, 475, 676, 606, 1858, 619, 1426, 740, 1545, 383, 1083, 751, 1510, 1075, 151, 1203, 1562, 1136, 961, 713, 1501, 1291, 1108, 531, 1146, 1378, 812, 904, 1449, 1203, 1846, 457, 1501, 743, 1168, 1213, 1249, 1276, 979, 1311, 1686, 0, 1666, 1291, 798, 913], [1923, 2134, 1203, 1711, 1384, 1187, 2282, 2041, 1108, 1021, 1285, 1249, 1258, 1490, 751, 1518, 475, 773, 1750, 976, 976, 1231, 1146, 1353, 1410, 773, 1007, 1187, 1046, 1592, 475, 601, 1853, 1231, 1165, 1336, 1501, 1278, 1957, 1116, 383, 383, 1666, 0, 1146, 2373, 1923], [2041, 2019, 1083, 1771, 1480, 2113, 1757, 2416, 587, 301, 1067, 1711, 1478, 2134, 526, 1173, 840, 1666, 2081, 1384, 1046, 1957, 1, 1804, 773, 1353, 169, 481, 1402, 2166, 840, 1686, 1165, 1957, 1380, 238, 1970, 1840, 2282, 319, 1075, 1449, 1291, 1146, 0, 1666, 2041], [1495, 1136, 1249, 1343, 1384, 2653, 376, 2041, 1296, 1964, 1146, 1864, 1540, 2268, 1678, 916, 1898, 2356, 1813, 1758, 1480, 2287, 1666, 1876, 987, 1937, 1807, 1278, 1701, 2188, 1898, 2625, 531, 2287, 1540, 1457, 1957, 2027, 1898, 1426, 2049, 2450, 798, 2373, 1666, 0, 1495], [1, 425, 961, 271, 587, 1495, 1143, 547, 1457, 2231, 979, 751, 672, 941, 1646, 950, 1583, 1426, 376, 950, 1067, 1093, 2041, 680, 1380, 1165, 2075, 1583, 879, 812, 1583, 1803, 1353, 1093, 773, 1982, 642, 840, 405, 1728, 1547, 1752, 913, 1923, 2041, 1495, 0]]}