{'nodes': [(0, 4.5, 0.5, 0, 48000, 0, False), (1, 8.5, 5.0, 13243, 18628, 20, True), (2, 8.5, 11.0, 30729, 39428, 50, True), (3, 4.5, 12.5, 26994, 33380, 50, True), (4, 3.0, 11.0, 1684, 10497, 40, True), (5, 2.5, 2.0, 38181, 44505, 10, True), (6, 7.5, 10.0, 36362, 40324, 20, True), (7, 3.0, 12.0, 37709, 45430, 50, True), (8, 8.5, 13.5, 5939, 10660, 50, True), (9, 2.0, 7.5, 9162, 15989, 20, False), (10, 0, 1.0, 11761, 20102, 40, True), (11, 1.0, 2.0, 34896, 42364, 40, True), (12, 10.5, 2.5, 23535, 30232, 20, True), (13, 0.5, 11.0, 41339, 45230, 50, True), (14, 4.5, 14.5, 32001, 37924, 30, True), (15, 11.0, 5.0, 3257, 7769, 10, False), (16, 13.0, 3.5, 23525, 32207, 30, True), (17, 4.0, 10.0, 2963, 10094, 10, True), (18, 14.5, 14.0, 32318, 40040, 50, True), (19, 14.0, 4.5, 0, 7660, 20, False), (20, 5.5, 10.0, 11198, 18050, 40, True), (21, 2.5, 3.0, 26819, 31942, 40, True), (22, 12.5, 13.0, 33998, 39828, 50, True), (23, 4.0, 0, 3131, 8956, 30, True), (24, 1.5, 4.5, 36318, 40969, 50, True), (25, 4.5, 9.0, 3535, 9800, 40, True), (26, 11.0, 1.5, 16498, 20865, 10, True), (27, 3.5, 2.0, 33670, 39912, 30, False), (28, 7.5, 8.5, 19351, 24806, 30, True), (29, 12.5, 6.5, 28472, 34451, 10, True), (30, 12.0, 0, 17180, 27973, 30, True), (31, 6.5, 6.5, 28512, 33667, 30, True), (32, 0, 12.5, 31857, 39600, 50, True), (33, 14.5, 10.5, 21381, 25042, 40, True), (34, 7.5, 6.5, 6844, 13804, 50, True), (35, 4.0, 2.0, 0, 5033, 30, True), (36, 3.0, 7.0, 18850, 25382, 50, True), (37, 14.5, 11.0, 10072, 15946, 20, True), (38, 13.0, 10.0, 12817, 19863, 50, True), (39, 2.5, 3.5, 6103, 14278, 20, True), (40, 2.5, 4.0, 4149, 15089, 50, True), (41, 12.5, 11.5, 41345, 44996, 40, True), (42, 9.0, 8.0, 13598, 20366, 50, True), (43, 14.5, 6.0, 36771, 45388, 50, True), (44, 6.5, 12.0, 1255, 8822, 10, True), (45, 14.0, 7.0, 20885, 29951, 50, True), (46, 4.5, 0.5, 0, 48000, 0, False)], 'F': 20.0, 'ct': 0.083, 'cd': 0.021, 'truck_cap': 100, 'drone_cap': 20, 'truck_speed': 40, 'drone_speed': 40, 'a': 1, 'b': 2, 'max_flight_time': 3000, 'ttt': [[0, 1807, 3372, 3601, 3183, 751, 2990, 3480, 4081, 2231, 1359, 1143, 1898, 3372, 4201, 2373, 2705, 2855, 5041, 3093, 2867, 961, 4453, 213, 1501, 2551, 1974, 542, 2564, 3001, 2256, 1898, 3846, 4244, 2013, 475, 2002, 4351, 3825, 1083, 1210, 4081, 2625, 3425, 3503, 3454, 1], [1807, 0, 1801, 2551, 2443, 2013, 1531, 2672, 2551, 2090, 2819, 2424, 961, 3001, 3093, 751, 1424, 2019, 3246, 1658, 1750, 1898, 2684, 2019, 2106, 1698, 1291, 1750, 1093, 1283, 1832, 751, 3402, 2443, 542, 1623, 1757, 2547, 2019, 1856, 1826, 2291, 913, 1826, 2185, 1757, 1807], [3372, 1801, 0, 1283, 1651, 3246, 425, 1678, 751, 2216, 3938, 3516, 2621, 2401, 1596, 1951, 2625, 1384, 2013, 2555, 950, 3001, 1343, 3566, 2867, 1343, 2948, 3090, 809, 1807, 3464, 1478, 2590, 1807, 1384, 3020, 2041, 1801, 1384, 2882, 2767, 1210, 913, 2344, 672, 2041, 3372], [3601, 2551, 1283, 0, 637, 3208, 1173, 475, 1238, 1678, 3706, 3321, 3500, 1283, 601, 2978, 3715, 766, 3035, 3727, 809, 2913, 2406, 3754, 2564, 1051, 3834, 3165, 1501, 3001, 4374, 1898, 1351, 3060, 2013, 3155, 1711, 3035, 2659, 2767, 2621, 2420, 1910, 3579, 619, 3294, 3601], [3183, 2443, 1651, 637, 0, 2705, 1384, 301, 1813, 1093, 3133, 2767, 3402, 751, 1143, 3001, 3751, 425, 3566, 3834, 809, 2406, 2913, 3315, 2002, 751, 3727, 2705, 1545, 3155, 4265, 1711, 1007, 3454, 1910, 2718, 1201, 3451, 3016, 2256, 2106, 2855, 2013, 3763, 1093, 3512, 3183], [751, 2013, 3246, 3208, 2705, 0, 2831, 3005, 3892, 1658, 809, 451, 2406, 2767, 3799, 2705, 3183, 2443, 5092, 3532, 2564, 301, 4461, 751, 809, 2185, 2555, 301, 2461, 3291, 2913, 1807, 3239, 4413, 2019, 451, 1508, 4501, 3961, 451, 601, 4139, 2655, 3796, 3232, 3763, 751], [2990, 1531, 425, 1173, 1384, 2831, 0, 1478, 1093, 1813, 3516, 3093, 2424, 2122, 1623, 1832, 2555, 1051, 2420, 2555, 601, 2582, 1750, 3179, 2443, 950, 2759, 2684, 451, 1832, 3291, 1093, 2373, 2106, 1051, 2621, 1623, 2122, 1651, 2461, 2344, 1567, 751, 2420, 672, 2149, 2990], [3480, 2672, 1678, 475, 301, 3005, 1478, 0, 1711, 1384, 3422, 3060, 3632, 809, 876, 3190, 3938, 672, 3503, 3995, 961, 2705, 2867, 3613, 2296, 1007, 3961, 3005, 1711, 3294, 4501, 1957, 913, 3480, 2133, 3016, 1501, 3464, 3060, 2555, 2406, 2855, 2164, 3892, 1051, 3626, 3480], [4081, 2551, 751, 1238, 1813, 3892, 1093, 1711, 0, 2655, 4536, 4120, 3355, 2515, 1238, 2659, 3291, 1711, 1807, 3165, 1384, 3629, 1210, 4270, 3422, 1807, 3678, 3763, 1531, 2420, 4185, 2185, 2569, 2013, 2122, 3706, 2555, 1951, 1711, 3500, 3372, 1343, 1658, 2882, 751, 2555, 4081], [2231, 2090, 2216, 1678, 1093, 1658, 1813, 1384, 2655, 0, 2041, 1678, 2959, 1143, 2231, 2803, 3512, 961, 4228, 3712, 1291, 1359, 3557, 2330, 913, 876, 3246, 1711, 1678, 3165, 3751, 1384, 1617, 3857, 1678, 1757, 336, 3895, 3385, 1210, 1062, 3372, 2106, 3778, 1910, 3604, 2231], [1359, 2819, 3938, 3706, 3133, 809, 3516, 3422, 4536, 2041, 0, 425, 3183, 3005, 4270, 3512, 3972, 2956, 5843, 4330, 3165, 961, 5199, 1238, 1143, 2755, 3304, 1093, 3183, 4098, 3613, 2555, 3451, 5201, 2791, 1238, 2013, 5285, 4744, 1062, 1173, 4898, 3422, 4602, 3834, 4570, 1359], [1143, 2424, 3516, 3321, 2767, 451, 3093, 3060, 4120, 1678, 425, 0, 2855, 2705, 3895, 3133, 3629, 2564, 5420, 3972, 2755, 542, 4775, 1083, 766, 2349, 3005, 751, 2759, 3706, 3355, 2133, 3165, 4787, 2373, 901, 1617, 4868, 4328, 637, 751, 4476, 3001, 4225, 3425, 4180, 1143], [1898, 961, 2621, 3500, 3402, 2406, 2424, 3632, 3355, 2959, 3183, 2855, 0, 3938, 4026, 766, 809, 2978, 3654, 1210, 2705, 2406, 3208, 2090, 2767, 2655, 336, 2106, 2013, 1343, 876, 1698, 4351, 2684, 1501, 1957, 2625, 2819, 2373, 2420, 2443, 2767, 1711, 1596, 3093, 1711, 1898], [3372, 3001, 2401, 1283, 751, 2767, 2122, 809, 2515, 1143, 3005, 2705, 3938, 0, 1596, 3629, 4374, 1093, 4296, 4496, 1531, 2475, 3651, 3464, 1974, 1343, 4249, 2847, 2231, 3846, 4775, 2251, 475, 4204, 2497, 2898, 1416, 4201, 3763, 2330, 2185, 3604, 2705, 4461, 1826, 4225, 3372], [4201, 3093, 1596, 601, 1143, 3799, 1623, 876, 1238, 2231, 4270, 3895, 4026, 1596, 0, 3454, 4171, 1359, 3005, 4139, 1384, 3503, 2443, 4354, 3133, 1651, 4361, 3763, 2013, 3395, 4898, 2475, 1478, 3232, 2564, 3754, 2296, 3179, 2886, 3355, 3208, 2564, 2373, 3938, 961, 3632, 4201], [2373, 751, 1951, 2978, 3001, 2705, 1832, 3190, 2659, 2803, 3512, 3133, 766, 3629, 3454, 0, 751, 2582, 2898, 913, 2231, 2621, 2443, 2582, 2855, 2291, 1051, 2424, 1486, 637, 1531, 1424, 3995, 1957, 1143, 2286, 2475, 2085, 1617, 2590, 2569, 2002, 1083, 1093, 2497, 1083, 2373], [2705, 1424, 2625, 3715, 3751, 3183, 2555, 3938, 3291, 3512, 3972, 3629, 809, 4374, 4171, 751, 0, 3332, 3183, 425, 2978, 3155, 2855, 2898, 3464, 3038, 850, 2886, 2231, 913, 1093, 2149, 4744, 2149, 1880, 2738, 3179, 2296, 1951, 3151, 3155, 2406, 1807, 876, 3211, 1093, 2705], [2855, 2019, 1384, 766, 425, 2443, 1051, 672, 1711, 961, 2956, 2564, 2978, 1093, 1359, 2582, 3332, 0, 3372, 3425, 451, 2149, 2705, 3001, 1813, 336, 3304, 2406, 1143, 2759, 3843, 1291, 1416, 3155, 1486, 2401, 950, 3165, 2701, 2002, 1856, 2590, 1617, 3372, 961, 3133, 2855], [5041, 3246, 2013, 3035, 3566, 5092, 2420, 3503, 1807, 4228, 5843, 5420, 3654, 4296, 3005, 2898, 3183, 3372, 0, 2855, 2956, 4885, 672, 5251, 4831, 3355, 3895, 4885, 2672, 2330, 4267, 3291, 4374, 1051, 3079, 4785, 4040, 901, 1283, 4785, 4687, 961, 2443, 2401, 2475, 2106, 5041], [3093, 1658, 2555, 3727, 3834, 3532, 2555, 3995, 3165, 3712, 4330, 3972, 1210, 4496, 4139, 913, 425, 3425, 2855, 0, 3038, 3480, 2590, 3291, 3751, 3155, 1274, 3239, 2291, 751, 1478, 2330, 4838, 1807, 2041, 3093, 3385, 1957, 1678, 3464, 3454, 2149, 1832, 475, 3183, 751, 3093], [2867, 1750, 950, 809, 809, 2564, 601, 961, 1384, 1291, 3165, 2755, 2705, 1531, 1384, 2231, 2978, 451, 2956, 3038, 0, 2286, 2286, 3035, 2041, 425, 3038, 2475, 751, 2349, 3579, 1093, 1813, 2705, 1210, 2443, 1173, 2718, 2251, 2149, 2013, 2149, 1210, 2956, 672, 2705, 2867], [961, 1898, 3001, 2913, 2406, 301, 2582, 2705, 3629, 1359, 961, 542, 2406, 2475, 3503, 2621, 3155, 2149, 4885, 3480, 2286, 0, 4244, 1007, 542, 1898, 2590, 425, 2231, 3179, 2990, 1596, 2948, 4246, 1832, 542, 1210, 4328, 3787, 151, 301, 3938, 2461, 3712, 2956, 3654, 961], [4453, 2684, 1343, 2406, 2913, 4461, 1750, 2867, 1210, 3557, 5199, 4775, 3208, 3651, 2443, 2443, 2855, 2705, 672, 2590, 2286, 4244, 0, 4661, 4171, 2684, 3480, 4265, 2019, 1951, 3904, 2655, 3754, 961, 2461, 4171, 3372, 850, 913, 4139, 4037, 451, 1832, 2185, 1826, 1856, 4453], [213, 2019, 3566, 3754, 3315, 751, 3179, 3613, 4270, 2330, 1238, 1083, 2090, 3464, 4354, 2582, 2898, 3001, 5251, 3291, 3035, 1007, 4661, 0, 1545, 2705, 2149, 619, 2759, 3211, 2401, 2090, 3938, 4456, 2216, 601, 2122, 4563, 4037, 1143, 1283, 4291, 2831, 3629, 3678, 3663, 213], [1501, 2106, 2867, 2564, 2002, 809, 2443, 2296, 3422, 913, 1143, 766, 2767, 1974, 3133, 2855, 3464, 1813, 4831, 3751, 2041, 542, 4171, 1545, 0, 1623, 2990, 961, 2164, 3355, 3428, 1617, 2443, 4296, 1898, 1062, 876, 4361, 3825, 425, 336, 3913, 2484, 3927, 2705, 3825, 1501], [2551, 1698, 1343, 1051, 751, 2185, 950, 1007, 1807, 876, 2755, 2349, 2655, 1343, 1651, 2291, 3038, 336, 3355, 3155, 425, 1898, 2684, 2705, 1623, 0, 2978, 2122, 913, 2515, 3516, 961, 1711, 3035, 1173, 2106, 751, 3060, 2569, 1757, 1617, 2515, 1384, 3133, 1083, 2913, 2551], [1974, 1291, 2948, 3834, 3727, 2555, 2759, 3961, 3678, 3246, 3304, 3005, 336, 4249, 4361, 1051, 850, 3304, 3895, 1274, 3038, 2590, 3480, 2149, 2990, 2978, 0, 2256, 2349, 1567, 542, 2019, 4668, 2898, 1832, 2106, 2913, 3038, 2621, 2621, 2659, 3035, 2041, 1711, 3428, 1880, 1974], [542, 1750, 3090, 3165, 2705, 301, 2684, 3005, 3763, 1711, 1093, 751, 2106, 2847, 3763, 2424, 2886, 2406, 4885, 3239, 2475, 425, 4265, 619, 961, 2122, 2256, 0, 2291, 3020, 2621, 1623, 3321, 4171, 1807, 151, 1508, 4265, 3727, 542, 672, 3927, 2443, 3512, 3133, 3490, 542], [2564, 1093, 809, 1501, 1545, 2461, 451, 1711, 1531, 1678, 3183, 2759, 2013, 2231, 2013, 1486, 2231, 1143, 2672, 2291, 751, 2231, 2019, 2759, 2164, 913, 2349, 2291, 0, 1617, 2886, 672, 2551, 2185, 601, 2216, 1424, 2231, 1711, 2122, 2019, 1750, 475, 2231, 1093, 2002, 2564], [3001, 1283, 1807, 3001, 3155, 3291, 1832, 3294, 2420, 3165, 4098, 3706, 1343, 3846, 3395, 637, 913, 2759, 2330, 751, 2349, 3179, 1951, 3211, 3355, 2515, 1567, 3020, 1617, 0, 1957, 1801, 4161, 1343, 1501, 2886, 2855, 1478, 1062, 3133, 3093, 1501, 1143, 619, 2443, 475, 3001], [2256, 1832, 3464, 4374, 4265, 2913, 3291, 4501, 4185, 3751, 3613, 3355, 876, 4775, 4898, 1531, 1093, 3843, 4267, 1478, 3579, 2990, 3904, 2401, 3428, 3516, 542, 2621, 2886, 1957, 0, 2555, 5199, 3239, 2373, 2475, 3422, 3385, 3016, 3038, 3093, 3454, 2564, 1951, 3961, 2185, 2256], [1898, 751, 1478, 1898, 1711, 1807, 1093, 1957, 2185, 1384, 2555, 2133, 1698, 2251, 2475, 1424, 2149, 1291, 3291, 2330, 1093, 1596, 2655, 2090, 1617, 961, 2019, 1623, 672, 1801, 2555, 0, 2655, 2684, 301, 1545, 1062, 2755, 2216, 1501, 1416, 2344, 876, 2406, 1651, 2256, 1898], [3846, 3402, 2590, 1351, 1007, 3239, 2373, 913, 2569, 1617, 3451, 3165, 4351, 475, 1478, 3995, 4744, 1416, 4374, 4838, 1813, 2948, 3754, 3938, 2443, 1711, 4668, 3321, 2551, 4161, 5199, 2655, 0, 4392, 2882, 3372, 1880, 4374, 3972, 2803, 2659, 3763, 3020, 4768, 1957, 4513, 3846], [4244, 2443, 1807, 3060, 3454, 4413, 2106, 3480, 2013, 3857, 5201, 4787, 2684, 4204, 3232, 1957, 2149, 3155, 1051, 1807, 2705, 4246, 961, 4456, 4296, 3035, 2898, 4171, 2185, 1343, 3239, 2684, 4392, 0, 2420, 4054, 3607, 151, 475, 4169, 4095, 672, 1813, 1351, 2443, 1062, 4244], [2013, 542, 1384, 2013, 1910, 2019, 1051, 2133, 2122, 1678, 2791, 2373, 1501, 2497, 2564, 1143, 1880, 1486, 3079, 2041, 1210, 1832, 2461, 2216, 1898, 1173, 1832, 1807, 601, 1501, 2373, 301, 2882, 2420, 0, 1711, 1359, 2497, 1957, 1750, 1678, 2122, 637, 2106, 1678, 1957, 2013], [475, 1623, 3020, 3155, 2718, 451, 2621, 3016, 3706, 1757, 1238, 901, 1957, 2898, 3754, 2286, 2738, 2401, 4785, 3093, 2443, 542, 4171, 601, 1062, 2106, 2106, 151, 2216, 2886, 2475, 1545, 3372, 4054, 1711, 0, 1531, 4150, 3613, 637, 751, 3825, 2344, 3372, 3093, 3355, 475], [2002, 1757, 2041, 1711, 1201, 1508, 1623, 1501, 2555, 336, 2013, 1617, 2625, 1416, 2296, 2475, 3179, 950, 4040, 3385, 1173, 1210, 3372, 2122, 876, 751, 2913, 1508, 1424, 2855, 3422, 1062, 1880, 3607, 1359, 1531, 0, 3654, 3133, 1062, 913, 3155, 1826, 3464, 1832, 3301, 2002], [4351, 2547, 1801, 3035, 3451, 4501, 2122, 3464, 1951, 3895, 5285, 4868, 2819, 4201, 3179, 2085, 2296, 3165, 901, 1957, 2718, 4328, 850, 4563, 4361, 3060, 3038, 4265, 2231, 1478, 3385, 2755, 4374, 151, 2497, 4150, 3654, 0, 542, 4246, 4169, 619, 1880, 1501, 2420, 1210, 4351], [3825, 2019, 1384, 2659, 3016, 3961, 1651, 3060, 1711, 3385, 4744, 4328, 2373, 3763, 2886, 1617, 1951, 2701, 1283, 1678, 2251, 3787, 913, 4037, 3825, 2569, 2621, 3727, 1711, 1062, 3016, 2216, 3972, 475, 1957, 3613, 3133, 542, 0, 3706, 3629, 475, 1343, 1283, 2041, 950, 3825], [1083, 1856, 2882, 2767, 2256, 451, 2461, 2555, 3500, 1210, 1062, 637, 2420, 2330, 3355, 2590, 3151, 2002, 4785, 3464, 2149, 151, 4139, 1143, 425, 1757, 2621, 542, 2122, 3133, 3038, 1501, 2803, 4169, 1750, 637, 1062, 4246, 3706, 0, 151, 3843, 2373, 3678, 2819, 3607, 1083], [1210, 1826, 2767, 2621, 2106, 601, 2344, 2406, 3372, 1062, 1173, 751, 2443, 2185, 3208, 2569, 3155, 1856, 4687, 3454, 2013, 301, 4037, 1283, 336, 1617, 2659, 672, 2019, 3093, 3093, 1416, 2659, 4095, 1678, 751, 913, 4169, 3629, 151, 0, 3751, 2291, 3651, 2684, 3566, 1210], [4081, 2291, 1210, 2420, 2855, 4139, 1567, 2855, 1343, 3372, 4898, 4476, 2767, 3604, 2564, 2002, 2406, 2590, 961, 2149, 2149, 3938, 451, 4291, 3913, 2515, 3035, 3927, 1750, 1501, 3454, 2344, 3763, 672, 2122, 3825, 3155, 619, 475, 3843, 3751, 0, 1486, 1757, 1807, 1424, 4081], [2625, 913, 913, 1910, 2013, 2655, 751, 2164, 1658, 2106, 3422, 3001, 1711, 2705, 2373, 1083, 1807, 1617, 2443, 1832, 1210, 2461, 1832, 2831, 2484, 1384, 2041, 2443, 475, 1143, 2564, 876, 3020, 1813, 637, 2344, 1826, 1880, 1343, 2373, 2291, 1486, 0, 1757, 1416, 1531, 2625], [3425, 1826, 2344, 3579, 3763, 3796, 2420, 3892, 2882, 3778, 4602, 4225, 1596, 4461, 3938, 1093, 876, 3372, 2401, 475, 2956, 3712, 2185, 3629, 3927, 3133, 1711, 3512, 2231, 619, 1951, 2406, 4768, 1351, 2106, 3372, 3464, 1501, 1283, 3678, 3651, 1757, 1757, 0, 3001, 336, 3425], [3503, 2185, 672, 619, 1093, 3232, 672, 1051, 751, 1910, 3834, 3425, 3093, 1826, 961, 2497, 3211, 961, 2475, 3183, 672, 2956, 1826, 3678, 2705, 1083, 3428, 3133, 1093, 2443, 3961, 1651, 1957, 2443, 1678, 3093, 1832, 2420, 2041, 2819, 2684, 1807, 1416, 3001, 0, 2705, 3503], [3454, 1757, 2041, 3294, 3512, 3763, 2149, 3626, 2555, 3604, 4570, 4180, 1711, 4225, 3632, 1083, 1093, 3133, 2106, 751, 2705, 3654, 1856, 3663, 3825, 2913, 1880, 3490, 2002, 475, 2185, 2256, 4513, 1062, 1957, 3355, 3301, 1210, 950, 3607, 3566, 1424, 1531, 336, 2705, 0, 3454], [1, 1807, 3372, 3601, 3183, 751, 2990, 3480, 4081, 2231, 1359, 1143, 1898, 3372, 4201, 2373, 2705, 2855, 5041, 3093, 2867, 961, 4453, 213, 1501, 2551, 1974, 542, 2564, 3001, 2256, 1898, 3846, 4244, 2013, 475, 2002, 4351, 3825, 1083, 1210, 4081, 2625, 3425, 3503, 3454, 0]], 'ttd': [[0, 904, 1686, 1801, 1592, 376, 1495, 1741, 2041, 1116, 680, 572, 950, 1686, 2101, 1187, 1353, 1428, 2521, 1547, 1434, 481, 2227, 107, 751, 1276, 987, 271, 1283, 1501, 1128, 950, 1923, 2122, 1007, 238, 1002, 2176, 1913, 542, 606, 2041, 1313, 1713, 1752, 1728, 1], [904, 0, 901, 1276, 1222, 1007, 766, 1336, 1276, 1046, 1410, 1213, 481, 1501, 1547, 376, 713, 1010, 1623, 829, 876, 950, 1343, 1010, 1054, 850, 646, 876, 547, 642, 916, 376, 1701, 1222, 271, 812, 879, 1274, 1010, 929, 913, 1146, 457, 913, 1093, 879, 904], [1686, 901, 0, 642, 826, 1623, 213, 840, 376, 1108, 1970, 1758, 1311, 1201, 798, 976, 1313, 692, 1007, 1278, 475, 1501, 672, 1784, 1434, 672, 1475, 1545, 405, 904, 1733, 740, 1296, 904, 692, 1510, 1021, 901, 692, 1442, 1384, 606, 457, 1173, 336, 1021, 1686], [1801, 1276, 642, 0, 319, 1604, 587, 238, 619, 840, 1853, 1661, 1750, 642, 301, 1490, 1858, 383, 1518, 1864, 405, 1457, 1203, 1877, 1283, 526, 1918, 1583, 751, 1501, 2188, 950, 676, 1531, 1007, 1578, 856, 1518, 1330, 1384, 1311, 1210, 956, 1790, 310, 1648, 1801], [1592, 1222, 826, 319, 0, 1353, 692, 151, 907, 547, 1567, 1384, 1701, 376, 572, 1501, 1876, 213, 1784, 1918, 405, 1203, 1457, 1658, 1002, 376, 1864, 1353, 773, 1578, 2133, 856, 504, 1728, 956, 1359, 601, 1726, 1508, 1128, 1054, 1428, 1007, 1882, 547, 1757, 1592], [376, 1007, 1623, 1604, 1353, 0, 1416, 1503, 1947, 829, 405, 226, 1203, 1384, 1900, 1353, 1592, 1222, 2547, 1766, 1283, 151, 2231, 376, 405, 1093, 1278, 151, 1231, 1646, 1457, 904, 1620, 2207, 1010, 226, 755, 2251, 1981, 226, 301, 2070, 1328, 1898, 1617, 1882, 376], [1495, 766, 213, 587, 692, 1416, 0, 740, 547, 907, 1758, 1547, 1213, 1062, 812, 916, 1278, 526, 1210, 1278, 301, 1291, 876, 1590, 1222, 475, 1380, 1343, 226, 916, 1646, 547, 1187, 1054, 526, 1311, 812, 1062, 826, 1231, 1173, 784, 376, 1210, 336, 1075, 1495], [1741, 1336, 840, 238, 151, 1503, 740, 0, 856, 692, 1711, 1531, 1817, 405, 438, 1596, 1970, 336, 1752, 1998, 481, 1353, 1434, 1807, 1148, 504, 1981, 1503, 856, 1648, 2251, 979, 457, 1741, 1067, 1508, 751, 1733, 1531, 1278, 1203, 1428, 1083, 1947, 526, 1813, 1741], [2041, 1276, 376, 619, 907, 1947, 547, 856, 0, 1328, 2268, 2060, 1678, 1258, 619, 1330, 1646, 856, 904, 1583, 692, 1815, 606, 2136, 1711, 904, 1840, 1882, 766, 1210, 2093, 1093, 1285, 1007, 1062, 1853, 1278, 976, 856, 1750, 1686, 672, 829, 1442, 376, 1278, 2041], [1116, 1046, 1108, 840, 547, 829, 907, 692, 1328, 0, 1021, 840, 1480, 572, 1116, 1402, 1757, 481, 2114, 1856, 646, 680, 1779, 1165, 457, 438, 1623, 856, 840, 1583, 1876, 692, 809, 1929, 840, 879, 169, 1948, 1693, 606, 531, 1686, 1054, 1889, 956, 1803, 1116], [680, 1410, 1970, 1853, 1567, 405, 1758, 1711, 2268, 1021, 0, 213, 1592, 1503, 2136, 1757, 1987, 1478, 2922, 2166, 1583, 481, 2600, 619, 572, 1378, 1653, 547, 1592, 2049, 1807, 1278, 1726, 2601, 1396, 619, 1007, 2643, 2373, 531, 587, 2450, 1711, 2302, 1918, 2286, 680], [572, 1213, 1758, 1661, 1384, 226, 1547, 1531, 2060, 840, 213, 0, 1428, 1353, 1948, 1567, 1815, 1283, 2710, 1987, 1378, 271, 2388, 542, 383, 1175, 1503, 376, 1380, 1853, 1678, 1067, 1583, 2394, 1187, 451, 809, 2435, 2164, 319, 376, 2238, 1501, 2113, 1713, 2090, 572], [950, 481, 1311, 1750, 1701, 1203, 1213, 1817, 1678, 1480, 1592, 1428, 0, 1970, 2013, 383, 405, 1490, 1827, 606, 1353, 1203, 1604, 1046, 1384, 1328, 169, 1054, 1007, 672, 438, 850, 2176, 1343, 751, 979, 1313, 1410, 1187, 1210, 1222, 1384, 856, 798, 1547, 856, 950], [1686, 1501, 1201, 642, 376, 1384, 1062, 405, 1258, 572, 1503, 1353, 1970, 0, 798, 1815, 2188, 547, 2149, 2248, 766, 1238, 1826, 1733, 987, 672, 2125, 1424, 1116, 1923, 2388, 1126, 238, 2102, 1249, 1449, 709, 2101, 1882, 1165, 1093, 1803, 1353, 2231, 913, 2113, 1686], [2101, 1547, 798, 301, 572, 1900, 812, 438, 619, 1116, 2136, 1948, 2013, 798, 0, 1728, 2086, 680, 1503, 2070, 692, 1752, 1222, 2177, 1567, 826, 2181, 1882, 1007, 1698, 2450, 1238, 740, 1617, 1283, 1877, 1148, 1590, 1444, 1678, 1604, 1283, 1187, 1970, 481, 1817, 2101], [1187, 376, 976, 1490, 1501, 1353, 916, 1596, 1330, 1402, 1757, 1567, 383, 1815, 1728, 0, 376, 1291, 1449, 457, 1116, 1311, 1222, 1291, 1428, 1146, 526, 1213, 743, 319, 766, 713, 1998, 979, 572, 1143, 1238, 1043, 809, 1296, 1285, 1002, 542, 547, 1249, 542, 1187], [1353, 713, 1313, 1858, 1876, 1592, 1278, 1970, 1646, 1757, 1987, 1815, 405, 2188, 2086, 376, 0, 1666, 1592, 213, 1490, 1578, 1428, 1449, 1733, 1520, 425, 1444, 1116, 457, 547, 1075, 2373, 1075, 941, 1370, 1590, 1148, 976, 1576, 1578, 1203, 904, 438, 1606, 547, 1353], [1428, 1010, 692, 383, 213, 1222, 526, 336, 856, 481, 1478, 1283, 1490, 547, 680, 1291, 1666, 0, 1686, 1713, 226, 1075, 1353, 1501, 907, 169, 1653, 1203, 572, 1380, 1922, 646, 709, 1578, 743, 1201, 475, 1583, 1351, 1002, 929, 1296, 809, 1686, 481, 1567, 1428], [2521, 1623, 1007, 1518, 1784, 2547, 1210, 1752, 904, 2114, 2922, 2710, 1827, 2149, 1503, 1449, 1592, 1686, 0, 1428, 1478, 2443, 336, 2626, 2416, 1678, 1948, 2443, 1336, 1165, 2134, 1646, 2188, 526, 1540, 2393, 2020, 451, 642, 2393, 2344, 481, 1222, 1201, 1238, 1054, 2521], [1547, 829, 1278, 1864, 1918, 1766, 1278, 1998, 1583, 1856, 2166, 1987, 606, 2248, 2070, 457, 213, 1713, 1428, 0, 1520, 1741, 1296, 1646, 1876, 1578, 637, 1620, 1146, 376, 740, 1165, 2420, 904, 1021, 1547, 1693, 979, 840, 1733, 1728, 1075, 916, 238, 1592, 376, 1547], [1434, 876, 475, 405, 405, 1283, 301, 481, 692, 646, 1583, 1378, 1353, 766, 692, 1116, 1490, 226, 1478, 1520, 0, 1143, 1143, 1518, 1021, 213, 1520, 1238, 376, 1175, 1790, 547, 907, 1353, 606, 1222, 587, 1359, 1126, 1075, 1007, 1075, 606, 1478, 336, 1353, 1434], [481, 950, 1501, 1457, 1203, 151, 1291, 1353, 1815, 680, 481, 271, 1203, 1238, 1752, 1311, 1578, 1075, 2443, 1741, 1143, 0, 2122, 504, 271, 950, 1296, 213, 1116, 1590, 1495, 798, 1475, 2124, 916, 271, 606, 2164, 1894, 76, 151, 1970, 1231, 1856, 1478, 1827, 481], [2227, 1343, 672, 1203, 1457, 2231, 876, 1434, 606, 1779, 2600, 2388, 1604, 1826, 1222, 1222, 1428, 1353, 336, 1296, 1143, 2122, 0, 2331, 2086, 1343, 1741, 2133, 1010, 976, 1952, 1328, 1877, 481, 1231, 2086, 1686, 425, 457, 2070, 2019, 226, 916, 1093, 913, 929, 2227], [107, 1010, 1784, 1877, 1658, 376, 1590, 1807, 2136, 1165, 619, 542, 1046, 1733, 2177, 1291, 1449, 1501, 2626, 1646, 1518, 504, 2331, 0, 773, 1353, 1075, 310, 1380, 1606, 1201, 1046, 1970, 2228, 1108, 301, 1062, 2282, 2019, 572, 642, 2146, 1416, 1815, 1840, 1832, 107], [751, 1054, 1434, 1283, 1002, 405, 1222, 1148, 1711, 457, 572, 383, 1384, 987, 1567, 1428, 1733, 907, 2416, 1876, 1021, 271, 2086, 773, 0, 812, 1495, 481, 1083, 1678, 1715, 809, 1222, 2149, 950, 531, 438, 2181, 1913, 213, 169, 1957, 1242, 1964, 1353, 1913, 751], [1276, 850, 672, 526, 376, 1093, 475, 504, 904, 438, 1378, 1175, 1328, 672, 826, 1146, 1520, 169, 1678, 1578, 213, 950, 1343, 1353, 812, 0, 1490, 1062, 457, 1258, 1758, 481, 856, 1518, 587, 1054, 376, 1531, 1285, 879, 809, 1258, 692, 1567, 542, 1457, 1276], [987, 646, 1475, 1918, 1864, 1278, 1380, 1981, 1840, 1623, 1653, 1503, 169, 2125, 2181, 526, 425, 1653, 1948, 637, 1520, 1296, 1741, 1075, 1495, 1490, 0, 1128, 1175, 784, 271, 1010, 2334, 1449, 916, 1054, 1457, 1520, 1311, 1311, 1330, 1518, 1021, 856, 1715, 941, 987], [271, 876, 1545, 1583, 1353, 151, 1343, 1503, 1882, 856, 547, 376, 1054, 1424, 1882, 1213, 1444, 1203, 2443, 1620, 1238, 213, 2133, 310, 481, 1062, 1128, 0, 1146, 1510, 1311, 812, 1661, 2086, 904, 76, 755, 2133, 1864, 271, 336, 1964, 1222, 1757, 1567, 1745, 271], [1283, 547, 405, 751, 773, 1231, 226, 856, 766, 840, 1592, 1380, 1007, 1116, 1007, 743, 1116, 572, 1336, 1146, 376, 1116, 1010, 1380, 1083, 457, 1175, 1146, 0, 809, 1444, 336, 1276, 1093, 301, 1108, 713, 1116, 856, 1062, 1010, 876, 238, 1116, 547, 1002, 1283], [1501, 642, 904, 1501, 1578, 1646, 916, 1648, 1210, 1583, 2049, 1853, 672, 1923, 1698, 319, 457, 1380, 1165, 376, 1175, 1590, 976, 1606, 1678, 1258, 784, 1510, 809, 0, 979, 901, 2081, 672, 751, 1444, 1428, 740, 531, 1567, 1547, 751, 572, 310, 1222, 238, 1501], [1128, 916, 1733, 2188, 2133, 1457, 1646, 2251, 2093, 1876, 1807, 1678, 438, 2388, 2450, 766, 547, 1922, 2134, 740, 1790, 1495, 1952, 1201, 1715, 1758, 271, 1311, 1444, 979, 0, 1278, 2600, 1620, 1187, 1238, 1711, 1693, 1508, 1520, 1547, 1728, 1283, 976, 1981, 1093, 1128], [950, 376, 740, 950, 856, 904, 547, 979, 1093, 692, 1278, 1067, 850, 1126, 1238, 713, 1075, 646, 1646, 1165, 547, 798, 1328, 1046, 809, 481, 1010, 812, 336, 901, 1278, 0, 1328, 1343, 151, 773, 531, 1378, 1108, 751, 709, 1173, 438, 1203, 826, 1128, 950], [1923, 1701, 1296, 676, 504, 1620, 1187, 457, 1285, 809, 1726, 1583, 2176, 238, 740, 1998, 2373, 709, 2188, 2420, 907, 1475, 1877, 1970, 1222, 856, 2334, 1661, 1276, 2081, 2600, 1328, 0, 2197, 1442, 1686, 941, 2188, 1987, 1402, 1330, 1882, 1510, 2385, 979, 2257, 1923], [2122, 1222, 904, 1531, 1728, 2207, 1054, 1741, 1007, 1929, 2601, 2394, 1343, 2102, 1617, 979, 1075, 1578, 526, 904, 1353, 2124, 481, 2228, 2149, 1518, 1449, 2086, 1093, 672, 1620, 1343, 2197, 0, 1210, 2027, 1804, 76, 238, 2085, 2048, 336, 907, 676, 1222, 531, 2122], [1007, 271, 692, 1007, 956, 1010, 526, 1067, 1062, 840, 1396, 1187, 751, 1249, 1283, 572, 941, 743, 1540, 1021, 606, 916, 1231, 1108, 950, 587, 916, 904, 301, 751, 1187, 151, 1442, 1210, 0, 856, 680, 1249, 979, 876, 840, 1062, 319, 1054, 840, 979, 1007], [238, 812, 1510, 1578, 1359, 226, 1311, 1508, 1853, 879, 619, 451, 979, 1449, 1877, 1143, 1370, 1201, 2393, 1547, 1222, 271, 2086, 301, 531, 1054, 1054, 76, 1108, 1444, 1238, 773, 1686, 2027, 856, 0, 766, 2075, 1807, 319, 376, 1913, 1173, 1686, 1547, 1678, 238], [1002, 879, 1021, 856, 601, 755, 812, 751, 1278, 169, 1007, 809, 1313, 709, 1148, 1238, 1590, 475, 2020, 1693, 587, 606, 1686, 1062, 438, 376, 1457, 755, 713, 1428, 1711, 531, 941, 1804, 680, 766, 0, 1827, 1567, 531, 457, 1578, 913, 1733, 916, 1651, 1002], [2176, 1274, 901, 1518, 1726, 2251, 1062, 1733, 976, 1948, 2643, 2435, 1410, 2101, 1590, 1043, 1148, 1583, 451, 979, 1359, 2164, 425, 2282, 2181, 1531, 1520, 2133, 1116, 740, 1693, 1378, 2188, 76, 1249, 2075, 1827, 0, 271, 2124, 2085, 310, 941, 751, 1210, 606, 2176], [1913, 1010, 692, 1330, 1508, 1981, 826, 1531, 856, 1693, 2373, 2164, 1187, 1882, 1444, 809, 976, 1351, 642, 840, 1126, 1894, 457, 2019, 1913, 1285, 1311, 1864, 856, 531, 1508, 1108, 1987, 238, 979, 1807, 1567, 271, 0, 1853, 1815, 238, 672, 642, 1021, 475, 1913], [542, 929, 1442, 1384, 1128, 226, 1231, 1278, 1750, 606, 531, 319, 1210, 1165, 1678, 1296, 1576, 1002, 2393, 1733, 1075, 76, 2070, 572, 213, 879, 1311, 271, 1062, 1567, 1520, 751, 1402, 2085, 876, 319, 531, 2124, 1853, 0, 76, 1922, 1187, 1840, 1410, 1804, 542], [606, 913, 1384, 1311, 1054, 301, 1173, 1203, 1686, 531, 587, 376, 1222, 1093, 1604, 1285, 1578, 929, 2344, 1728, 1007, 151, 2019, 642, 169, 809, 1330, 336, 1010, 1547, 1547, 709, 1330, 2048, 840, 376, 457, 2085, 1815, 76, 0, 1876, 1146, 1826, 1343, 1784, 606], [2041, 1146, 606, 1210, 1428, 2070, 784, 1428, 672, 1686, 2450, 2238, 1384, 1803, 1283, 1002, 1203, 1296, 481, 1075, 1075, 1970, 226, 2146, 1957, 1258, 1518, 1964, 876, 751, 1728, 1173, 1882, 336, 1062, 1913, 1578, 310, 238, 1922, 1876, 0, 743, 879, 904, 713, 2041], [1313, 457, 457, 956, 1007, 1328, 376, 1083, 829, 1054, 1711, 1501, 856, 1353, 1187, 542, 904, 809, 1222, 916, 606, 1231, 916, 1416, 1242, 692, 1021, 1222, 238, 572, 1283, 438, 1510, 907, 319, 1173, 913, 941, 672, 1187, 1146, 743, 0, 879, 709, 766, 1313], [1713, 913, 1173, 1790, 1882, 1898, 1210, 1947, 1442, 1889, 2302, 2113, 798, 2231, 1970, 547, 438, 1686, 1201, 238, 1478, 1856, 1093, 1815, 1964, 1567, 856, 1757, 1116, 310, 976, 1203, 2385, 676, 1054, 1686, 1733, 751, 642, 1840, 1826, 879, 879, 0, 1501, 169, 1713], [1752, 1093, 336, 310, 547, 1617, 336, 526, 376, 956, 1918, 1713, 1547, 913, 481, 1249, 1606, 481, 1238, 1592, 336, 1478, 913, 1840, 1353, 542, 1715, 1567, 547, 1222, 1981, 826, 979, 1222, 840, 1547, 916, 1210, 1021, 1410, 1343, 904, 709, 1501, 0, 1353, 1752], [1728, 879, 1021, 1648, 1757, 1882, 1075, 1813, 1278, 1803, 2286, 2090, 856, 2113, 1817, 542, 547, 1567, 1054, 376, 1353, 1827, 929, 1832, 1913, 1457, 941, 1745, 1002, 238, 1093, 1128, 2257, 531, 979, 1678, 1651, 606, 475, 1804, 1784, 713, 766, 169, 1353, 0, 1728], [1, 904, 1686, 1801, 1592, 376, 1495, 1741, 2041, 1116, 680, 572, 950, 1686, 2101, 1187, 1353, 1428, 2521, 1547, 1434, 481, 2227, 107, 751, 1276, 987, 271, 1283, 1501, 1128, 950, 1923, 2122, 1007, 238, 1002, 2176, 1913, 542, 606, 2041, 1313, 1713, 1752, 1728, 0]]}