{'nodes': [(0, 6.0, 11.0, 0, 48000, 0, False), (1, 14.0, 1.0, 21090, 26084, 40, True), (2, 0.5, 9.0, 258, 8694, 50, True), (3, 13.5, 14.0, 32564, 38021, 20, True), (4, 10.0, 8.0, 10983, 18444, 20, True), (5, 9.0, 8.5, 19283, 22944, 10, True), (6, 0, 1.0, 42105, 45246, 30, True), (7, 10.0, 13.0, 39958, 45911, 10, True), (8, 13.0, 0, 35435, 40539, 20, True), (9, 8.5, 14.5, 1597, 7774, 30, True), (10, 8.0, 5.0, 27220, 34270, 10, True), (11, 6.0, 11.0, 25724, 32357, 40, True), (12, 5.5, 2.0, 30584, 35869, 40, True), (13, 7.0, 13.0, 0, 3488, 10, True), (14, 7.0, 11.5, 41583, 45477, 50, True), (15, 9.5, 1.5, 6874, 13346, 40, False), (16, 3.5, 5.0, 0, 6730, 50, True), (17, 7.0, 12.0, 28419, 34407, 30, True), (18, 2.0, 1.5, 32113, 35729, 50, True), (19, 5.5, 14.0, 31225, 36876, 10, False), (20, 9.5, 5.0, 2152, 9740, 40, True), (21, 13.5, 6.0, 9307, 15693, 20, True), (22, 6.0, 4.5, 24251, 27747, 30, False), (23, 12.0, 12.0, 25665, 31687, 20, True), (24, 13.0, 1.5, 30260, 37351, 50, True), (25, 3.5, 9.5, 0, 5381, 30, True), (26, 1.0, 12.0, 29899, 31898, 30, True), (27, 12.5, 1.5, 9657, 14832, 30, True), (28, 8.5, 2.5, 13724, 20736, 30, True), (29, 8.0, 12.0, 2987, 12851, 50, True), (30, 10.0, 9.0, 19658, 28007, 20, True), (31, 11.5, 8.5, 11235, 15033, 20, True), (32, 1.0, 6.0, 25557, 33493, 10, True), (33, 11.5, 13.5, 11919, 17045, 30, True), (34, 2.5, 9.0, 3754, 9505, 10, True), (35, 10.5, 11.0, 13584, 18921, 20, True), (36, 13.5, 4.5, 12160, 18778, 40, True), (37, 9.0, 10.5, 9855, 19244, 10, True), (38, 8.0, 10.0, 45039, 48000, 10, False), (39, 3.0, 12.0, 24345, 32063, 20, True), (40, 5.5, 15.0, 37533, 43688, 10, True), (41, 1.0, 6.0, 26401, 34028, 40, True), (42, 10.0, 2.5, 40592, 48000, 20, True), (43, 12.0, 6.0, 20686, 26471, 50, True), (44, 12.0, 13.5, 19235, 26583, 30, True), (45, 11.5, 10.5, 9537, 17993, 40, True), (46, 6.0, 11.0, 0, 48000, 0, False)], 'F': 20.0, 'ct': 0.083, 'cd': 0.021, 'truck_cap': 100, 'drone_cap': 20, 'truck_speed': 40, 'drone_speed': 40, 'a': 1, 'b': 2, 'max_flight_time': 3000, 'ttt': [[0, 3843, 1757, 2424, 1501, 1173, 3500, 1343, 3913, 1291, 1898, 1, 2705, 672, 336, 3038, 1951, 425, 3093, 913, 2085, 2705, 1951, 1826, 3541, 876, 1531, 3454, 2659, 672, 1343, 1813, 2122, 1813, 1210, 1351, 2978, 913, 672, 950, 1210, 2122, 2819, 2344, 1951, 1658, 1], [3843, 0, 4709, 3904, 2420, 2705, 4201, 3796, 425, 4374, 2164, 3843, 2569, 4169, 3787, 1359, 3372, 3913, 3604, 4661, 1807, 1508, 2621, 3355, 336, 4054, 5110, 475, 1711, 3760, 2684, 2373, 4180, 3825, 4204, 3179, 1062, 3222, 3246, 4668, 4915, 4180, 1283, 1617, 3799, 2948, 3843], [1757, 4709, 0, 4180, 2867, 2555, 2406, 3093, 4622, 2913, 2551, 1757, 2582, 2291, 2090, 3516, 1501, 2149, 2296, 2122, 2956, 4003, 2133, 3566, 4374, 913, 913, 4246, 3093, 2424, 2851, 3304, 913, 3566, 601, 3060, 4128, 2590, 2271, 1173, 2344, 913, 3454, 3566, 3706, 3332, 1757], [2424, 3904, 4180, 0, 2085, 2133, 5623, 1093, 4204, 1508, 3165, 2424, 4328, 1974, 2090, 3938, 4037, 2041, 5097, 2401, 2956, 2401, 3632, 751, 3754, 3291, 3799, 3763, 3763, 1757, 1832, 1757, 4453, 619, 3626, 1274, 2851, 1711, 2041, 3208, 2420, 4453, 3607, 2443, 475, 1210, 2424], [1501, 2420, 2867, 2085, 0, 336, 3663, 1501, 2564, 2002, 1083, 1501, 2251, 1750, 1384, 1957, 2149, 1501, 3093, 2251, 913, 1210, 1596, 1343, 2149, 2002, 2956, 2090, 1711, 1343, 301, 475, 2767, 1711, 2271, 913, 1486, 809, 850, 2420, 2497, 2767, 1651, 850, 1757, 876, 1501], [1173, 2705, 2555, 2133, 336, 0, 3516, 1384, 2819, 1807, 1093, 1173, 2216, 1478, 1083, 2106, 1957, 1210, 2971, 1957, 1062, 1545, 1501, 1384, 2420, 1678, 2621, 2349, 1807, 1093, 336, 751, 2515, 1678, 1957, 876, 1807, 601, 542, 2085, 2216, 2515, 1826, 1173, 1750, 961, 1173], [3500, 4201, 2406, 5623, 3663, 3516, 0, 4687, 3913, 4787, 2684, 3500, 1678, 4169, 3787, 2855, 1596, 3913, 619, 4236, 3093, 4320, 2085, 4885, 3904, 2759, 3315, 3754, 2590, 4081, 3843, 4120, 1531, 5097, 2515, 4351, 4185, 3927, 3613, 3422, 4513, 1531, 3035, 3901, 5199, 4476, 3500], [1343, 3796, 3093, 1093, 1501, 1384, 4687, 0, 4003, 637, 2475, 1343, 3566, 901, 1007, 3454, 3093, 950, 4204, 1384, 2406, 2349, 2819, 672, 3566, 2216, 2718, 3532, 3183, 672, 1201, 1424, 3422, 475, 2551, 619, 2759, 809, 1083, 2122, 1478, 3422, 3151, 2185, 619, 876, 1343], [3913, 425, 4622, 4204, 2564, 2819, 3913, 4003, 0, 4556, 2122, 3913, 2330, 4296, 3892, 1143, 3222, 4026, 3332, 4766, 1832, 1807, 2497, 3613, 451, 4032, 5092, 475, 1545, 3901, 2847, 2590, 4026, 4076, 4150, 3385, 1359, 3372, 3355, 4687, 5032, 4026, 1173, 1826, 4062, 3183, 3913], [1291, 4374, 2913, 1508, 2002, 1807, 4787, 637, 4556, 0, 2855, 1291, 3857, 637, 1007, 3913, 3222, 876, 4361, 913, 2867, 2959, 3093, 1291, 4128, 2122, 2373, 4081, 3601, 766, 1711, 2013, 3402, 950, 2443, 1210, 3355, 1210, 1359, 1813, 913, 3402, 3629, 2759, 1093, 1501, 1291], [1898, 2164, 2551, 3165, 1083, 1093, 2684, 2475, 2122, 2855, 0, 1898, 1173, 2420, 1974, 1143, 1351, 2122, 2085, 2803, 451, 1678, 619, 2420, 1832, 1910, 2971, 1711, 766, 2101, 1343, 1486, 2122, 2759, 2041, 1951, 1658, 1678, 1501, 2582, 3093, 2122, 961, 1238, 2819, 1957, 1898], [1, 3843, 1757, 2424, 1501, 1173, 3500, 1343, 3913, 1291, 1898, 0, 2705, 672, 336, 3038, 1951, 425, 3093, 913, 2085, 2705, 1951, 1826, 3541, 876, 1531, 3454, 2659, 672, 1343, 1813, 2122, 1813, 1210, 1351, 2978, 913, 672, 950, 1210, 2122, 2819, 2344, 1951, 1658, 1], [2705, 2569, 2582, 4328, 2251, 2216, 1678, 3566, 2330, 3857, 1173, 2705, 0, 3332, 2886, 1210, 1083, 3035, 1062, 3601, 1501, 2684, 766, 3579, 2256, 2330, 3291, 2106, 913, 3093, 2497, 2655, 1807, 3892, 2286, 3090, 2515, 2759, 2515, 3093, 3901, 1807, 1359, 2291, 3964, 3122, 2705], [672, 4169, 2291, 1974, 1750, 1478, 4169, 901, 4296, 637, 2420, 672, 3332, 0, 451, 3532, 2621, 301, 3763, 542, 2515, 2867, 2569, 1531, 3892, 1486, 1826, 3825, 3183, 425, 1501, 1910, 2767, 1359, 1807, 1210, 3211, 961, 950, 1238, 751, 2767, 3277, 2582, 1508, 1545, 672], [336, 3787, 2090, 2090, 1384, 1083, 3787, 1007, 3892, 1007, 1974, 336, 2886, 451, 0, 3093, 2216, 151, 3355, 876, 2090, 2555, 2122, 1508, 3500, 1210, 1807, 3425, 2738, 336, 1173, 1623, 2443, 1478, 1545, 1062, 2867, 672, 542, 1210, 1143, 2443, 2847, 2231, 1617, 1384, 336], [3038, 1359, 3516, 3938, 1957, 2106, 2855, 3454, 1143, 3913, 1143, 3038, 1210, 3532, 3093, 0, 2085, 3239, 2251, 3938, 1051, 1807, 1384, 3239, 1051, 3001, 4054, 901, 425, 3183, 2256, 2185, 2886, 3651, 3079, 2867, 1501, 2705, 2590, 3706, 4225, 2886, 336, 1545, 3678, 2767, 3038], [1951, 3372, 1501, 4037, 2149, 1957, 1596, 3093, 3222, 3222, 1351, 1951, 1083, 2621, 2216, 2085, 0, 2349, 1143, 2767, 1801, 3016, 766, 3304, 3038, 1351, 2231, 2898, 1678, 2497, 2291, 2621, 809, 3503, 1238, 2767, 3005, 2334, 2019, 2106, 3060, 809, 2090, 2569, 3607, 2913, 1951], [425, 3913, 2149, 2041, 1501, 1210, 3913, 950, 4026, 876, 2122, 425, 3035, 301, 151, 3239, 2349, 0, 3490, 751, 2231, 2655, 2271, 1501, 3629, 1291, 1801, 3557, 2886, 301, 1274, 1711, 2547, 1424, 1623, 1093, 2978, 751, 672, 1201, 1007, 2547, 2990, 2344, 1567, 1424, 425], [3093, 3604, 2296, 5097, 3093, 2971, 619, 4204, 3332, 4361, 2085, 3093, 1062, 3763, 3355, 2251, 1143, 3490, 0, 3895, 2484, 3706, 1501, 4351, 3301, 2443, 3165, 3151, 1974, 3629, 3291, 3541, 1384, 4593, 2256, 3825, 3566, 3422, 3122, 3165, 4185, 1384, 2420, 3291, 4687, 3927, 3093], [913, 4661, 2122, 2401, 2251, 1957, 4236, 1384, 4766, 913, 2803, 913, 3601, 542, 876, 3938, 2767, 751, 3895, 0, 2956, 3395, 2855, 2041, 4374, 1478, 1478, 4299, 3566, 961, 2019, 2443, 2755, 1807, 1750, 1750, 3727, 1486, 1416, 961, 301, 2755, 3706, 3093, 1957, 2085, 913], [2085, 1807, 2956, 2956, 913, 1062, 3093, 2406, 1832, 2867, 451, 2085, 1501, 2515, 2090, 1051, 1801, 2231, 2484, 2956, 0, 1238, 1062, 2231, 1486, 2251, 3304, 1384, 809, 2149, 1210, 1210, 2569, 2621, 2420, 1826, 1210, 1658, 1567, 2867, 3232, 2569, 766, 809, 2659, 1757, 2085], [2705, 1508, 4003, 2401, 1210, 1545, 4320, 2349, 1807, 2959, 1678, 2705, 2684, 2867, 2555, 1807, 3016, 2655, 3706, 3395, 1238, 0, 2296, 1856, 1359, 3179, 4161, 1384, 1832, 2443, 1384, 961, 3751, 2330, 3422, 1750, 451, 1910, 2041, 3629, 3613, 3751, 1486, 451, 2296, 1478, 2705], [1951, 2621, 2133, 3632, 1596, 1501, 2085, 2819, 2497, 3093, 619, 1951, 766, 2569, 2122, 1384, 766, 2271, 1501, 2855, 1062, 2296, 0, 2882, 2286, 1678, 2705, 2149, 961, 2330, 1807, 2041, 1567, 3165, 1711, 2373, 2251, 2013, 1757, 2424, 3155, 1567, 1343, 1856, 3246, 2443, 1951], [1826, 3355, 3566, 751, 1343, 1384, 4885, 672, 3613, 1291, 2420, 1826, 3579, 1531, 1508, 3239, 3304, 1501, 4351, 2041, 2231, 1856, 2882, 0, 3165, 2659, 3301, 3155, 3038, 1201, 1083, 1062, 3760, 475, 2990, 542, 2296, 1007, 1343, 2701, 2149, 3760, 2913, 1801, 451, 475, 1826], [3541, 336, 4374, 3754, 2149, 2420, 3904, 3566, 451, 4128, 1832, 3541, 2256, 3892, 3500, 1051, 3038, 3629, 3301, 4374, 1486, 1359, 2286, 3165, 0, 3727, 4785, 151, 1384, 3490, 2424, 2149, 3846, 3629, 3872, 2948, 913, 2956, 2959, 4351, 4634, 3846, 950, 1384, 3613, 2738, 3541], [876, 4054, 913, 3291, 2002, 1678, 2759, 2216, 4032, 2122, 1910, 876, 2330, 1486, 1210, 3001, 1351, 1291, 2443, 1478, 2251, 3179, 1678, 2659, 3727, 0, 1062, 3613, 2582, 1545, 1957, 2420, 1291, 2684, 336, 2149, 3355, 1678, 1359, 766, 1757, 1291, 2867, 2759, 2819, 2420, 876], [1531, 5110, 913, 3799, 2956, 2621, 3315, 2718, 5092, 2373, 2971, 1531, 3291, 1826, 1807, 4054, 2231, 1801, 3165, 1478, 3304, 4161, 2705, 3301, 4785, 1062, 0, 4673, 3632, 2101, 2847, 3321, 1801, 3183, 1007, 2867, 4374, 2443, 2185, 601, 1623, 1801, 3927, 3760, 3332, 3183, 1531], [3454, 475, 4246, 3763, 2090, 2349, 3754, 3532, 475, 4081, 1711, 3454, 2106, 3825, 3425, 901, 2898, 3557, 3151, 4299, 1384, 1384, 2149, 3155, 151, 3613, 4673, 0, 1238, 3428, 2373, 2122, 3706, 3613, 3751, 2913, 950, 2898, 2886, 4249, 4563, 3706, 809, 1359, 3604, 2718, 3454], [2659, 1711, 3093, 3763, 1711, 1807, 2590, 3183, 1545, 3601, 766, 2659, 913, 3183, 2738, 425, 1678, 2886, 1974, 3566, 809, 1832, 961, 3038, 1384, 2582, 3632, 1238, 0, 2855, 2002, 2013, 2484, 3422, 2655, 2621, 1617, 2406, 2256, 3294, 3857, 2484, 451, 1486, 3464, 2564, 2659], [672, 3760, 2424, 1757, 1343, 1093, 4081, 672, 3901, 766, 2101, 672, 3093, 425, 336, 3183, 2497, 301, 3629, 961, 2149, 2443, 2330, 1201, 3490, 1545, 2101, 3428, 2855, 0, 1083, 1486, 2767, 1143, 1880, 809, 2791, 542, 601, 1501, 1173, 2767, 2913, 2164, 1283, 1143, 672], [1343, 2684, 2851, 1832, 301, 336, 3843, 1201, 2847, 1711, 1343, 1343, 2497, 1501, 1173, 2256, 2291, 1274, 3291, 2019, 1210, 1384, 1807, 1083, 2424, 1957, 2847, 2373, 2002, 1083, 0, 475, 2847, 1424, 2251, 619, 1711, 542, 672, 2286, 2251, 2847, 1951, 1083, 1478, 637, 1343], [1813, 2373, 3304, 1757, 475, 751, 4120, 1424, 2590, 2013, 1486, 1813, 2655, 1910, 1623, 2185, 2621, 1711, 3541, 2443, 1210, 961, 2041, 1062, 2149, 2420, 3321, 2122, 2013, 1486, 475, 0, 3239, 1501, 2705, 809, 1343, 961, 1143, 2759, 2655, 3239, 1856, 766, 1508, 601, 1813], [2122, 4180, 913, 4453, 2767, 2515, 1531, 3422, 4026, 3402, 2122, 2122, 1807, 2767, 2443, 2886, 809, 2547, 1384, 2755, 2569, 3751, 1567, 3760, 3846, 1291, 1801, 3706, 2484, 2767, 2847, 3239, 0, 3872, 1007, 3222, 3778, 2755, 2420, 1898, 3020, 1, 2898, 3301, 3995, 3428, 2122], [1813, 3825, 3566, 619, 1711, 1678, 5097, 475, 4076, 950, 2759, 1813, 3892, 1359, 1478, 3651, 3503, 1424, 4593, 1807, 2621, 2330, 3165, 475, 3629, 2684, 3183, 3613, 3422, 1143, 1424, 1501, 3872, 0, 3020, 809, 2767, 1173, 1486, 2590, 1856, 3872, 3332, 2256, 151, 901, 1813], [1210, 4204, 601, 3626, 2271, 1957, 2515, 2551, 4150, 2443, 2041, 1210, 2286, 1807, 1545, 3079, 1238, 1623, 2256, 1750, 2420, 3422, 1711, 2990, 3872, 336, 1007, 3751, 2655, 1880, 2251, 2705, 1007, 3020, 0, 2475, 3566, 2002, 1678, 913, 2013, 1007, 2978, 2990, 3155, 2738, 1210], [1351, 3179, 3060, 1274, 913, 876, 4351, 619, 3385, 1210, 1951, 1351, 3090, 1210, 1062, 2867, 2767, 1093, 3825, 1750, 1826, 1750, 2373, 542, 2948, 2149, 2867, 2913, 2621, 809, 619, 809, 3222, 809, 2475, 0, 2149, 475, 809, 2271, 1922, 3222, 2555, 1567, 876, 336, 1351], [2978, 1062, 4128, 2851, 1486, 1807, 4185, 2759, 1359, 3355, 1658, 2978, 2515, 3211, 2867, 1501, 3005, 2978, 3566, 3727, 1210, 451, 2251, 2296, 913, 3355, 4374, 950, 1617, 2791, 1711, 1343, 3778, 2767, 3566, 2149, 0, 2251, 2334, 3872, 3961, 3778, 1210, 637, 2738, 1898, 2978], [913, 3222, 2590, 1711, 809, 601, 3927, 809, 3372, 1210, 1678, 913, 2759, 961, 672, 2705, 2334, 751, 3422, 1486, 1658, 1910, 2013, 1007, 2956, 1678, 2443, 2898, 2406, 542, 542, 961, 2755, 1173, 2002, 475, 2251, 0, 336, 1856, 1711, 2755, 2420, 1623, 1274, 751, 913], [672, 3246, 2271, 2041, 850, 542, 3613, 1083, 3355, 1359, 1501, 672, 2515, 950, 542, 2590, 2019, 672, 3122, 1416, 1567, 2041, 1757, 1343, 2959, 1359, 2185, 2886, 2256, 601, 672, 1143, 2420, 1486, 1678, 809, 2334, 336, 0, 1617, 1678, 2420, 2330, 1698, 1596, 1062, 672], [950, 4668, 1173, 3208, 2420, 2085, 3422, 2122, 4687, 1813, 2582, 950, 3093, 1238, 1210, 3706, 2106, 1201, 3165, 961, 2867, 3629, 2424, 2701, 4351, 766, 601, 4249, 3294, 1501, 2286, 2759, 1898, 2590, 913, 2271, 3872, 1856, 1617, 0, 1173, 1898, 3541, 3246, 2738, 2590, 950], [1210, 4915, 2344, 2420, 2497, 2216, 4513, 1478, 5032, 913, 3093, 1210, 3901, 751, 1143, 4225, 3060, 1007, 4185, 301, 3232, 3613, 3155, 2149, 4634, 1757, 1623, 4563, 3857, 1173, 2251, 2655, 3020, 1856, 2013, 1922, 3961, 1711, 1678, 1173, 0, 3020, 3987, 3332, 2002, 2251, 1210], [2122, 4180, 913, 4453, 2767, 2515, 1531, 3422, 4026, 3402, 2122, 2122, 1807, 2767, 2443, 2886, 809, 2547, 1384, 2755, 2569, 3751, 1567, 3760, 3846, 1291, 1801, 3706, 2484, 2767, 2847, 3239, 1, 3872, 1007, 3222, 3778, 2755, 2420, 1898, 3020, 0, 2898, 3301, 3995, 3428, 2122], [2819, 1283, 3454, 3607, 1651, 1826, 3035, 3151, 1173, 3629, 961, 2819, 1359, 3277, 2847, 336, 2090, 2990, 2420, 3706, 766, 1486, 1343, 2913, 950, 2867, 3927, 809, 451, 2913, 1951, 1856, 2898, 3332, 2978, 2555, 1210, 2420, 2330, 3541, 3987, 2898, 0, 1210, 3355, 2443, 2819], [2344, 1617, 3566, 2443, 850, 1173, 3901, 2185, 1826, 2759, 1238, 2344, 2291, 2582, 2231, 1545, 2569, 2344, 3291, 3093, 809, 451, 1856, 1801, 1384, 2759, 3760, 1359, 1486, 2164, 1083, 766, 3301, 2256, 2990, 1567, 637, 1623, 1698, 3246, 3332, 3301, 1210, 0, 2251, 1359, 2344], [1951, 3799, 3706, 475, 1757, 1750, 5199, 619, 4062, 1093, 2819, 1951, 3964, 1508, 1617, 3678, 3607, 1567, 4687, 1957, 2659, 2296, 3246, 451, 3613, 2819, 3332, 3604, 3464, 1283, 1478, 1508, 3995, 151, 3155, 876, 2738, 1274, 1596, 2738, 2002, 3995, 3355, 2251, 0, 913, 1951], [1658, 2948, 3332, 1210, 876, 961, 4476, 876, 3183, 1501, 1957, 1658, 3122, 1545, 1384, 2767, 2913, 1424, 3927, 2085, 1757, 1478, 2443, 475, 2738, 2420, 3183, 2718, 2564, 1143, 637, 601, 3428, 901, 2738, 336, 1898, 751, 1062, 2590, 2251, 3428, 2443, 1359, 913, 0, 1658], [1, 3843, 1757, 2424, 1501, 1173, 3500, 1343, 3913, 1291, 1898, 1, 2705, 672, 336, 3038, 1951, 425, 3093, 913, 2085, 2705, 1951, 1826, 3541, 876, 1531, 3454, 2659, 672, 1343, 1813, 2122, 1813, 1210, 1351, 2978, 913, 672, 950, 1210, 2122, 2819, 2344, 1951, 1658, 0]], 'ttd': [[0, 1922, 879, 1213, 751, 587, 1750, 672, 1957, 646, 950, 1, 1353, 336, 169, 1520, 976, 213, 1547, 457, 1043, 1353, 976, 913, 1771, 438, 766, 1728, 1330, 336, 672, 907, 1062, 907, 606, 676, 1490, 457, 336, 475, 606, 1062, 1410, 1173, 976, 829, 1], [1922, 0, 2355, 1952, 1210, 1353, 2101, 1898, 213, 2188, 1083, 1922, 1285, 2085, 1894, 680, 1686, 1957, 1803, 2331, 904, 755, 1311, 1678, 169, 2027, 2555, 238, 856, 1880, 1343, 1187, 2090, 1913, 2102, 1590, 531, 1611, 1623, 2334, 2458, 2090, 642, 809, 1900, 1475, 1922], [879, 2355, 0, 2090, 1434, 1278, 1203, 1547, 2311, 1457, 1276, 879, 1291, 1146, 1046, 1758, 751, 1075, 1148, 1062, 1478, 2002, 1067, 1784, 2188, 457, 457, 2124, 1547, 1213, 1426, 1653, 457, 1784, 301, 1531, 2065, 1296, 1136, 587, 1173, 457, 1728, 1784, 1853, 1666, 879], [1213, 1952, 2090, 0, 1043, 1067, 2812, 547, 2102, 755, 1583, 1213, 2164, 987, 1046, 1970, 2019, 1021, 2549, 1201, 1478, 1201, 1817, 376, 1877, 1646, 1900, 1882, 1882, 879, 916, 879, 2227, 310, 1813, 637, 1426, 856, 1021, 1604, 1210, 2227, 1804, 1222, 238, 606, 1213], [751, 1210, 1434, 1043, 0, 169, 1832, 751, 1283, 1002, 542, 751, 1126, 876, 692, 979, 1075, 751, 1547, 1126, 457, 606, 798, 672, 1075, 1002, 1478, 1046, 856, 672, 151, 238, 1384, 856, 1136, 457, 743, 405, 425, 1210, 1249, 1384, 826, 425, 879, 438, 751], [587, 1353, 1278, 1067, 169, 0, 1758, 692, 1410, 904, 547, 587, 1108, 740, 542, 1054, 979, 606, 1486, 979, 531, 773, 751, 692, 1210, 840, 1311, 1175, 904, 547, 169, 376, 1258, 840, 979, 438, 904, 301, 271, 1043, 1108, 1258, 913, 587, 876, 481, 587], [1750, 2101, 1203, 2812, 1832, 1758, 0, 2344, 1957, 2394, 1343, 1750, 840, 2085, 1894, 1428, 798, 1957, 310, 2118, 1547, 2160, 1043, 2443, 1952, 1380, 1658, 1877, 1296, 2041, 1922, 2060, 766, 2549, 1258, 2176, 2093, 1964, 1807, 1711, 2257, 766, 1518, 1951, 2600, 2238, 1750], [672, 1898, 1547, 547, 751, 692, 2344, 0, 2002, 319, 1238, 672, 1784, 451, 504, 1728, 1547, 475, 2102, 692, 1203, 1175, 1410, 336, 1784, 1108, 1359, 1766, 1592, 336, 601, 713, 1711, 238, 1276, 310, 1380, 405, 542, 1062, 740, 1711, 1576, 1093, 310, 438, 672], [1957, 213, 2311, 2102, 1283, 1410, 1957, 2002, 0, 2278, 1062, 1957, 1165, 2149, 1947, 572, 1611, 2013, 1666, 2383, 916, 904, 1249, 1807, 226, 2016, 2547, 238, 773, 1951, 1424, 1296, 2013, 2038, 2075, 1693, 680, 1686, 1678, 2344, 2517, 2013, 587, 913, 2032, 1592, 1957], [646, 2188, 1457, 755, 1002, 904, 2394, 319, 2278, 0, 1428, 646, 1929, 319, 504, 1957, 1611, 438, 2181, 457, 1434, 1480, 1547, 646, 2065, 1062, 1187, 2041, 1801, 383, 856, 1007, 1701, 475, 1222, 606, 1678, 606, 680, 907, 457, 1701, 1815, 1380, 547, 751, 646], [950, 1083, 1276, 1583, 542, 547, 1343, 1238, 1062, 1428, 0, 950, 587, 1210, 987, 572, 676, 1062, 1043, 1402, 226, 840, 310, 1210, 916, 956, 1486, 856, 383, 1051, 672, 743, 1062, 1380, 1021, 976, 829, 840, 751, 1291, 1547, 1062, 481, 619, 1410, 979, 950], [1, 1922, 879, 1213, 751, 587, 1750, 672, 1957, 646, 950, 0, 1353, 336, 169, 1520, 976, 213, 1547, 457, 1043, 1353, 976, 913, 1771, 438, 766, 1728, 1330, 336, 672, 907, 1062, 907, 606, 676, 1490, 457, 336, 475, 606, 1062, 1410, 1173, 976, 829, 1], [1353, 1285, 1291, 2164, 1126, 1108, 840, 1784, 1165, 1929, 587, 1353, 0, 1666, 1444, 606, 542, 1518, 531, 1801, 751, 1343, 383, 1790, 1128, 1165, 1646, 1054, 457, 1547, 1249, 1328, 904, 1947, 1143, 1545, 1258, 1380, 1258, 1547, 1951, 904, 680, 1146, 1982, 1562, 1353], [336, 2085, 1146, 987, 876, 740, 2085, 451, 2149, 319, 1210, 336, 1666, 0, 226, 1766, 1311, 151, 1882, 271, 1258, 1434, 1285, 766, 1947, 743, 913, 1913, 1592, 213, 751, 956, 1384, 680, 904, 606, 1606, 481, 475, 619, 376, 1384, 1639, 1291, 755, 773, 336], [169, 1894, 1046, 1046, 692, 542, 1894, 504, 1947, 504, 987, 169, 1444, 226, 0, 1547, 1108, 76, 1678, 438, 1046, 1278, 1062, 755, 1750, 606, 904, 1713, 1370, 169, 587, 812, 1222, 740, 773, 531, 1434, 336, 271, 606, 572, 1222, 1424, 1116, 809, 692, 169], [1520, 680, 1758, 1970, 979, 1054, 1428, 1728, 572, 1957, 572, 1520, 606, 1766, 1547, 0, 1043, 1620, 1126, 1970, 526, 904, 692, 1620, 526, 1501, 2027, 451, 213, 1592, 1128, 1093, 1444, 1826, 1540, 1434, 751, 1353, 1296, 1853, 2113, 1444, 169, 773, 1840, 1384, 1520], [976, 1686, 751, 2019, 1075, 979, 798, 1547, 1611, 1611, 676, 976, 542, 1311, 1108, 1043, 0, 1175, 572, 1384, 901, 1508, 383, 1653, 1520, 676, 1116, 1449, 840, 1249, 1146, 1311, 405, 1752, 619, 1384, 1503, 1168, 1010, 1054, 1531, 405, 1046, 1285, 1804, 1457, 976], [213, 1957, 1075, 1021, 751, 606, 1957, 475, 2013, 438, 1062, 213, 1518, 151, 76, 1620, 1175, 0, 1745, 376, 1116, 1328, 1136, 751, 1815, 646, 901, 1779, 1444, 151, 637, 856, 1274, 713, 812, 547, 1490, 376, 336, 601, 504, 1274, 1495, 1173, 784, 713, 213], [1547, 1803, 1148, 2549, 1547, 1486, 310, 2102, 1666, 2181, 1043, 1547, 531, 1882, 1678, 1126, 572, 1745, 0, 1948, 1242, 1853, 751, 2176, 1651, 1222, 1583, 1576, 987, 1815, 1646, 1771, 692, 2297, 1128, 1913, 1784, 1711, 1562, 1583, 2093, 692, 1210, 1646, 2344, 1964, 1547], [457, 2331, 1062, 1201, 1126, 979, 2118, 692, 2383, 457, 1402, 457, 1801, 271, 438, 1970, 1384, 376, 1948, 0, 1478, 1698, 1428, 1021, 2188, 740, 740, 2150, 1784, 481, 1010, 1222, 1378, 904, 876, 876, 1864, 743, 709, 481, 151, 1378, 1853, 1547, 979, 1043, 457], [1043, 904, 1478, 1478, 457, 531, 1547, 1203, 916, 1434, 226, 1043, 751, 1258, 1046, 526, 901, 1116, 1242, 1478, 0, 619, 531, 1116, 743, 1126, 1653, 692, 405, 1075, 606, 606, 1285, 1311, 1210, 913, 606, 829, 784, 1434, 1617, 1285, 383, 405, 1330, 879, 1043], [1353, 755, 2002, 1201, 606, 773, 2160, 1175, 904, 1480, 840, 1353, 1343, 1434, 1278, 904, 1508, 1328, 1853, 1698, 619, 0, 1148, 929, 680, 1590, 2081, 692, 916, 1222, 692, 481, 1876, 1165, 1711, 876, 226, 956, 1021, 1815, 1807, 1876, 743, 226, 1148, 740, 1353], [976, 1311, 1067, 1817, 798, 751, 1043, 1410, 1249, 1547, 310, 976, 383, 1285, 1062, 692, 383, 1136, 751, 1428, 531, 1148, 0, 1442, 1143, 840, 1353, 1075, 481, 1165, 904, 1021, 784, 1583, 856, 1187, 1126, 1007, 879, 1213, 1578, 784, 672, 929, 1623, 1222, 976], [913, 1678, 1784, 376, 672, 692, 2443, 336, 1807, 646, 1210, 913, 1790, 766, 755, 1620, 1653, 751, 2176, 1021, 1116, 929, 1442, 0, 1583, 1330, 1651, 1578, 1520, 601, 542, 531, 1880, 238, 1495, 271, 1148, 504, 672, 1351, 1075, 1880, 1457, 901, 226, 238, 913], [1771, 169, 2188, 1877, 1075, 1210, 1952, 1784, 226, 2065, 916, 1771, 1128, 1947, 1750, 526, 1520, 1815, 1651, 2188, 743, 680, 1143, 1583, 0, 1864, 2393, 76, 692, 1745, 1213, 1075, 1923, 1815, 1937, 1475, 457, 1478, 1480, 2176, 2318, 1923, 475, 692, 1807, 1370, 1771], [438, 2027, 457, 1646, 1002, 840, 1380, 1108, 2016, 1062, 956, 438, 1165, 743, 606, 1501, 676, 646, 1222, 740, 1126, 1590, 840, 1330, 1864, 0, 531, 1807, 1291, 773, 979, 1210, 646, 1343, 169, 1075, 1678, 840, 680, 383, 879, 646, 1434, 1380, 1410, 1210, 438], [766, 2555, 457, 1900, 1478, 1311, 1658, 1359, 2547, 1187, 1486, 766, 1646, 913, 904, 2027, 1116, 901, 1583, 740, 1653, 2081, 1353, 1651, 2393, 531, 0, 2337, 1817, 1051, 1424, 1661, 901, 1592, 504, 1434, 2188, 1222, 1093, 301, 812, 901, 1964, 1880, 1666, 1592, 766], [1728, 238, 2124, 1882, 1046, 1175, 1877, 1766, 238, 2041, 856, 1728, 1054, 1913, 1713, 451, 1449, 1779, 1576, 2150, 692, 692, 1075, 1578, 76, 1807, 2337, 0, 619, 1715, 1187, 1062, 1853, 1807, 1876, 1457, 475, 1449, 1444, 2125, 2282, 1853, 405, 680, 1803, 1359, 1728], [1330, 856, 1547, 1882, 856, 904, 1296, 1592, 773, 1801, 383, 1330, 457, 1592, 1370, 213, 840, 1444, 987, 1784, 405, 916, 481, 1520, 692, 1291, 1817, 619, 0, 1428, 1002, 1007, 1242, 1711, 1328, 1311, 809, 1203, 1128, 1648, 1929, 1242, 226, 743, 1733, 1283, 1330], [336, 1880, 1213, 879, 672, 547, 2041, 336, 1951, 383, 1051, 336, 1547, 213, 169, 1592, 1249, 151, 1815, 481, 1075, 1222, 1165, 601, 1745, 773, 1051, 1715, 1428, 0, 542, 743, 1384, 572, 941, 405, 1396, 271, 301, 751, 587, 1384, 1457, 1083, 642, 572, 336], [672, 1343, 1426, 916, 151, 169, 1922, 601, 1424, 856, 672, 672, 1249, 751, 587, 1128, 1146, 637, 1646, 1010, 606, 692, 904, 542, 1213, 979, 1424, 1187, 1002, 542, 0, 238, 1424, 713, 1126, 310, 856, 271, 336, 1143, 1126, 1424, 976, 542, 740, 319, 672], [907, 1187, 1653, 879, 238, 376, 2060, 713, 1296, 1007, 743, 907, 1328, 956, 812, 1093, 1311, 856, 1771, 1222, 606, 481, 1021, 531, 1075, 1210, 1661, 1062, 1007, 743, 238, 0, 1620, 751, 1353, 405, 672, 481, 572, 1380, 1328, 1620, 929, 383, 755, 301, 907], [1062, 2090, 457, 2227, 1384, 1258, 766, 1711, 2013, 1701, 1062, 1062, 904, 1384, 1222, 1444, 405, 1274, 692, 1378, 1285, 1876, 784, 1880, 1923, 646, 901, 1853, 1242, 1384, 1424, 1620, 0, 1937, 504, 1611, 1889, 1378, 1210, 950, 1510, 1, 1449, 1651, 1998, 1715, 1062], [907, 1913, 1784, 310, 856, 840, 2549, 238, 2038, 475, 1380, 907, 1947, 680, 740, 1826, 1752, 713, 2297, 904, 1311, 1165, 1583, 238, 1815, 1343, 1592, 1807, 1711, 572, 713, 751, 1937, 0, 1510, 405, 1384, 587, 743, 1296, 929, 1937, 1666, 1128, 76, 451, 907], [606, 2102, 301, 1813, 1136, 979, 1258, 1276, 2075, 1222, 1021, 606, 1143, 904, 773, 1540, 619, 812, 1128, 876, 1210, 1711, 856, 1495, 1937, 169, 504, 1876, 1328, 941, 1126, 1353, 504, 1510, 0, 1238, 1784, 1002, 840, 457, 1007, 504, 1490, 1495, 1578, 1370, 606], [676, 1590, 1531, 637, 457, 438, 2176, 310, 1693, 606, 976, 676, 1545, 606, 531, 1434, 1384, 547, 1913, 876, 913, 876, 1187, 271, 1475, 1075, 1434, 1457, 1311, 405, 310, 405, 1611, 405, 1238, 0, 1075, 238, 405, 1136, 961, 1611, 1278, 784, 438, 169, 676], [1490, 531, 2065, 1426, 743, 904, 2093, 1380, 680, 1678, 829, 1490, 1258, 1606, 1434, 751, 1503, 1490, 1784, 1864, 606, 226, 1126, 1148, 457, 1678, 2188, 475, 809, 1396, 856, 672, 1889, 1384, 1784, 1075, 0, 1126, 1168, 1937, 1981, 1889, 606, 319, 1370, 950, 1490], [457, 1611, 1296, 856, 405, 301, 1964, 405, 1686, 606, 840, 457, 1380, 481, 336, 1353, 1168, 376, 1711, 743, 829, 956, 1007, 504, 1478, 840, 1222, 1449, 1203, 271, 271, 481, 1378, 587, 1002, 238, 1126, 0, 169, 929, 856, 1378, 1210, 812, 637, 376, 457], [336, 1623, 1136, 1021, 425, 271, 1807, 542, 1678, 680, 751, 336, 1258, 475, 271, 1296, 1010, 336, 1562, 709, 784, 1021, 879, 672, 1480, 680, 1093, 1444, 1128, 301, 336, 572, 1210, 743, 840, 405, 1168, 169, 0, 809, 840, 1210, 1165, 850, 798, 531, 336], [475, 2334, 587, 1604, 1210, 1043, 1711, 1062, 2344, 907, 1291, 475, 1547, 619, 606, 1853, 1054, 601, 1583, 481, 1434, 1815, 1213, 1351, 2176, 383, 301, 2125, 1648, 751, 1143, 1380, 950, 1296, 457, 1136, 1937, 929, 809, 0, 587, 950, 1771, 1623, 1370, 1296, 475], [606, 2458, 1173, 1210, 1249, 1108, 2257, 740, 2517, 457, 1547, 606, 1951, 376, 572, 2113, 1531, 504, 2093, 151, 1617, 1807, 1578, 1075, 2318, 879, 812, 2282, 1929, 587, 1126, 1328, 1510, 929, 1007, 961, 1981, 856, 840, 587, 0, 1510, 1994, 1666, 1002, 1126, 606], [1062, 2090, 457, 2227, 1384, 1258, 766, 1711, 2013, 1701, 1062, 1062, 904, 1384, 1222, 1444, 405, 1274, 692, 1378, 1285, 1876, 784, 1880, 1923, 646, 901, 1853, 1242, 1384, 1424, 1620, 1, 1937, 504, 1611, 1889, 1378, 1210, 950, 1510, 0, 1449, 1651, 1998, 1715, 1062], [1410, 642, 1728, 1804, 826, 913, 1518, 1576, 587, 1815, 481, 1410, 680, 1639, 1424, 169, 1046, 1495, 1210, 1853, 383, 743, 672, 1457, 475, 1434, 1964, 405, 226, 1457, 976, 929, 1449, 1666, 1490, 1278, 606, 1210, 1165, 1771, 1994, 1449, 0, 606, 1678, 1222, 1410], [1173, 809, 1784, 1222, 425, 587, 1951, 1093, 913, 1380, 619, 1173, 1146, 1291, 1116, 773, 1285, 1173, 1646, 1547, 405, 226, 929, 901, 692, 1380, 1880, 680, 743, 1083, 542, 383, 1651, 1128, 1495, 784, 319, 812, 850, 1623, 1666, 1651, 606, 0, 1126, 680, 1173], [976, 1900, 1853, 238, 879, 876, 2600, 310, 2032, 547, 1410, 976, 1982, 755, 809, 1840, 1804, 784, 2344, 979, 1330, 1148, 1623, 226, 1807, 1410, 1666, 1803, 1733, 642, 740, 755, 1998, 76, 1578, 438, 1370, 637, 798, 1370, 1002, 1998, 1678, 1126, 0, 457, 976], [829, 1475, 1666, 606, 438, 481, 2238, 438, 1592, 751, 979, 829, 1562, 773, 692, 1384, 1457, 713, 1964, 1043, 879, 740, 1222, 238, 1370, 1210, 1592, 1359, 1283, 572, 319, 301, 1715, 451, 1370, 169, 950, 376, 531, 1296, 1126, 1715, 1222, 680, 457, 0, 829], [1, 1922, 879, 1213, 751, 587, 1750, 672, 1957, 646, 950, 1, 1353, 336, 169, 1520, 976, 213, 1547, 457, 1043, 1353, 976, 913, 1771, 438, 766, 1728, 1330, 336, 672, 907, 1062, 907, 606, 676, 1490, 457, 336, 475, 606, 1062, 1410, 1173, 976, 829, 0]]}