{'nodes': [(0, 8.153846153846153, 7.884615384615385, 0, 48000, 0, False), (1, 14.0, 7.0, 30806, 35505, 50, True), (2, 11.5, 7.0, 40111, 46771, 50, True), (3, 6.0, 10.5, 8329, 15322, 50, True), (4, 15.0, 8.5, 585, 9137, 30, True), (5, 15.0, 10.5, 13596, 20564, 50, True), (6, 12.5, 14.5, 14119, 16044, 50, True), (7, 2.0, 0.5, 23867, 28131, 40, True), (8, 10.5, 11.0, 42577, 47979, 50, True), (9, 7.5, 4.5, 3240, 11383, 50, True), (10, 5.5, 6.5, 26005, 35015, 20, False), (11, 0.5, 11.5, 17719, 25415, 20, True), (12, 11.5, 11.0, 31952, 34804, 10, True), (13, 13.5, 15.0, 13775, 18669, 10, True), (14, 5.5, 0, 16450, 20722, 30, True), (15, 0.5, 6.5, 22719, 25000, 20, True), (16, 12.0, 2.5, 3564, 8951, 10, True), (17, 8.0, 7.5, 17792, 25732, 20, True), (18, 12.5, 14.5, 31926, 39137, 30, True), (19, 3.0, 6.0, 38517, 42026, 40, False), (20, 15.0, 11.5, 13128, 17423, 10, True), (21, 1.5, 4.5, 7851, 16822, 50, True), (22, 8.0, 9.5, 21850, 25860, 10, True), (23, 12.0, 1.5, 29792, 34987, 20, True), (24, 10.5, 11.5, 29905, 33999, 10, True), (25, 12.5, 0, 30607, 40327, 10, False), (26, 7.0, 7.0, 36922, 45783, 20, True), (27, 5.0, 1.5, 3108, 7761, 40, True), (28, 7.0, 10.0, 6686, 13744, 10, True), (29, 6.0, 11.5, 10804, 14218, 30, True), (30, 7.5, 1.5, 26020, 31049, 50, False), (31, 11.0, 15.0, 4171, 12439, 30, True), (32, 12.5, 11.0, 29198, 33130, 30, True), (33, 6.5, 4.5, 13349, 21337, 30, True), (34, 7.5, 6.5, 6078, 9579, 30, True), (35, 6.5, 11.0, 21004, 24015, 20, True), (36, 6.0, 4.5, 3040, 13158, 10, True), (37, 9.0, 9.5, 45131, 48000, 10, True), (38, 2.0, 8.5, 38130, 44653, 40, True), (39, 3.0, 13.5, 37353, 43413, 40, False), (40, 2.5, 7.0, 32667, 38739, 50, True), (41, 8.0, 0.5, 39766, 43758, 30, True), (42, 0, 14.5, 36423, 37888, 40, True), (43, 0, 6.0, 34598, 41295, 30, True), (44, 13.5, 1.0, 23944, 28697, 10, True), (45, 6.0, 13.0, 31260, 40494, 40, True), (46, 14.0, 11.5, 30316, 37513, 20, True), (47, 12.5, 15.0, 14546, 21242, 40, True), (48, 13.0, 7.5, 24289, 28335, 20, True), (49, 14.5, 3.5, 22967, 28628, 50, True), (50, 6.0, 9.5, 11795, 15741, 40, True), (51, 4.5, 0, 31421, 36424, 30, True), (52, 13.0, 15.0, 38657, 45647, 20, True), (53, 8.5, 11.5, 43701, 48000, 10, True), (54, 1.0, 11.0, 21781, 26869, 20, True), (55, 12.0, 5.5, 41118, 42198, 40, True), (56, 7.0, 7.5, 587, 4534, 10, True), (57, 7.5, 8.5, 13561, 18551, 30, True), (58, 5.0, 1.0, 35204, 39095, 10, True), (59, 1.0, 6.5, 9241, 15303, 30, False), (60, 14.5, 13.0, 31916, 37673, 20, True), (61, 11.0, 7.0, 20519, 27507, 20, True), (62, 10.5, 7.5, 0, 6201, 20, True), (63, 8.0, 13.5, 5862, 14436, 20, True), (64, 0, 0, 19728, 26054, 50, True), (65, 14.0, 7.0, 37068, 46324, 50, True), (66, 8.153846153846153, 7.884615384615385, 0, 48000, 0, False)], 'F': 20.0, 'ct': 0.083, 'cd': 0.021, 'truck_cap': 100, 'drone_cap': 20, 'truck_speed': 40, 'drone_speed': 40, 'a': 1, 'b': 2, 'max_flight_time': 3000, 'ttt': [[0, 1775, 1039, 1017, 2063, 2200, 2376, 2885, 1171, 1035, 899, 2540, 1373, 2671, 2497, 2334, 1986, 125, 2376, 1647, 2324, 2241, 488, 2237, 1294, 2702, 437, 2137, 724, 1263, 1926, 2300, 1605, 1131, 460, 1059, 1205, 548, 1856, 2288, 1718, 2217, 3151, 2512, 2616, 1666, 2063, 2502, 1459, 2315, 809, 2608, 2584, 1091, 2342, 1359, 366, 270, 2273, 2187, 2446, 895, 714, 1686, 3404, 1775, 1], [1775, 0, 751, 2621, 542, 1093, 2296, 4095, 1596, 2090, 2555, 4270, 1416, 2406, 3304, 4054, 1478, 1807, 2296, 3315, 1384, 3825, 1951, 1757, 1711, 2149, 2101, 3165, 2286, 2755, 2555, 2564, 1283, 2373, 1957, 2551, 2515, 1678, 3629, 3834, 3451, 2655, 4766, 4212, 1807, 3001, 1351, 2443, 336, 1062, 2515, 3541, 2420, 2133, 4081, 751, 2106, 2002, 3246, 3904, 1807, 901, 1062, 2655, 4697, 1, 1775], [1039, 751, 0, 1957, 1143, 1486, 2271, 3454, 1238, 1416, 1807, 3566, 1201, 2475, 2767, 3304, 1359, 1062, 2271, 2569, 1711, 3093, 1291, 1658, 1384, 2122, 1351, 2555, 1623, 2133, 2041, 2406, 1238, 1678, 1210, 1922, 1813, 1062, 2886, 3211, 2701, 2216, 4120, 3464, 1898, 2443, 1545, 2420, 475, 1384, 1813, 2971, 2443, 1623, 3372, 475, 1359, 1283, 2655, 3155, 2013, 151, 336, 2216, 4040, 751, 1039], [1017, 2621, 1957, 0, 2767, 2701, 2291, 3232, 1359, 1856, 1210, 1678, 1658, 2625, 3155, 2041, 3001, 1083, 2291, 1623, 2718, 2251, 672, 3246, 1384, 3706, 1093, 2718, 336, 301, 2738, 2019, 1957, 1807, 1283, 213, 1801, 950, 1343, 1274, 1486, 3060, 2164, 2251, 3632, 751, 2420, 2373, 2286, 3304, 301, 3183, 2497, 809, 1508, 2344, 950, 751, 2867, 1922, 2659, 1832, 1623, 1083, 3629, 2621, 1017], [2063, 542, 1143, 2767, 0, 601, 1951, 4580, 1545, 2551, 2913, 4443, 1291, 2002, 3825, 4392, 2013, 2122, 1951, 3678, 901, 4225, 2122, 2286, 1623, 2659, 2443, 3663, 2443, 2847, 3079, 2291, 1062, 2819, 2330, 2659, 2956, 1826, 3901, 3901, 3778, 3190, 4848, 4563, 2296, 3020, 950, 2090, 672, 1508, 2718, 4054, 2041, 2149, 4267, 1274, 2420, 2251, 3751, 4244, 1359, 1283, 1384, 2582, 5173, 542, 2063], [2200, 1093, 1486, 2701, 601, 0, 1416, 4921, 1359, 2882, 3093, 4361, 1062, 1424, 4249, 4513, 2564, 2286, 1416, 3846, 301, 4433, 2122, 2847, 1384, 3239, 2621, 4037, 2406, 2718, 3516, 1807, 766, 3122, 2551, 2555, 3246, 1826, 3947, 3712, 3895, 3663, 4658, 4699, 2886, 2803, 425, 1545, 1083, 2106, 2718, 4456, 1478, 1974, 4204, 1750, 2564, 2330, 4139, 4369, 766, 1596, 1623, 2286, 5494, 1093, 2200], [2376, 2296, 2271, 2291, 1951, 1416, 0, 5251, 1210, 3355, 3190, 3712, 1093, 336, 4831, 4328, 3604, 2497, 1, 3825, 1173, 4461, 2019, 3904, 1083, 4351, 2791, 4503, 2133, 2149, 4180, 475, 1051, 3500, 2831, 2085, 3579, 1832, 3629, 2867, 3751, 4413, 3751, 4536, 4062, 2002, 1007, 151, 2106, 3355, 2461, 4969, 213, 1501, 3607, 2705, 2672, 2344, 4634, 4204, 751, 2296, 2185, 1384, 5744, 2296, 2376], [2885, 4095, 3454, 3232, 4580, 4921, 5251, 0, 4054, 2041, 2085, 3332, 4249, 5553, 1062, 1856, 3060, 2767, 5251, 1678, 5110, 1210, 3246, 3016, 4171, 3155, 2461, 950, 3222, 3512, 1678, 5121, 4456, 1807, 2443, 3428, 1698, 3422, 2401, 3913, 1957, 1801, 4244, 1757, 3454, 3938, 4885, 5372, 3913, 3857, 2956, 766, 5461, 3834, 3165, 3355, 2582, 2913, 913, 1826, 5304, 3332, 3304, 4296, 619, 4095, 2885], [1171, 1596, 1238, 1359, 1545, 1359, 1210, 4054, 0, 2149, 2019, 3005, 301, 1501, 3626, 3291, 2590, 1291, 1210, 2705, 1359, 3332, 876, 2886, 151, 3355, 1596, 3294, 1093, 1359, 2990, 1210, 601, 2291, 1623, 1201, 2373, 637, 2659, 2373, 2684, 3239, 3321, 3490, 3133, 1478, 1062, 1343, 1291, 2551, 1424, 3760, 1416, 619, 2851, 1711, 1486, 1173, 3425, 3155, 1343, 1210, 1051, 1062, 4563, 1596, 1171], [1035, 2090, 1416, 1856, 2551, 2882, 3355, 2041, 2149, 0, 850, 2971, 2291, 3629, 1478, 2185, 1478, 913, 3355, 1424, 3079, 1801, 1508, 1623, 2286, 2019, 766, 1173, 1658, 2149, 901, 3321, 2461, 301, 601, 1974, 451, 1567, 2041, 3020, 1678, 1210, 3751, 2296, 2085, 2590, 2867, 3490, 1880, 2122, 1567, 1623, 3557, 2122, 2759, 1384, 913, 1201, 1291, 2041, 3304, 1291, 1274, 2705, 2625, 2090, 1035], [899, 2555, 1807, 1210, 2913, 3093, 3190, 2085, 2019, 850, 0, 2122, 2251, 3503, 1951, 1501, 2291, 809, 3190, 766, 3222, 1343, 1173, 2461, 2122, 2867, 475, 1508, 1143, 1508, 1617, 3038, 2497, 672, 601, 1384, 619, 1384, 1210, 2231, 913, 1951, 2913, 1658, 2913, 1957, 2959, 3304, 2271, 2847, 913, 1974, 3402, 1750, 1910, 1974, 542, 850, 1658, 1351, 3332, 1658, 1531, 2231, 2555, 2555, 899], [2540, 4270, 3566, 1678, 4443, 4361, 3712, 3332, 3005, 2971, 2122, 0, 3304, 4040, 3763, 1501, 4382, 2551, 3712, 1813, 4351, 2122, 2330, 4573, 3001, 4987, 2373, 3291, 2002, 1651, 3663, 3321, 3604, 2767, 2582, 1807, 2672, 2621, 1007, 961, 1478, 3995, 913, 1658, 5014, 1711, 4051, 3751, 3938, 4838, 1757, 3654, 3895, 2401, 213, 3892, 2291, 2286, 3428, 1508, 4225, 3428, 3232, 2330, 3454, 4270, 2540], [1373, 1416, 1201, 1658, 1291, 1062, 1093, 4249, 301, 2291, 2251, 3304, 0, 1343, 3760, 3566, 2555, 1486, 1093, 2959, 1062, 3579, 1143, 2855, 336, 3315, 1807, 3454, 1384, 1658, 3093, 1210, 301, 2461, 1807, 1501, 2555, 876, 2948, 2659, 2956, 3321, 3607, 3763, 3060, 1757, 766, 1238, 1143, 2424, 1711, 3913, 1283, 913, 3151, 1658, 1711, 1416, 3579, 3428, 1083, 1210, 1093, 1291, 4775, 1416, 1373], [2671, 2406, 2475, 2625, 2002, 1424, 336, 5553, 1501, 3629, 3503, 4040, 1343, 0, 5101, 4661, 3778, 2791, 336, 4150, 1143, 4785, 2334, 4076, 1384, 4511, 3093, 4787, 2461, 2484, 4433, 751, 1238, 3787, 3122, 2420, 3872, 2133, 3964, 3183, 4081, 4653, 4054, 4868, 4201, 2330, 1062, 301, 2256, 3464, 2791, 5249, 151, 1832, 3938, 2886, 2978, 2655, 4915, 4536, 672, 2515, 2424, 1711, 6055, 2406, 2671], [2497, 3304, 2767, 3155, 3825, 4249, 4831, 1062, 3626, 1478, 1951, 3763, 3760, 5101, 0, 2461, 2090, 2373, 4831, 1951, 4476, 1807, 2948, 2002, 3763, 2101, 2149, 475, 3035, 3454, 751, 4794, 3913, 1384, 2041, 3315, 1359, 3038, 2759, 4120, 2286, 766, 4653, 2443, 2420, 3904, 4291, 4967, 3183, 2898, 2855, 301, 5032, 3566, 3566, 2555, 2296, 2621, 336, 2373, 4744, 2672, 2705, 4120, 1651, 3304, 2497], [2334, 4054, 3304, 2041, 4392, 4513, 4328, 1856, 3291, 2185, 1501, 1501, 3566, 4661, 2461, 0, 3654, 2271, 4328, 766, 4602, 672, 2424, 3763, 3355, 4095, 1957, 2019, 2216, 2231, 2582, 4054, 3846, 1898, 2101, 2251, 1757, 2705, 751, 2231, 619, 2882, 2406, 213, 4236, 2555, 4320, 4413, 3763, 4296, 1880, 2291, 4536, 2831, 1359, 3464, 1974, 2185, 2133, 151, 4632, 3155, 3016, 3079, 1957, 4054, 2334], [1986, 1478, 1359, 3001, 2013, 2564, 3604, 3060, 2590, 1478, 2291, 4382, 2555, 3778, 2090, 3654, 0, 1922, 3604, 2898, 2847, 3208, 2420, 301, 2738, 766, 2019, 2122, 2705, 3246, 1384, 3763, 2555, 1757, 1807, 3038, 1898, 2286, 3500, 4265, 3155, 1343, 5092, 3751, 637, 3629, 2767, 3754, 1531, 809, 2767, 2373, 3763, 2898, 4171, 901, 2122, 2251, 2149, 3512, 3239, 1384, 1567, 3512, 3678, 1478, 1986], [125, 1807, 1062, 1083, 2122, 2286, 2497, 2767, 1291, 913, 809, 2551, 1486, 2791, 2373, 2271, 1922, 0, 2497, 1567, 2420, 2149, 601, 2164, 1416, 2625, 336, 2013, 809, 1343, 1807, 2424, 1711, 1007, 336, 1143, 1083, 672, 1826, 2344, 1658, 2101, 3190, 2443, 2555, 1757, 2164, 2625, 1501, 2291, 850, 2484, 2705, 1210, 2349, 1343, 301, 336, 2149, 2122, 2555, 913, 751, 1801, 3291, 1807, 125], [2376, 2296, 2271, 2291, 1951, 1416, 1, 5251, 1210, 3355, 3190, 3712, 1093, 336, 4831, 4328, 3604, 2497, 0, 3825, 1173, 4461, 2019, 3904, 1083, 4351, 2791, 4503, 2133, 2149, 4180, 475, 1051, 3500, 2831, 2085, 3579, 1832, 3629, 2867, 3751, 4413, 3751, 4536, 4062, 2002, 1007, 151, 2106, 3355, 2461, 4969, 213, 1501, 3607, 2705, 2672, 2344, 4634, 4204, 751, 2296, 2185, 1384, 5744, 2296, 2376], [1647, 3315, 2569, 1623, 3678, 3846, 3825, 1678, 2705, 1424, 766, 1813, 2959, 4150, 1951, 766, 2898, 1567, 3825, 0, 3961, 637, 1832, 3020, 2791, 3372, 1238, 1478, 1698, 1880, 1910, 3613, 3222, 1143, 1359, 1832, 1007, 2085, 809, 2251, 336, 2231, 2705, 901, 3490, 2286, 3691, 3927, 3035, 3532, 1384, 1856, 4037, 2334, 1617, 2705, 1283, 1545, 1617, 619, 4040, 2420, 2296, 2705, 2013, 3315, 1647], [2324, 1384, 1711, 2718, 901, 301, 1173, 5110, 1359, 3079, 3222, 4351, 1062, 1143, 4476, 4602, 2847, 2420, 1173, 3961, 0, 4563, 2185, 3133, 1351, 3532, 2755, 4244, 2443, 2701, 3751, 1596, 766, 3304, 2705, 2555, 3422, 1898, 4003, 3651, 3987, 3913, 4590, 4794, 3183, 2738, 301, 1291, 1343, 2406, 2767, 4673, 1210, 1951, 4204, 2013, 2684, 2424, 4351, 4461, 475, 1807, 1807, 2185, 5671, 1384, 2324], [2241, 3825, 3093, 2251, 4225, 4433, 4461, 1210, 3332, 1801, 1343, 2122, 3579, 4785, 1807, 672, 3208, 2149, 4461, 637, 4563, 0, 2461, 3277, 3422, 3566, 1813, 1384, 2334, 2497, 2013, 4249, 3834, 1501, 1898, 2461, 1351, 2705, 1210, 2738, 809, 2291, 3035, 637, 3751, 2886, 4299, 4563, 3566, 3913, 2019, 1623, 4673, 2971, 1957, 3165, 1880, 2164, 1486, 619, 4661, 2948, 2847, 3332, 1424, 3825, 2241], [488, 1951, 1291, 672, 2122, 2122, 2019, 3246, 876, 1508, 1173, 2330, 1143, 2334, 2948, 2424, 2420, 601, 2019, 1832, 2185, 2461, 0, 2684, 961, 3155, 809, 2564, 336, 850, 2406, 1880, 1424, 1567, 913, 637, 1617, 301, 1826, 1922, 1813, 2701, 2831, 2621, 3038, 1210, 1898, 2133, 1617, 2655, 601, 3038, 2231, 619, 2149, 1698, 672, 336, 2705, 2286, 2216, 1173, 961, 1201, 3727, 1951, 488], [2237, 1757, 1658, 3246, 2286, 2847, 3904, 3016, 2886, 1623, 2461, 4573, 2855, 4076, 2002, 3763, 301, 2164, 3904, 3020, 3133, 3277, 2684, 0, 3035, 475, 2231, 2101, 2959, 3500, 1351, 4062, 2855, 1880, 2019, 3294, 2013, 2564, 3663, 4501, 3294, 1238, 5309, 3846, 475, 3892, 3060, 4054, 1826, 961, 3001, 2296, 4062, 3179, 4361, 1201, 2344, 2497, 2106, 3626, 3532, 1678, 1856, 3796, 3629, 1757, 2237], [1294, 1711, 1384, 1384, 1623, 1384, 1083, 4171, 151, 2286, 2122, 3001, 336, 1384, 3763, 3355, 2738, 1416, 1083, 2791, 1351, 3422, 961, 3035, 0, 3503, 1711, 3425, 1143, 1351, 3133, 1062, 619, 2420, 1750, 1210, 2497, 751, 2705, 2330, 2755, 3385, 3277, 3557, 3277, 1424, 1051, 1210, 1416, 2684, 1478, 3892, 1291, 601, 2855, 1856, 1596, 1274, 3557, 3222, 1283, 1359, 1201, 961, 4673, 1711, 1294], [2702, 2149, 2122, 3706, 2659, 3239, 4351, 3155, 3355, 2019, 2867, 4987, 3315, 4511, 2101, 4095, 766, 2625, 4351, 3372, 3532, 3566, 3155, 475, 3503, 0, 2672, 2296, 3425, 3964, 1567, 4523, 3301, 2251, 2461, 3760, 2373, 3038, 4054, 4953, 3663, 1359, 5744, 4161, 425, 4361, 3480, 4501, 2256, 1210, 3454, 2401, 4503, 3654, 4775, 1658, 2791, 2959, 2271, 3964, 3947, 2149, 2330, 4270, 3751, 2149, 2702], [437, 2101, 1351, 1093, 2443, 2621, 2791, 2461, 1596, 766, 475, 2373, 1807, 3093, 2149, 1957, 2019, 336, 2791, 1238, 2755, 1813, 809, 2231, 1711, 2672, 0, 1757, 901, 1384, 1658, 2684, 2041, 766, 213, 1210, 809, 961, 1567, 2291, 1351, 1974, 3079, 2122, 2655, 1826, 2497, 2913, 1807, 2484, 809, 2231, 3001, 1424, 2164, 1567, 151, 475, 1898, 1807, 2882, 1201, 1062, 1974, 2971, 2101, 437], [2137, 3165, 2555, 2718, 3663, 4037, 4503, 950, 3294, 1173, 1508, 3291, 3454, 4787, 475, 2019, 2122, 2013, 4503, 1478, 4244, 1384, 2564, 2101, 3425, 2296, 1757, 0, 2621, 3016, 751, 4433, 3632, 1007, 1678, 2886, 950, 2684, 2286, 3651, 1813, 950, 4180, 2019, 2555, 3464, 4037, 4634, 3001, 2913, 2420, 475, 4709, 3179, 3093, 2420, 1898, 2231, 151, 1922, 4476, 2443, 2443, 3712, 1567, 3165, 2137], [724, 2286, 1623, 336, 2443, 2406, 2133, 3222, 1093, 1658, 1143, 2002, 1384, 2461, 3035, 2216, 2705, 809, 2133, 1698, 2443, 2334, 336, 2959, 1143, 3425, 901, 2621, 0, 542, 2555, 1922, 1678, 1658, 1062, 336, 1678, 619, 1567, 1596, 1623, 2867, 2497, 2420, 3332, 950, 2149, 2231, 1951, 2978, 336, 3093, 2344, 637, 1826, 2019, 751, 475, 2767, 2085, 2424, 1501, 1291, 1093, 3663, 2286, 724], [1263, 2755, 2133, 301, 2847, 2718, 2149, 3512, 1359, 2149, 1508, 1651, 1658, 2484, 3454, 2231, 3246, 1343, 2149, 1880, 2701, 2497, 850, 3500, 1351, 3964, 1384, 3016, 542, 0, 3035, 1832, 1957, 2106, 1567, 213, 2101, 1083, 1501, 1083, 1711, 3355, 2013, 2443, 3872, 451, 2401, 2216, 2420, 3503, 601, 3480, 2349, 751, 1508, 2547, 1238, 1007, 3165, 2122, 2590, 2019, 1807, 850, 3892, 2755, 1263], [1926, 2555, 2041, 2738, 3079, 3516, 4180, 1678, 2990, 901, 1617, 3663, 3093, 4433, 751, 2582, 1384, 1807, 4180, 1910, 3751, 2013, 2406, 1351, 3133, 1567, 1658, 751, 2555, 3035, 0, 4185, 3222, 950, 1501, 2867, 1007, 2443, 2672, 3846, 2231, 336, 4503, 2625, 1807, 3480, 3579, 4320, 2443, 2185, 2443, 1007, 4374, 3016, 3454, 1807, 1807, 2101, 766, 2461, 4040, 1957, 2013, 3604, 2296, 2555, 1926], [2300, 2564, 2406, 2019, 2291, 1807, 475, 5121, 1210, 3321, 3038, 3321, 1210, 751, 4794, 4054, 3763, 2424, 475, 3613, 1596, 4249, 1880, 4062, 1062, 4523, 2684, 4433, 1922, 1832, 4185, 0, 1283, 3428, 2759, 1807, 3490, 1757, 3332, 2443, 3503, 4443, 3304, 4265, 4267, 1617, 1384, 451, 2330, 3607, 2231, 4905, 601, 1291, 3232, 2867, 2551, 2216, 4570, 3938, 1210, 2401, 2256, 1007, 5581, 2564, 2300], [1605, 1283, 1238, 1957, 1062, 766, 1051, 4456, 601, 2461, 2497, 3604, 301, 1238, 3913, 3846, 2555, 1711, 1051, 3222, 766, 3834, 1424, 2855, 619, 3301, 2041, 3632, 1678, 1957, 3222, 1283, 0, 2655, 2019, 1801, 2759, 1143, 3239, 2948, 3232, 3428, 3895, 4040, 3016, 2041, 475, 1201, 1062, 2330, 2002, 4081, 1210, 1210, 3451, 1658, 1957, 1678, 3751, 3706, 850, 1283, 1210, 1545, 4996, 1283, 1605], [1131, 2373, 1678, 1807, 2819, 3122, 3500, 1807, 2291, 301, 672, 2767, 2461, 3787, 1384, 1898, 1757, 1007, 3500, 1143, 3304, 1501, 1567, 1880, 2420, 2251, 766, 1007, 1658, 2106, 950, 3428, 2655, 0, 672, 1951, 151, 1678, 1807, 2898, 1416, 1283, 3579, 2002, 2349, 2555, 3079, 3629, 2149, 2420, 1508, 1478, 3706, 2185, 2555, 1678, 913, 1238, 1143, 1757, 3503, 1545, 1501, 2738, 2373, 2373, 1131], [460, 1957, 1210, 1283, 2330, 2551, 2831, 2443, 1623, 601, 601, 2582, 1807, 3122, 2041, 2101, 1807, 336, 2831, 1359, 2705, 1898, 913, 2019, 1750, 2461, 213, 1678, 1062, 1567, 1501, 2759, 2019, 672, 0, 1384, 751, 1007, 1757, 2497, 1508, 1807, 3291, 2256, 2443, 2002, 2461, 2959, 1678, 2286, 1007, 2149, 3038, 1531, 2373, 1384, 336, 601, 1813, 1951, 2867, 1062, 950, 2106, 2978, 1957, 460], [1059, 2551, 1922, 213, 2659, 2555, 2085, 3428, 1201, 1974, 1384, 1807, 1501, 2420, 3315, 2251, 3038, 1143, 2085, 1832, 2555, 2461, 637, 3294, 1210, 3760, 1210, 2886, 336, 213, 2867, 1807, 1801, 1951, 1384, 0, 1957, 876, 1545, 1291, 1698, 3183, 2216, 2461, 3663, 619, 2256, 2164, 2216, 3291, 475, 3355, 2291, 619, 1651, 2334, 1062, 809, 3035, 2133, 2475, 1807, 1596, 876, 3834, 2551, 1059], [1205, 2515, 1813, 1801, 2956, 3246, 3579, 1698, 2373, 451, 619, 2672, 2555, 3872, 1359, 1757, 1898, 1083, 3579, 1007, 3422, 1351, 1617, 2013, 2497, 2373, 809, 950, 1678, 2101, 1007, 3490, 2759, 151, 751, 1957, 0, 1750, 1698, 2847, 1291, 1343, 3500, 1856, 2484, 2551, 3190, 3706, 2286, 2569, 1501, 1424, 3787, 2231, 2461, 1826, 950, 1283, 1093, 1617, 3607, 1678, 1623, 2767, 2251, 2515, 1205], [548, 1678, 1062, 950, 1826, 1826, 1832, 3422, 637, 1567, 1384, 2621, 876, 2133, 3038, 2705, 2286, 672, 1832, 2085, 1898, 2705, 301, 2564, 751, 3038, 961, 2684, 619, 1083, 2443, 1757, 1143, 1678, 1007, 876, 1750, 0, 2122, 2164, 2090, 2718, 3090, 2898, 2886, 1384, 1617, 1957, 1343, 2443, 901, 3155, 2041, 619, 2443, 1501, 850, 542, 2819, 2564, 1957, 961, 751, 1238, 3927, 1678, 548], [1856, 3629, 2886, 1343, 3901, 3947, 3629, 2401, 2659, 2041, 1210, 1007, 2948, 3964, 2759, 751, 3500, 1826, 3629, 809, 4003, 1210, 1826, 3663, 2705, 4054, 1567, 2286, 1567, 1501, 2672, 3332, 3239, 1807, 1757, 1545, 1698, 2122, 0, 1531, 475, 3001, 1898, 961, 4120, 1807, 3712, 3706, 3315, 4040, 1238, 2659, 3834, 2149, 809, 3133, 1531, 1651, 2424, 672, 3987, 2738, 2569, 2344, 2621, 3629, 1856], [2288, 3834, 3211, 1274, 3901, 3712, 2867, 3913, 2373, 3020, 2231, 961, 2659, 3183, 4120, 2231, 4265, 2344, 2867, 2251, 3651, 2738, 1922, 4501, 2330, 4953, 2291, 3651, 1596, 1083, 3846, 2443, 2948, 2898, 2497, 1291, 2847, 2164, 1531, 0, 1957, 4180, 950, 2424, 4898, 913, 3355, 2886, 3500, 4573, 1501, 4076, 3035, 1757, 961, 3613, 2164, 2019, 3799, 2185, 3454, 3093, 2882, 1501, 4150, 3834, 2288], [1718, 3451, 2701, 1486, 3778, 3895, 3751, 1957, 2684, 1678, 913, 1478, 2956, 4081, 2286, 619, 3155, 1658, 3751, 336, 3987, 809, 1813, 3294, 2755, 3663, 1351, 1813, 1623, 1711, 2231, 3503, 3232, 1416, 1508, 1698, 1291, 2090, 475, 1957, 0, 2555, 2373, 809, 3760, 2085, 3706, 3843, 3155, 3751, 1291, 2185, 3961, 2251, 1283, 2886, 1359, 1567, 1951, 475, 4026, 2551, 2406, 2555, 2231, 3451, 1718], [2217, 2655, 2216, 3060, 3190, 3663, 4413, 1801, 3239, 1210, 1951, 3995, 3321, 4653, 766, 2882, 1343, 2101, 4413, 2231, 3913, 2291, 2701, 1238, 3385, 1359, 1974, 950, 2867, 3355, 336, 4443, 3428, 1283, 1807, 3183, 1343, 2718, 3001, 4180, 2555, 0, 4838, 2913, 1658, 3799, 3760, 4556, 2582, 2149, 2767, 1062, 4602, 3304, 3787, 1922, 2122, 2406, 913, 2767, 4228, 2149, 2231, 3901, 2406, 2655, 2217], [3151, 4766, 4120, 2164, 4848, 4658, 3751, 4244, 3321, 3751, 2913, 913, 3607, 4054, 4653, 2406, 5092, 3190, 3751, 2705, 4590, 3035, 2831, 5309, 3277, 5744, 3079, 4180, 2497, 2013, 4503, 3304, 3895, 3579, 3291, 2216, 3500, 3090, 1898, 950, 2373, 4838, 0, 2551, 5729, 1856, 4296, 3754, 4430, 5461, 2344, 4556, 3904, 2705, 1093, 4501, 2971, 2882, 4320, 2420, 4374, 3995, 3787, 2420, 4351, 4766, 3151], [2512, 4212, 3464, 2251, 4563, 4699, 4536, 1757, 3490, 2296, 1658, 1658, 3763, 4868, 2443, 213, 3751, 2443, 4536, 901, 4794, 637, 2621, 3846, 3557, 4161, 2122, 2019, 2420, 2443, 2625, 4265, 4040, 2002, 2256, 2461, 1856, 2898, 961, 2424, 809, 2913, 2551, 0, 4320, 2767, 4513, 4622, 3927, 4415, 2085, 2251, 4744, 3038, 1531, 3604, 2149, 2373, 2122, 336, 4831, 3315, 3183, 3291, 1801, 4212, 2512], [2616, 1807, 1898, 3632, 2296, 2886, 4062, 3454, 3133, 2085, 2913, 5014, 3060, 4201, 2420, 4236, 637, 2555, 4062, 3490, 3183, 3751, 3038, 475, 3277, 425, 2655, 2555, 3332, 3872, 1807, 4267, 3016, 2349, 2443, 3663, 2484, 2886, 4120, 4898, 3760, 1658, 5729, 4320, 0, 4246, 3155, 4212, 1957, 809, 3402, 2718, 4204, 3490, 4803, 1424, 2759, 2882, 2551, 4098, 3613, 1951, 2149, 4098, 4062, 1807, 2616], [1666, 3001, 2443, 751, 3020, 2803, 2002, 3938, 1478, 2590, 1957, 1711, 1757, 2330, 3904, 2555, 3629, 1757, 2002, 2286, 2738, 2886, 1210, 3892, 1424, 4361, 1826, 3464, 950, 451, 3480, 1617, 2041, 2555, 2002, 619, 2551, 1384, 1807, 913, 2085, 3799, 1856, 2767, 4246, 0, 2443, 2041, 2672, 3825, 1051, 3927, 2185, 876, 1617, 2882, 1678, 1424, 3613, 2461, 2551, 2344, 2133, 619, 4296, 3001, 1666], [2063, 1351, 1545, 2420, 950, 425, 1007, 4885, 1062, 2867, 2959, 4051, 766, 1062, 4291, 4320, 2767, 2164, 1007, 3691, 301, 4299, 1898, 3060, 1051, 3480, 2497, 4037, 2149, 2401, 3579, 1384, 475, 3079, 2461, 2256, 3190, 1617, 3712, 3355, 3706, 3760, 4296, 4513, 3155, 2443, 0, 1143, 1238, 2406, 2475, 4476, 1093, 1651, 3904, 1898, 2420, 2149, 4150, 4180, 475, 1623, 1596, 1898, 5436, 1351, 2063], [2502, 2443, 2420, 2373, 2090, 1545, 151, 5372, 1343, 3490, 3304, 3751, 1238, 301, 4967, 4413, 3754, 2625, 151, 3927, 1291, 4563, 2133, 4054, 1210, 4501, 2913, 4634, 2231, 2216, 4320, 451, 1201, 3629, 2959, 2164, 3706, 1957, 3706, 2886, 3843, 4556, 3754, 4622, 4212, 2041, 1143, 0, 2256, 3503, 2555, 5101, 151, 1596, 3654, 2855, 2791, 2461, 4766, 4291, 850, 2443, 2330, 1424, 5859, 2443, 2502], [1459, 336, 475, 2286, 672, 1083, 2106, 3913, 1291, 1880, 2271, 3938, 1143, 2256, 3183, 3763, 1531, 1501, 2106, 3035, 1343, 3566, 1617, 1826, 1416, 2256, 1807, 3001, 1951, 2420, 2443, 2330, 1062, 2149, 1678, 2216, 2286, 1343, 3315, 3500, 3155, 2582, 4430, 3927, 1957, 2672, 1238, 2256, 0, 1283, 2185, 3402, 2251, 1807, 3751, 672, 1801, 1678, 3093, 3613, 1711, 619, 751, 2344, 4503, 336, 1459], [2315, 1062, 1384, 3304, 1508, 2106, 3355, 3857, 2551, 2122, 2847, 4838, 2424, 3464, 2898, 4296, 809, 2291, 3355, 3532, 2406, 3913, 2655, 961, 2684, 1210, 2484, 2913, 2978, 3503, 2185, 3607, 2330, 2420, 2286, 3291, 2569, 2443, 4040, 4573, 3751, 2149, 5461, 4415, 809, 3825, 2406, 3503, 1283, 0, 3122, 3179, 3480, 3001, 4634, 961, 2551, 2582, 2948, 4150, 2851, 1486, 1698, 3579, 4476, 1062, 2315], [809, 2515, 1813, 301, 2718, 2718, 2461, 2956, 1424, 1567, 913, 1757, 1711, 2791, 2855, 1880, 2767, 850, 2461, 1384, 2767, 2019, 601, 3001, 1478, 3454, 809, 2420, 336, 601, 2443, 2231, 2002, 1508, 1007, 475, 1501, 901, 1238, 1501, 1291, 2767, 2344, 2085, 3402, 1051, 2475, 2555, 2185, 3122, 0, 2886, 2672, 961, 1567, 2164, 672, 542, 2569, 1750, 2759, 1678, 1478, 1343, 3372, 2515, 809], [2608, 3541, 2971, 3183, 4054, 4456, 4969, 766, 3760, 1623, 1974, 3654, 3913, 5249, 301, 2291, 2373, 2484, 4969, 1856, 4673, 1623, 3038, 2296, 3892, 2401, 2231, 475, 3093, 3480, 1007, 4905, 4081, 1478, 2149, 3355, 1424, 3155, 2659, 4076, 2185, 1062, 4556, 2251, 2718, 3927, 4476, 5101, 3402, 3179, 2886, 0, 5173, 3654, 3464, 2791, 2373, 2705, 336, 2216, 4921, 2867, 2882, 4185, 1351, 3541, 2608], [2584, 2420, 2443, 2497, 2041, 1478, 213, 5461, 1416, 3557, 3402, 3895, 1283, 151, 5032, 4536, 3763, 2705, 213, 4037, 1210, 4673, 2231, 4062, 1291, 4503, 3001, 4709, 2344, 2349, 4374, 601, 1210, 3706, 3038, 2291, 3787, 2041, 3834, 3035, 3961, 4602, 3904, 4744, 4204, 2185, 1093, 151, 2251, 3480, 2672, 5173, 0, 1711, 3796, 2867, 2882, 2555, 4838, 4413, 751, 2475, 2373, 1567, 5956, 2420, 2584], [1091, 2133, 1623, 809, 2149, 1974, 1501, 3834, 619, 2122, 1750, 2401, 913, 1832, 3566, 2831, 2898, 1210, 1501, 2334, 1951, 2971, 619, 3179, 601, 3654, 1424, 3179, 637, 751, 3016, 1291, 1210, 2185, 1531, 619, 2231, 619, 2149, 1757, 2251, 3304, 2705, 3038, 3490, 876, 1651, 1596, 1807, 3001, 961, 3654, 1711, 0, 2256, 2085, 1283, 950, 3321, 2705, 1856, 1545, 1343, 619, 4291, 2133, 1091], [2342, 4081, 3372, 1508, 4267, 4204, 3607, 3165, 2851, 2759, 1910, 213, 3151, 3938, 3566, 1359, 4171, 2349, 3607, 1617, 4204, 1957, 2149, 4361, 2855, 4775, 2164, 3093, 1826, 1508, 3454, 3232, 3451, 2555, 2373, 1651, 2461, 2443, 809, 961, 1283, 3787, 1093, 1531, 4803, 1617, 3904, 3654, 3751, 4634, 1567, 3464, 3796, 2256, 0, 3691, 2085, 2090, 3232, 1351, 4095, 3232, 3038, 2231, 3315, 4081, 2342], [1359, 751, 475, 2344, 1274, 1750, 2705, 3355, 1711, 1384, 1974, 3892, 1658, 2886, 2555, 3464, 901, 1343, 2705, 2705, 2013, 3165, 1698, 1201, 1856, 1658, 1567, 2420, 2019, 2547, 1807, 2867, 1658, 1678, 1384, 2334, 1826, 1501, 3133, 3613, 2886, 1922, 4501, 3604, 1424, 2882, 1898, 2855, 672, 961, 2164, 2791, 2867, 2085, 3691, 0, 1617, 1623, 2497, 3315, 2373, 542, 751, 2684, 3961, 751, 1359], [366, 2106, 1359, 950, 2420, 2564, 2672, 2582, 1486, 913, 542, 2291, 1711, 2978, 2296, 1974, 2122, 301, 2672, 1283, 2684, 1880, 672, 2344, 1596, 2791, 151, 1898, 751, 1238, 1807, 2551, 1957, 913, 336, 1062, 950, 850, 1531, 2164, 1359, 2122, 2971, 2149, 2759, 1678, 2420, 2791, 1801, 2551, 672, 2373, 2882, 1283, 2085, 1617, 0, 336, 2041, 1826, 2791, 1210, 1051, 1826, 3079, 2106, 366], [270, 2002, 1283, 751, 2251, 2330, 2344, 2913, 1173, 1201, 850, 2286, 1416, 2655, 2621, 2185, 2251, 336, 2344, 1545, 2424, 2164, 336, 2497, 1274, 2959, 475, 2231, 475, 1007, 2101, 2216, 1678, 1238, 601, 809, 1283, 542, 1651, 2019, 1567, 2406, 2882, 2373, 2882, 1424, 2149, 2461, 1678, 2582, 542, 2705, 2555, 950, 2090, 1623, 336, 0, 2373, 2041, 2497, 1143, 950, 1508, 3402, 2002, 270], [2273, 3246, 2655, 2867, 3751, 4139, 4634, 913, 3425, 1291, 1658, 3428, 3579, 4915, 336, 2133, 2149, 2149, 4634, 1617, 4351, 1486, 2705, 2106, 3557, 2271, 1898, 151, 2767, 3165, 766, 4570, 3751, 1143, 1813, 3035, 1093, 2819, 2424, 3799, 1951, 913, 4320, 2122, 2551, 3613, 4150, 4766, 3093, 2948, 2569, 336, 4838, 3321, 3232, 2497, 2041, 2373, 0, 2041, 4593, 2547, 2555, 3857, 1531, 3246, 2273], [2187, 3904, 3155, 1922, 4244, 4369, 4204, 1826, 3155, 2041, 1351, 1508, 3428, 4536, 2373, 151, 3512, 2122, 4204, 619, 4461, 619, 2286, 3626, 3222, 3964, 1807, 1922, 2085, 2122, 2461, 3938, 3706, 1757, 1951, 2133, 1617, 2564, 672, 2185, 475, 2767, 2420, 336, 4098, 2461, 4180, 4291, 3613, 4150, 1750, 2216, 4413, 2705, 1351, 3315, 1826, 2041, 2041, 0, 4496, 3005, 2867, 2971, 1974, 3904, 2187], [2446, 1807, 2013, 2659, 1359, 766, 751, 5304, 1343, 3304, 3332, 4225, 1083, 672, 4744, 4632, 3239, 2555, 751, 4040, 475, 4661, 2216, 3532, 1283, 3947, 2882, 4476, 2424, 2590, 4040, 1210, 850, 3503, 2867, 2475, 3607, 1957, 3987, 3454, 4026, 4228, 4374, 4831, 3613, 2551, 475, 850, 1711, 2851, 2759, 4921, 751, 1856, 4095, 2373, 2791, 2497, 4593, 4496, 0, 2085, 2041, 1957, 5843, 1807, 2446], [895, 901, 151, 1832, 1283, 1596, 2296, 3332, 1210, 1291, 1658, 3428, 1210, 2515, 2672, 3155, 1384, 913, 2296, 2420, 1807, 2948, 1173, 1678, 1359, 2149, 1201, 2443, 1501, 2019, 1957, 2401, 1283, 1545, 1062, 1807, 1678, 961, 2738, 3093, 2551, 2149, 3995, 3315, 1951, 2344, 1623, 2443, 619, 1486, 1678, 2867, 2475, 1545, 3232, 542, 1210, 1143, 2547, 3005, 2085, 0, 213, 2149, 3913, 901, 895], [714, 1062, 336, 1623, 1384, 1623, 2185, 3304, 1051, 1274, 1531, 3232, 1093, 2424, 2705, 3016, 1567, 751, 2185, 2296, 1807, 2847, 961, 1856, 1201, 2330, 1062, 2443, 1291, 1807, 2013, 2256, 1210, 1501, 950, 1596, 1623, 751, 2569, 2882, 2406, 2231, 3787, 3183, 2149, 2133, 1596, 2330, 751, 1698, 1478, 2882, 2373, 1343, 3038, 751, 1051, 950, 2555, 2867, 2041, 213, 0, 1951, 3872, 1062, 714], [1686, 2655, 2216, 1083, 2582, 2286, 1384, 4296, 1062, 2705, 2231, 2330, 1291, 1711, 4120, 3079, 3512, 1801, 1384, 2705, 2185, 3332, 1201, 3796, 961, 4270, 1974, 3712, 1093, 850, 3604, 1007, 1545, 2738, 2106, 876, 2767, 1238, 2344, 1501, 2555, 3901, 2420, 3291, 4098, 619, 1898, 1424, 2344, 3579, 1343, 4185, 1567, 619, 2231, 2684, 1826, 1508, 3857, 2971, 1957, 2149, 1951, 0, 4709, 2655, 1686], [3404, 4697, 4040, 3629, 5173, 5494, 5744, 619, 4563, 2625, 2555, 3454, 4775, 6055, 1651, 1957, 3678, 3291, 5744, 2013, 5671, 1424, 3727, 3629, 4673, 3751, 2971, 1567, 3663, 3892, 2296, 5581, 4996, 2373, 2978, 3834, 2251, 3927, 2621, 4150, 2231, 2406, 4351, 1801, 4062, 4296, 5436, 5859, 4503, 4476, 3372, 1351, 5956, 4291, 3315, 3961, 3079, 3402, 1531, 1974, 5843, 3913, 3872, 4709, 0, 4697, 3404], [1775, 1, 751, 2621, 542, 1093, 2296, 4095, 1596, 2090, 2555, 4270, 1416, 2406, 3304, 4054, 1478, 1807, 2296, 3315, 1384, 3825, 1951, 1757, 1711, 2149, 2101, 3165, 2286, 2755, 2555, 2564, 1283, 2373, 1957, 2551, 2515, 1678, 3629, 3834, 3451, 2655, 4766, 4212, 1807, 3001, 1351, 2443, 336, 1062, 2515, 3541, 2420, 2133, 4081, 751, 2106, 2002, 3246, 3904, 1807, 901, 1062, 2655, 4697, 0, 1775], [1, 1775, 1039, 1017, 2063, 2200, 2376, 2885, 1171, 1035, 899, 2540, 1373, 2671, 2497, 2334, 1986, 125, 2376, 1647, 2324, 2241, 488, 2237, 1294, 2702, 437, 2137, 724, 1263, 1926, 2300, 1605, 1131, 460, 1059, 1205, 548, 1856, 2288, 1718, 2217, 3151, 2512, 2616, 1666, 2063, 2502, 1459, 2315, 809, 2608, 2584, 1091, 2342, 1359, 366, 270, 2273, 2187, 2446, 895, 714, 1686, 3404, 1775, 0]], 'ttd': [[0, 888, 520, 509, 1032, 1100, 1188, 1443, 586, 518, 450, 1271, 687, 1336, 1249, 1168, 994, 63, 1188, 824, 1162, 1121, 244, 1119, 647, 1351, 219, 1069, 362, 632, 964, 1151, 803, 566, 231, 530, 603, 275, 929, 1144, 859, 1109, 1576, 1256, 1308, 834, 1032, 1252, 730, 1158, 405, 1305, 1292, 546, 1171, 680, 183, 136, 1137, 1094, 1224, 448, 358, 844, 1702, 888, 1], [888, 0, 376, 1311, 271, 547, 1148, 2048, 798, 1046, 1278, 2136, 709, 1203, 1653, 2027, 740, 904, 1148, 1658, 692, 1913, 976, 879, 856, 1075, 1051, 1583, 1143, 1378, 1278, 1283, 642, 1187, 979, 1276, 1258, 840, 1815, 1918, 1726, 1328, 2383, 2106, 904, 1501, 676, 1222, 169, 531, 1258, 1771, 1210, 1067, 2041, 376, 1054, 1002, 1623, 1952, 904, 451, 531, 1328, 2349, 1, 888], [520, 376, 0, 979, 572, 743, 1136, 1728, 619, 709, 904, 1784, 601, 1238, 1384, 1653, 680, 531, 1136, 1285, 856, 1547, 646, 829, 692, 1062, 676, 1278, 812, 1067, 1021, 1203, 619, 840, 606, 961, 907, 531, 1444, 1606, 1351, 1108, 2060, 1733, 950, 1222, 773, 1210, 238, 692, 907, 1486, 1222, 812, 1686, 238, 680, 642, 1328, 1578, 1007, 76, 169, 1108, 2020, 376, 520], [509, 1311, 979, 0, 1384, 1351, 1146, 1617, 680, 929, 606, 840, 829, 1313, 1578, 1021, 1501, 542, 1146, 812, 1359, 1126, 336, 1623, 692, 1853, 547, 1359, 169, 151, 1370, 1010, 979, 904, 642, 107, 901, 475, 672, 637, 743, 1531, 1083, 1126, 1817, 376, 1210, 1187, 1143, 1653, 151, 1592, 1249, 405, 755, 1173, 475, 376, 1434, 961, 1330, 916, 812, 542, 1815, 1311, 509], [1032, 271, 572, 1384, 0, 301, 976, 2291, 773, 1276, 1457, 2222, 646, 1002, 1913, 2197, 1007, 1062, 976, 1840, 451, 2113, 1062, 1143, 812, 1330, 1222, 1832, 1222, 1424, 1540, 1146, 531, 1410, 1165, 1330, 1478, 913, 1951, 1951, 1889, 1596, 2424, 2282, 1148, 1510, 475, 1046, 336, 755, 1359, 2027, 1021, 1075, 2134, 637, 1210, 1126, 1876, 2122, 680, 642, 692, 1291, 2587, 271, 1032], [1100, 547, 743, 1351, 301, 0, 709, 2461, 680, 1442, 1547, 2181, 531, 713, 2125, 2257, 1283, 1143, 709, 1923, 151, 2217, 1062, 1424, 692, 1620, 1311, 2019, 1203, 1359, 1758, 904, 383, 1562, 1276, 1278, 1623, 913, 1974, 1856, 1948, 1832, 2330, 2350, 1444, 1402, 213, 773, 542, 1054, 1359, 2228, 740, 987, 2102, 876, 1283, 1165, 2070, 2185, 383, 798, 812, 1143, 2747, 547, 1100], [1188, 1148, 1136, 1146, 976, 709, 0, 2626, 606, 1678, 1596, 1856, 547, 169, 2416, 2164, 1803, 1249, 1, 1913, 587, 2231, 1010, 1952, 542, 2176, 1396, 2252, 1067, 1075, 2090, 238, 526, 1750, 1416, 1043, 1790, 916, 1815, 1434, 1876, 2207, 1876, 2268, 2032, 1002, 504, 76, 1054, 1678, 1231, 2485, 107, 751, 1804, 1353, 1336, 1173, 2318, 2102, 376, 1148, 1093, 692, 2873, 1148, 1188], [1443, 2048, 1728, 1617, 2291, 2461, 2626, 0, 2027, 1021, 1043, 1666, 2125, 2777, 531, 929, 1531, 1384, 2626, 840, 2555, 606, 1623, 1508, 2086, 1578, 1231, 475, 1611, 1757, 840, 2561, 2228, 904, 1222, 1715, 850, 1711, 1201, 1957, 979, 901, 2122, 879, 1728, 1970, 2443, 2686, 1957, 1929, 1478, 383, 2731, 1918, 1583, 1678, 1291, 1457, 457, 913, 2653, 1666, 1653, 2149, 310, 2048, 1443], [586, 798, 619, 680, 773, 680, 606, 2027, 0, 1075, 1010, 1503, 151, 751, 1813, 1646, 1296, 646, 606, 1353, 680, 1666, 438, 1444, 76, 1678, 798, 1648, 547, 680, 1495, 606, 301, 1146, 812, 601, 1187, 319, 1330, 1187, 1343, 1620, 1661, 1745, 1567, 740, 531, 672, 646, 1276, 713, 1880, 709, 310, 1426, 856, 743, 587, 1713, 1578, 672, 606, 526, 531, 2282, 798, 586], [518, 1046, 709, 929, 1276, 1442, 1678, 1021, 1075, 0, 425, 1486, 1146, 1815, 740, 1093, 740, 457, 1678, 713, 1540, 901, 755, 812, 1143, 1010, 383, 587, 829, 1075, 451, 1661, 1231, 151, 301, 987, 226, 784, 1021, 1510, 840, 606, 1876, 1148, 1043, 1296, 1434, 1745, 941, 1062, 784, 812, 1779, 1062, 1380, 692, 457, 601, 646, 1021, 1653, 646, 637, 1353, 1313, 1046, 518], [450, 1278, 904, 606, 1457, 1547, 1596, 1043, 1010, 425, 0, 1062, 1126, 1752, 976, 751, 1146, 405, 1596, 383, 1611, 672, 587, 1231, 1062, 1434, 238, 755, 572, 755, 809, 1520, 1249, 336, 301, 692, 310, 692, 606, 1116, 457, 976, 1457, 829, 1457, 979, 1480, 1653, 1136, 1424, 457, 987, 1701, 876, 956, 987, 271, 425, 829, 676, 1666, 829, 766, 1116, 1278, 1278, 450], [1271, 2136, 1784, 840, 2222, 2181, 1856, 1666, 1503, 1486, 1062, 0, 1653, 2020, 1882, 751, 2191, 1276, 1856, 907, 2176, 1062, 1165, 2287, 1501, 2494, 1187, 1646, 1002, 826, 1832, 1661, 1803, 1384, 1291, 904, 1336, 1311, 504, 481, 740, 1998, 457, 829, 2508, 856, 2026, 1876, 1970, 2420, 879, 1827, 1948, 1201, 107, 1947, 1146, 1143, 1715, 755, 2113, 1715, 1617, 1165, 1728, 2136, 1271], [687, 709, 601, 829, 646, 531, 547, 2125, 151, 1146, 1126, 1653, 0, 672, 1880, 1784, 1278, 743, 547, 1480, 531, 1790, 572, 1428, 169, 1658, 904, 1728, 692, 829, 1547, 606, 151, 1231, 904, 751, 1278, 438, 1475, 1330, 1478, 1661, 1804, 1882, 1531, 879, 383, 619, 572, 1213, 856, 1957, 642, 457, 1576, 829, 856, 709, 1790, 1715, 542, 606, 547, 646, 2388, 709, 687], [1336, 1203, 1238, 1313, 1002, 713, 169, 2777, 751, 1815, 1752, 2020, 672, 0, 2551, 2331, 1889, 1396, 169, 2075, 572, 2393, 1168, 2038, 692, 2256, 1547, 2394, 1231, 1242, 2217, 376, 619, 1894, 1562, 1210, 1937, 1067, 1982, 1592, 2041, 2327, 2027, 2435, 2101, 1165, 531, 151, 1128, 1733, 1396, 2625, 76, 916, 1970, 1444, 1490, 1328, 2458, 2268, 336, 1258, 1213, 856, 3028, 1203, 1336], [1249, 1653, 1384, 1578, 1913, 2125, 2416, 531, 1813, 740, 976, 1882, 1880, 2551, 0, 1231, 1046, 1187, 2416, 976, 2238, 904, 1475, 1002, 1882, 1051, 1075, 238, 1518, 1728, 376, 2397, 1957, 692, 1021, 1658, 680, 1520, 1380, 2060, 1143, 383, 2327, 1222, 1210, 1952, 2146, 2484, 1592, 1449, 1428, 151, 2517, 1784, 1784, 1278, 1148, 1311, 169, 1187, 2373, 1336, 1353, 2060, 826, 1653, 1249], [1168, 2027, 1653, 1021, 2197, 2257, 2164, 929, 1646, 1093, 751, 751, 1784, 2331, 1231, 0, 1827, 1136, 2164, 383, 2302, 336, 1213, 1882, 1678, 2048, 979, 1010, 1108, 1116, 1291, 2027, 1923, 950, 1051, 1126, 879, 1353, 376, 1116, 310, 1442, 1203, 107, 2118, 1278, 2160, 2207, 1882, 2149, 941, 1146, 2268, 1416, 680, 1733, 987, 1093, 1067, 76, 2316, 1578, 1508, 1540, 979, 2027, 1168], [994, 740, 680, 1501, 1007, 1283, 1803, 1531, 1296, 740, 1146, 2191, 1278, 1889, 1046, 1827, 0, 961, 1803, 1449, 1424, 1604, 1210, 151, 1370, 383, 1010, 1062, 1353, 1623, 692, 1882, 1278, 879, 904, 1520, 950, 1143, 1750, 2133, 1578, 672, 2547, 1876, 319, 1815, 1384, 1877, 766, 405, 1384, 1187, 1882, 1449, 2086, 451, 1062, 1126, 1075, 1757, 1620, 692, 784, 1757, 1840, 740, 994], [63, 904, 531, 542, 1062, 1143, 1249, 1384, 646, 457, 405, 1276, 743, 1396, 1187, 1136, 961, 0, 1249, 784, 1210, 1075, 301, 1083, 709, 1313, 169, 1007, 405, 672, 904, 1213, 856, 504, 169, 572, 542, 336, 913, 1173, 829, 1051, 1596, 1222, 1278, 879, 1083, 1313, 751, 1146, 425, 1242, 1353, 606, 1175, 672, 151, 169, 1075, 1062, 1278, 457, 376, 901, 1646, 904, 63], [1188, 1148, 1136, 1146, 976, 709, 1, 2626, 606, 1678, 1596, 1856, 547, 169, 2416, 2164, 1803, 1249, 0, 1913, 587, 2231, 1010, 1952, 542, 2176, 1396, 2252, 1067, 1075, 2090, 238, 526, 1750, 1416, 1043, 1790, 916, 1815, 1434, 1876, 2207, 1876, 2268, 2032, 1002, 504, 76, 1054, 1678, 1231, 2485, 107, 751, 1804, 1353, 1336, 1173, 2318, 2102, 376, 1148, 1093, 692, 2873, 1148, 1188], [824, 1658, 1285, 812, 1840, 1923, 1913, 840, 1353, 713, 383, 907, 1480, 2075, 976, 383, 1449, 784, 1913, 0, 1981, 319, 916, 1510, 1396, 1686, 619, 740, 850, 941, 956, 1807, 1611, 572, 680, 916, 504, 1043, 405, 1126, 169, 1116, 1353, 451, 1745, 1143, 1846, 1964, 1518, 1766, 692, 929, 2019, 1168, 809, 1353, 642, 773, 809, 310, 2020, 1210, 1148, 1353, 1007, 1658, 824], [1162, 692, 856, 1359, 451, 151, 587, 2555, 680, 1540, 1611, 2176, 531, 572, 2238, 2302, 1424, 1210, 587, 1981, 0, 2282, 1093, 1567, 676, 1766, 1378, 2122, 1222, 1351, 1876, 798, 383, 1653, 1353, 1278, 1711, 950, 2002, 1826, 1994, 1957, 2296, 2397, 1592, 1370, 151, 646, 672, 1203, 1384, 2337, 606, 976, 2102, 1007, 1343, 1213, 2176, 2231, 238, 904, 904, 1093, 2836, 692, 1162], [1121, 1913, 1547, 1126, 2113, 2217, 2231, 606, 1666, 901, 672, 1062, 1790, 2393, 904, 336, 1604, 1075, 2231, 319, 2282, 0, 1231, 1639, 1711, 1784, 907, 692, 1168, 1249, 1007, 2125, 1918, 751, 950, 1231, 676, 1353, 606, 1370, 405, 1146, 1518, 319, 1876, 1444, 2150, 2282, 1784, 1957, 1010, 812, 2337, 1486, 979, 1583, 941, 1083, 743, 310, 2331, 1475, 1424, 1666, 713, 1913, 1121], [244, 976, 646, 336, 1062, 1062, 1010, 1623, 438, 755, 587, 1165, 572, 1168, 1475, 1213, 1210, 301, 1010, 916, 1093, 1231, 0, 1343, 481, 1578, 405, 1283, 169, 425, 1203, 941, 713, 784, 457, 319, 809, 151, 913, 961, 907, 1351, 1416, 1311, 1520, 606, 950, 1067, 809, 1328, 301, 1520, 1116, 310, 1075, 850, 336, 169, 1353, 1143, 1108, 587, 481, 601, 1864, 976, 244], [1119, 879, 829, 1623, 1143, 1424, 1952, 1508, 1444, 812, 1231, 2287, 1428, 2038, 1002, 1882, 151, 1083, 1952, 1510, 1567, 1639, 1343, 0, 1518, 238, 1116, 1051, 1480, 1750, 676, 2032, 1428, 941, 1010, 1648, 1007, 1283, 1832, 2251, 1648, 619, 2655, 1923, 238, 1947, 1531, 2027, 913, 481, 1501, 1148, 2032, 1590, 2181, 601, 1173, 1249, 1054, 1813, 1766, 840, 929, 1898, 1815, 879, 1119], [647, 856, 692, 692, 812, 692, 542, 2086, 76, 1143, 1062, 1501, 169, 692, 1882, 1678, 1370, 709, 542, 1396, 676, 1711, 481, 1518, 0, 1752, 856, 1713, 572, 676, 1567, 531, 310, 1210, 876, 606, 1249, 376, 1353, 1165, 1378, 1693, 1639, 1779, 1639, 713, 526, 606, 709, 1343, 740, 1947, 646, 301, 1428, 929, 798, 637, 1779, 1611, 642, 680, 601, 481, 2337, 856, 647], [1351, 1075, 1062, 1853, 1330, 1620, 2176, 1578, 1678, 1010, 1434, 2494, 1658, 2256, 1051, 2048, 383, 1313, 2176, 1686, 1766, 1784, 1578, 238, 1752, 0, 1336, 1148, 1713, 1982, 784, 2262, 1651, 1126, 1231, 1880, 1187, 1520, 2027, 2477, 1832, 680, 2873, 2081, 213, 2181, 1741, 2251, 1128, 606, 1728, 1201, 2252, 1827, 2388, 829, 1396, 1480, 1136, 1982, 1974, 1075, 1165, 2136, 1876, 1075, 1351], [219, 1051, 676, 547, 1222, 1311, 1396, 1231, 798, 383, 238, 1187, 904, 1547, 1075, 979, 1010, 169, 1396, 619, 1378, 907, 405, 1116, 856, 1336, 0, 879, 451, 692, 829, 1343, 1021, 383, 107, 606, 405, 481, 784, 1146, 676, 987, 1540, 1062, 1328, 913, 1249, 1457, 904, 1242, 405, 1116, 1501, 713, 1083, 784, 76, 238, 950, 904, 1442, 601, 531, 987, 1486, 1051, 219], [1069, 1583, 1278, 1359, 1832, 2019, 2252, 475, 1648, 587, 755, 1646, 1728, 2394, 238, 1010, 1062, 1007, 2252, 740, 2122, 692, 1283, 1051, 1713, 1148, 879, 0, 1311, 1508, 376, 2217, 1817, 504, 840, 1444, 475, 1343, 1143, 1826, 907, 475, 2090, 1010, 1278, 1733, 2019, 2318, 1501, 1457, 1210, 238, 2355, 1590, 1547, 1210, 950, 1116, 76, 961, 2238, 1222, 1222, 1856, 784, 1583, 1069], [362, 1143, 812, 169, 1222, 1203, 1067, 1611, 547, 829, 572, 1002, 692, 1231, 1518, 1108, 1353, 405, 1067, 850, 1222, 1168, 169, 1480, 572, 1713, 451, 1311, 0, 271, 1278, 961, 840, 829, 531, 169, 840, 310, 784, 798, 812, 1434, 1249