{'nodes': [(0, 0, 0, 0, 48000, 0, False), (1, 0.2827141866439989, -1.653773380940515, 26197, 33564, 10, True), (2, -0.9693965321344508, 0.08749921325934962, 0, 7677, 40, True), (3, -3.561439676197482, 2.5519091045383204, 41851, 47655, 10, True), (4, 2.9597200443806964, 1.9843780621397429, 1568, 7180, 40, True), (5, -6.742188304472178, -2.256145334137851, 697, 6362, 10, True), (6, 0.2246270196660866, 13.187160225035225, 9735, 17045, 50, True), (7, -0.12574953151997847, -1.430856724929179, 7506, 14152, 20, True), (8, 0.6829199277152195, 2.9893951125624354, 31569, 38647, 10, True), (9, -12.94808445226271, 10.864724183156731, 36011, 41843, 40, True), (10, -6.05067579062769, -4.0634850160204365, 21152, 30131, 10, False), (11, -8.862644786364708, 14.144235318702714, 7090, 14355, 20, True), (12, -5.550613640437296, 0.41736044274840306, 21928, 30362, 20, True), (13, 11.995410025615401, -12.18600178129344, 24742, 30565, 30, True), (14, 5.137541307294423, 15.983576975335929, 1229, 10203, 10, True), (15, 3.1006086189655315, -3.1311355556612233, 37180, 41400, 30, False), (16, 0.7356916190443619, -0.02190230039310455, 1750, 5996, 30, True), (17, -2.848031272416569, 11.113420202488262, 35631, 39328, 30, True), (18, 1.2311829043348808, 4.185066394371498, 26285, 30109, 30, True), (19, -0.7188479363015432, -5.92332692498212, 2292, 11430, 10, True), (20, -1.8733121158834736, 3.750122704994993, 0, 3693, 20, True), (21, 1.3179863178027509, 7.072710820365862, 18247, 22171, 50, True), (22, -14.715280174500865, 11.077897754975622, 33581, 37259, 20, True), (23, -2.3488261870637377, -0.8066487888320145, 21258, 27753, 20, True), (24, 0.21789743013627474, -1.1289259263298694, 10677, 19053, 40, True), (25, 10.62609740009471, -10.986943467249228, 17333, 24276, 10, False), (26, 12.962243159844451, -1.3351179434017946, 27548, 31681, 30, True), (27, 14.255166611357787, -3.763183739248422, 28043, 34264, 40, True), (28, -1.5155836382344543, 2.4874416654957012, 22889, 28144, 20, True), (29, -9.804262770668482, -2.021785769986597, 38761, 46747, 10, True), (30, 1.8318630652310275, -1.97872326660476, 40547, 46387, 50, False), (31, -1.3216966724240191, 5.540763053424757, 8744, 15099, 30, True), (32, 6.107993422955655, 1.1746549533284403, 3606, 14007, 10, True), (33, 1.7858092249925628, -2.7604111721569407, 38196, 45339, 10, True), (34, -5.007615135953387, -5.34511391909696, 20422, 24869, 20, True), (35, -1.0545417566911413, -2.1422695109240233, 40373, 48000, 40, True), (36, 17.449119937321, 1.6495337908867405, 3493, 10115, 10, True), (37, 1.2466572241210396, -0.39909389466456735, 36414, 42693, 10, True), (38, -0.960466032332671, 8.216911597684074, 37859, 42560, 30, True), (39, 9.039983411405048, 4.249101829817421, 16440, 26515, 10, True), (40, 0.016119686054646348, 0.030696587730380198, 26072, 32913, 10, True), (41, -0.06150713191645804, -0.7053682932240799, 4960, 7896, 20, True), (42, 6.288145115934313, -6.07272002766792, 35904, 42697, 30, True), (43, -4.021821646319583, -3.715659880712394, 20894, 27996, 40, True), (44, -3.0860085111371767, -1.9260944828920594, 14784, 19844, 10, True), (45, -0.37384011936515327, -0.0778288656647475, 37741, 39931, 10, True), (46, -6.63913771842747, -5.014566222399148, 9301, 13894, 20, True), (47, -3.522652223049027, 0.8029732932226781, 32366, 38360, 50, False), (48, -0.3957254842049271, 5.101228676996875, 295, 4983, 30, True), (49, -4.780073020899804, -16.74668518393919, 32384, 35480, 30, True), (50, -0.5594756015536434, -0.7553397308664245, 23083, 30216, 30, True), (51, -6.3505219300206095, 11.430304346162888, 12130, 17181, 10, True), (52, 3.3025263324093004, -3.2330111080181294, 0, 4306, 30, True), (53, 2.278728585533734, -1.1845671769834807, 29343, 35111, 30, False), (54, 0.17941852140108058, -0.5927120493163419, 19834, 25686, 40, True), (55, -0.9577656443389335, -1.8652988713337415, 6314, 12283, 50, True), (56, 0.019337398543732193, 0.555391167302614, 7717, 13237, 40, True), (57, -0.2902818263924803, 0.3724845357208302, 4398, 7627, 30, True), (58, -4.667204259414896, -3.9834070898268017, 3845, 8053, 40, True), (59, 9.658972028695162, 1.74856153090004, 20984, 27802, 20, True), (60, 5.9533820445752, -5.1764524376420695, 22153, 26326, 20, True), (61, -1.0793470851115017, -2.6909743931795185, 7302, 13322, 40, True), (62, -1.9289696919783765, -1.095845545919771, 19403, 25312, 40, True), (63, 3.629224072630912, 0.22028188166783214, 22885, 26643, 50, True), (64, -6.376185824657543, -20.912910161439584, 14765, 19922, 10, True), (65, 3.8117421977430213, 14.275760801229604, 39898, 45417, 40, True), (66, 0, 0, 0, 48000, 0, False)], 'F': 20.0, 'ct': 0.083, 'cd': 0.021, 'truck_cap': 100, 'drone_cap': 20, 'truck_speed': 40, 'drone_speed': 40, 'a': 1, 'b': 2, 'max_flight_time': 30, 'ttt': [[0, 504, 293, 1315, 1070, 2134, 3958, 432, 921, 5072, 2188, 5008, 1671, 5131, 5038, 1323, 222, 3443, 1310, 1791, 1259, 2159, 5527, 746, 346, 4586, 3910, 4424, 875, 3004, 810, 1710, 1867, 987, 2198, 717, 5259, 394, 2483, 2998, 11, 213, 2624, 1644, 1092, 116, 2497, 1085, 1536, 5226, 283, 3924, 1387, 771, 187, 630, 168, 143, 1842, 2946, 2368, 871, 667, 1092, 6560, 4434, 1], [504, 0, 644, 1710, 1356, 2116, 4453, 141, 1399, 5465, 2034, 5477, 1858, 4727, 5489, 956, 509, 3945, 1776, 1317, 1746, 2637, 5903, 830, 160, 4181, 3806, 4240, 1355, 3029, 476, 2212, 1944, 561, 1936, 428, 5245, 476, 2986, 3169, 513, 304, 2238, 1433, 1015, 513, 2309, 1360, 2038, 4777, 370, 4402, 1023, 616, 321, 379, 668, 633, 1642, 2993, 2004, 515, 685, 1152, 6114, 4896, 504], [293, 644, 0, 1074, 1310, 1870, 3947, 522, 1003, 4835, 1969, 4837, 1379, 5357, 5110, 1558, 514, 3356, 1396, 1806, 1133, 2206, 5281, 494, 511, 4811, 4202, 4712, 739, 2726, 1045, 1640, 2149, 1190, 2032, 670, 5546, 682, 2440, 3253, 297, 363, 2857, 1464, 877, 186, 2289, 796, 1515, 5179, 282, 3767, 1624, 1048, 402, 587, 329, 222, 1651, 3228, 2610, 835, 458, 1381, 6507, 4493, 293], [1315, 1710, 1074, 0, 1965, 1730, 3388, 1579, 1281, 3763, 2121, 3825, 876, 6430, 4802, 2628, 1504, 2578, 1520, 2683, 622, 1997, 4213, 1072, 1584, 5884, 5093, 5672, 615, 2323, 2114, 1121, 2931, 2262, 2410, 1597, 6310, 1693, 1871, 3816, 1314, 1435, 3929, 1886, 1352, 1241, 2452, 526, 1220, 5802, 1341, 2793, 2694, 2081, 1467, 1539, 1231, 1180, 1989, 3974, 3678, 1741, 1200, 2269, 7091, 4156, 1315], [1070, 1356, 1310, 1965, 0, 3177, 3461, 1382, 748, 5467, 3257, 5089, 2597, 5043, 4251, 1536, 900, 3247, 841, 2617, 1545, 1605, 5964, 1800, 1246, 4521, 3163, 3803, 1352, 4014, 1237, 1671, 976, 1467, 3249, 1728, 4349, 882, 2210, 1948, 1061, 1215, 2616, 2705, 2161, 1177, 3565, 1978, 1375, 6081, 1339, 3980, 1570, 973, 1138, 1649, 982, 1089, 2906, 2012, 2329, 1855, 1734, 567, 7419, 3697, 1070], [2134, 2116, 1870, 1730, 3177, 0, 5084, 2001, 2728, 4355, 582, 4962, 879, 6363, 6531, 2965, 2342, 4179, 3076, 2117, 2321, 3700, 4662, 1389, 2116, 5833, 5919, 6316, 2118, 922, 2575, 2850, 3991, 2564, 1064, 1708, 7352, 2462, 3590, 5122, 2141, 2058, 4074, 927, 1102, 2020, 829, 1333, 2916, 4388, 1910, 4109, 3029, 2726, 2137, 1740, 2198, 2091, 811, 5066, 3909, 1705, 1486, 3200, 5599, 5885, 2134], [3958, 4453, 3947, 3388, 3461, 5084, 0, 4388, 3063, 4014, 5508, 2742, 4206, 8392, 1697, 4972, 3967, 1113, 2718, 5741, 2901, 1864, 4527, 4270, 4296, 7896, 5796, 6602, 3253, 5466, 4576, 2341, 4014, 4808, 5778, 4616, 6220, 4088, 1534, 3767, 3948, 4170, 6059, 5229, 4642, 3985, 5837, 3883, 2434, 9106, 4190, 2043, 5013, 4356, 4135, 4531, 3791, 3849, 5357, 4449, 5772, 4780, 4334, 4023, 10421, 1126, 3958], [432, 141, 522, 1579, 1382, 2001, 4388, 0, 1349, 5330, 1946, 5358, 1720, 4862, 5459, 1095, 496, 3852, 1734, 1360, 1641, 2589, 5766, 694, 138, 4316, 3928, 4372, 1248, 2910, 611, 2123, 2028, 700, 1878, 352, 5354, 516, 2906, 3236, 442, 219, 2376, 1356, 901, 414, 2231, 1221, 1962, 4803, 242, 4288, 1163, 726, 269, 283, 598, 544, 1564, 3087, 2143, 475, 551, 1232, 6139, 4859, 432], [921, 1399, 1003, 1281, 748, 2728, 3063, 1349, 0, 4724, 2926, 4405, 2024, 5679, 4122, 1975, 905, 2658, 396, 2708, 801, 1241, 5219, 1458, 1244, 5147, 3907, 4549, 678, 3488, 1531, 974, 1717, 1757, 3029, 1626, 5047, 1032, 1645, 2536, 911, 1132, 3198, 2458, 1859, 974, 3255, 1423, 712, 6144, 1185, 3297, 2026, 1342, 1086, 1538, 758, 839, 2638, 2719, 2917, 1785, 1456, 1214, 7478, 3515, 921], [5072, 5465, 4835, 3763, 5467, 4355, 4014, 5330, 4724, 0, 4934, 1573, 3841, 10190, 5640, 6389, 5247, 3032, 4703, 6232, 3950, 4429, 535, 4731, 5344, 9644, 8593, 9267, 4253, 3980, 5875, 3837, 6414, 6021, 5416, 5288, 9530, 5437, 3684, 6890, 5070, 5197, 7690, 5130, 4846, 5002, 5127, 4137, 4145, 8639, 5097, 1988, 6455, 5826, 5228, 5247, 4971, 4933, 5101, 7314, 7438, 5406, 4880, 5911, 9736, 5132, 5072], [2188, 2034, 1969, 2121, 3257, 582, 5508, 1946, 2926, 4934, 0, 5528, 1354, 5938, 6888, 2761, 2371, 4654, 3302, 1695, 2659, 4007, 5235, 1480, 2077, 5418, 5763, 6093, 2391, 1283, 2447, 3213, 3973, 2384, 497, 1607, 7256, 2451, 3989, 5170, 2197, 2061, 3751, 619, 1097, 2082, 337, 1646, 3232, 3825, 1924, 4650, 2818, 2645, 2140, 1665, 2289, 2182, 417, 5026, 3618, 1548, 1525, 3177, 5057, 6248, 2188], [5008, 5477, 4837, 3825, 5089, 4962, 2742, 5358, 4405, 1573, 5528, 0, 4237, 10078, 4237, 6305, 5134, 2022, 4255, 6498, 3759, 3720, 1983, 4893, 5332, 9542, 8028, 8774, 4135, 4859, 5805, 3433, 5943, 5995, 5961, 5419, 8739, 5315, 2964, 6138, 5003, 5180, 7580, 5552, 5124, 4970, 5787, 4312, 3717, 9349, 5118, 1110, 6365, 5686, 5188, 5357, 4871, 4868, 5583, 6687, 7305, 5565, 5024, 5613, 10545, 3804, 5008], [1671, 1858, 1379, 876, 2597, 879, 4206, 1720, 2024, 3841, 1354, 4237, 0, 6482, 5666, 2806, 1891, 3311, 2328, 2393, 1490, 2870, 4219, 1029, 1793, 5939, 5580, 6074, 1362, 1472, 2329, 1994, 3506, 2400, 1737, 1553, 6911, 2055, 2716, 4527, 1675, 1682, 4051, 1323, 1021, 1561, 1663, 620, 2091, 5155, 1539, 3314, 2874, 2398, 1747, 1540, 1672, 1579, 1348, 4581, 3839, 1635, 1179, 2756, 6405, 5018, 1671], [5131, 4727, 5357, 6430, 5043, 6363, 8392, 4862, 5679, 10190, 5938, 10078, 6482, 0, 8699, 3809, 4974, 8289, 5879, 4253, 6339, 6607, 10627, 5494, 4847, 547, 3269, 2617, 5985, 7217, 4322, 6653, 4381, 4170, 5499, 4941, 4462, 4787, 7252, 5011, 5134, 4996, 2510, 5437, 5473, 5194, 5991, 6072, 6382, 5216, 5095, 8972, 3745, 4404, 4967, 4970, 5247, 5272, 5573, 4240, 2777, 4849, 5341, 4490, 6103, 8310, 5131], [5038, 5489, 5110, 4802, 4251, 6531, 1697, 5459, 4122, 5640, 6888, 4237, 5666, 8699, 0, 5768, 4981, 2807, 3730, 6804, 4231, 2909, 6136, 5516, 5343, 8258, 5702, 6526, 4515, 7020, 5480, 3685, 4453, 5713, 7087, 5747, 5670, 5053, 2963, 3711, 5027, 5245, 6627, 6518, 5913, 5095, 7224, 5244, 3663, 10261, 5306, 3708, 5792, 5222, 5192, 5659, 4877, 4959, 6674, 4482, 6354, 5906, 5546, 4752, 11596, 650, 5038], [1323, 956, 1558, 2628, 1536, 2965, 4972, 1095, 1975, 6389, 2761, 6305, 2806, 3809, 5768, 0, 1173, 4632, 2266, 1420, 2548, 3109, 6837, 1778, 1054, 3265, 3008, 3353, 2183, 3887, 515, 2921, 1577, 411, 2523, 1282, 4538, 992, 3617, 2843, 1326, 1197, 1302, 2145, 1892, 1389, 2977, 2312, 2684, 4721, 1310, 5209, 69, 635, 1162, 1276, 1442, 1464, 2345, 2453, 1054, 1262, 1629, 1019, 6046, 5227, 1323], [222, 509, 514, 1504, 900, 2342, 3967, 496, 905, 5247, 2371, 5134, 1891, 4974, 4981, 1173, 0, 3510, 1272, 1824, 1377, 2137, 5708, 956, 368, 4431, 3690, 4209, 1012, 3219, 674, 1780, 1652, 881, 2350, 834, 5040, 192, 2524, 2802, 217, 316, 2465, 1808, 1282, 334, 2673, 1302, 1575, 5284, 448, 4041, 1234, 581, 240, 752, 277, 331, 2011, 2730, 2201, 969, 863, 872, 6622, 4388, 222], [3443, 3945, 3356, 2578, 3247, 4179, 1113, 3852, 2658, 3032, 4654, 2022, 3311, 8289, 2807, 4632, 3510, 0, 2413, 5152, 2229, 1742, 3561, 3580, 3787, 7766, 6038, 6801, 2619, 4460, 4172, 1734, 4015, 4389, 4981, 4014, 6720, 3667, 1038, 4119, 3435, 3644, 5840, 4464, 3914, 3439, 4971, 3101, 1949, 8379, 3627, 1056, 4684, 3998, 3628, 3936, 3283, 3313, 4563, 4688, 5556, 4176, 3674, 3803, 9667, 2213, 3443], [1310, 1776, 1396, 1520, 841, 3076, 2718, 1734, 396, 4703, 3302, 4255, 2328, 5879, 3730, 2266, 1272, 2413, 0, 3089, 941, 868, 5213, 1844, 1624, 5355, 3890, 4578, 970, 3799, 1859, 868, 1720, 2091, 3418, 2019, 4925, 1376, 1378, 2344, 1300, 1519, 3432, 2847, 2246, 1368, 3633, 1751, 561, 6534, 1577, 3147, 2312, 1642, 1469, 1931, 1149, 1232, 3024, 2633, 3147, 2177, 1847, 1391, 7869, 3126, 1310], [1791, 1317, 1806, 2683, 2617, 2117, 5741, 1360, 2708, 6232, 1695, 6498, 2393, 4253, 6804, 1420, 1824, 5152, 3089, 0, 2924, 3947, 6607, 1612, 1467, 3728, 4330, 4540, 2536, 2967, 1410, 3445, 2955, 1211, 1299, 1140, 5906, 1760, 4244, 4230, 1801, 1579, 2104, 1193, 1395, 1758, 1798, 2187, 3310, 3469, 1552, 5474, 1452, 1683, 1623, 1221, 1957, 1894, 1321, 3873, 2015, 977, 1494, 2259, 4807, 6211, 1791], [1259, 1746, 1133, 622, 1545, 2321, 2901, 1641, 801, 3950, 2659, 3759, 1490, 6339, 4231, 2548, 1377, 2229, 941, 2924, 0, 1383, 4437, 1375, 1593, 5798, 4706, 5339, 395, 2944, 2048, 563, 2517, 2242, 2887, 1786, 5832, 1558, 1369, 3278, 1253, 1444, 3832, 2332, 1742, 1234, 2994, 1014, 602, 6212, 1409, 2668, 2609, 1936, 1442, 1708, 1115, 1120, 2468, 3512, 3563, 1948, 1455, 1962, 7522, 3590, 1259], [2159, 2637, 2206, 1997, 1605, 3700, 1864, 2589, 1241, 4429, 4007, 3720, 2870, 6607, 2909, 3109, 2137, 1742, 868, 3947, 1383, 0, 4959, 2608, 2484, 6096, 4310, 5064, 1618, 4311, 2721, 917, 2280, 2954, 4182, 2856, 5107, 2243, 766, 2468, 2149, 2371, 4217, 3612, 3007, 2205, 4342, 2377, 785, 7377, 2416, 2647, 3150, 2495, 2326, 2768, 1995, 2068, 3773, 2970, 3930, 3017, 2638, 2171, 8708, 2288, 2159], [5527, 5903, 5281, 4213, 5964, 4662, 4527, 5766, 5219, 535, 5235, 1983, 4219, 10627, 6136, 6837, 5708, 3561, 5213, 6607, 4437, 4959, 0, 5146, 5787, 10081, 9101, 9766, 4726, 4198, 6324, 4349, 6918, 6462, 5724, 5704, 10056, 5899, 4216, 7416, 5525, 5642, 8136, 5477, 5235, 5452, 5403, 4559, 4656, 8865, 5536, 2513, 6904, 6288, 5678, 5668, 5433, 5390, 5433, 7831, 7889, 5815, 5297, 6396, 9919, 5641, 5527], [746, 830, 494, 1072, 1800, 1389, 4270, 694, 1458, 4731, 1480, 4893, 1029, 5494, 5516, 1778, 956, 3580, 1844, 1612, 1375, 2608, 5146, 0, 777, 4949, 4597, 5061, 1020, 2267, 1304, 1930, 2607, 1373, 1579, 559, 5986, 1087, 2740, 3739, 754, 688, 3036, 1008, 403, 633, 1804, 599, 1868, 4838, 538, 3863, 1846, 1394, 762, 525, 821, 713, 1181, 3684, 2816, 683, 154, 1821, 6153, 4889, 746], [346, 160, 511, 1584, 1246, 2116, 4296, 138, 1244, 5344, 2077, 5332, 1793, 4847, 5343, 1054, 368, 3787, 1624, 1467, 1593, 2484, 5787, 777, 0, 4302, 3825, 4286, 1204, 3020, 548, 2055, 1898, 680, 2015, 489, 5237, 379, 2827, 3101, 354, 153, 2350, 1491, 1021, 363, 2365, 1264, 1879, 4920, 260, 4253, 1121, 619, 162, 417, 510, 477, 1698, 2962, 2107, 610, 645, 1102, 6257, 4747, 346], [4586, 4181, 4811, 5884, 4521, 5833, 7896, 4316, 5147, 9644, 5418, 9542, 5939, 547, 8258, 3265, 4431, 7766, 5355, 3728, 5798, 6096, 10081, 4949, 4302, 0, 2980, 2426, 5442, 6694, 3778, 6119, 3893, 3624, 4987, 4396, 4309, 4244, 6730, 4597, 4590, 4450, 1967, 4907, 4932, 4649, 5482, 5526, 5851, 4935, 4549, 8437, 3201, 3863, 4422, 4424, 4704, 4727, 5047, 3833, 2238, 4305, 4796, 3965, 5907, 7851, 4586], [3910, 3806, 4202, 5093, 3163, 5919, 5796, 3928, 3907, 8593, 5763, 8028, 5580, 3269, 5702, 3008, 3690, 6038, 3890, 4330, 4706, 4310, 9101, 4597, 3825, 2980, 0, 826, 4493, 6834, 3346, 4757, 2191, 3381, 5525, 4213, 1618, 3527, 5066, 2048, 3906, 3913, 2456, 5146, 4819, 4020, 5984, 4988, 4449, 7051, 4061, 6946, 2954, 3206, 3842, 4180, 3925, 4010, 5349, 1357, 2399, 4233, 4469, 2840, 8257, 5430, 3910], [4424, 4240, 4712, 5672, 3803, 6316, 6602, 4372, 4549, 9267, 6093, 8774, 6074, 2617, 6526, 3353, 4209, 6801, 4578, 4540, 5339, 5064, 9766, 5061, 4286, 2426, 826, 0, 5090, 7238, 3766, 5444, 2859, 3754, 5799, 4620, 1886, 4032, 5811, 2869, 4422, 4393, 2490, 5484, 5232, 4527, 6281, 5507, 5138, 6913, 4536, 7681, 3291, 3676, 4330, 4600, 4464, 4538, 5678, 2154, 2527, 4613, 4922, 3405, 8050, 6254, 4424], [875, 1355, 739, 615, 1352, 2118, 3253, 1248, 678, 4253, 2391, 4135, 1362, 5985, 4515, 2183, 1012, 2619, 970, 2536, 395, 1618, 4726, 1020, 1204, 5442, 4493, 5090, 0, 2832, 1675, 919, 2322, 1861, 2574, 1397, 5696, 1200, 1728, 3211, 870, 1053, 3476, 2008, 1406, 843, 2726, 787, 854, 5854, 1015, 3051, 2245, 1585, 1056, 1318, 741, 734, 2160, 3361, 3211, 1560, 1083, 1688, 7171, 3882, 875], [3004, 3029, 2726, 2323, 4014, 922, 5466, 2910, 3488, 3980, 1283, 4859, 1472, 7217, 7020, 3887, 3219, 4460, 3799, 2967, 2944, 4311, 4198, 2267, 3020, 6694, 6834, 7238, 2832, 0, 3492, 3410, 4870, 3485, 1752, 2626, 8251, 3352, 4060, 5959, 3011, 2950, 4979, 1809, 2017, 2890, 1308, 2067, 3541, 4669, 2800, 4168, 3950, 3635, 3027, 2655, 3048, 2944, 1651, 5949, 4822, 2626, 2380, 4087, 5761, 6372, 3004], [810, 476, 1045, 2114, 1237, 2575, 4576, 611, 1531, 5875, 2447, 5805, 2329, 4322, 5480, 515, 674, 4172, 1859, 1410, 2048, 2721, 6324, 1304, 548, 3778, 3346, 3766, 1675, 3492, 0, 2447, 1595, 236, 2288, 868, 4811, 506, 3172, 2859, 813, 686, 1816, 1833, 1476, 875, 2701, 1811, 2228, 4855, 807, 4714, 581, 274, 648, 839, 936, 951, 2041, 2602, 1566, 900, 1160, 853, 6192, 4913, 810], [1710, 2212, 1640, 1121, 1671, 2850, 2341, 2123, 974, 3837, 3213, 3433, 1994, 6653, 3685, 2921, 1780, 1734, 868, 3445, 563, 917, 4349, 1930, 2055, 6119, 4757, 5444, 919, 3410, 2447, 0, 2586, 2660, 3449, 2307, 5752, 1942, 811, 3134, 1702, 1913, 4166, 2894, 2303, 1710, 3547, 1568, 308, 6767, 1904, 2324, 2976, 2290, 1895, 2225, 1550, 1582, 3029, 3486, 3887, 2472, 2000, 2181, 8081, 3041, 1710], [1867, 1944, 2149, 2931, 976, 3991, 4014, 2028, 1717, 6414, 3973, 5943, 3506, 4381, 4453, 1577, 1652, 4015, 1720, 2955, 2517, 2280, 6918, 2607, 1898, 3893, 2191, 2859, 2322, 4870, 1595, 2586, 0, 1755, 3867, 2369, 3406, 1534, 2994, 1276, 1861, 1936, 2176, 3376, 2912, 1982, 4252, 2892, 2280, 6292, 2083, 4842, 1568, 1350, 1857, 2309, 1837, 1936, 3585, 1080, 1907, 2449, 2506, 798, 7612, 3991, 1867], [987, 561, 1190, 2262, 1467, 2564, 4808, 700, 1757, 6021, 2384, 5995, 2400, 4170, 5713, 411, 881, 4389, 2091, 1211, 2242, 2954, 6462, 1373, 680, 3624, 3381, 3754, 1861, 3485, 236, 2660, 1755, 0, 2182, 873, 4883, 728, 3396, 3027, 992, 830, 1678, 1767, 1484, 1034, 2617, 1919, 2449, 4636, 927, 4908, 478, 496, 810, 867, 1128, 1129, 1971, 2723, 1446, 861, 1222, 1052, 5972, 5148, 987], [2198, 1936, 2032, 2410, 3249, 1064, 5778, 1878, 3029, 5416, 497, 5961, 1737, 5499, 7087, 2523, 2350, 4981, 3418, 1299, 2887, 4182, 5724, 1579, 2015, 4987, 5525, 5799, 2574, 1752, 2288, 3449, 3867, 2182, 0, 1527, 7057, 2393, 4247, 5104, 2208, 2036, 3397, 572, 1178, 2106, 500, 1898, 3427, 3422, 1918, 5050, 2573, 2518, 2111, 1603, 2326, 2225, 422, 4889, 3290, 1423, 1575, 3083, 4689, 6455, 2198], [717, 428, 670, 1597, 1728, 1708, 4616, 352, 1626, 5288, 1607, 5419, 1553, 4941, 5747, 1282, 834, 4014, 2019, 1140, 1786, 2856, 5704, 559, 489, 4396, 4213, 4620, 1397, 2626, 868, 2307, 2369, 873, 1527, 0, 5667, 867, 3109, 3585, 728, 525, 2500, 1009, 614, 653, 1885, 1154, 2183, 4523, 443, 4372, 1348, 1041, 595, 89, 872, 789, 1217, 3420, 2292, 166, 410, 1575, 5854, 5138, 717], [5259, 5245, 5546, 6310, 4349, 7352, 6220, 5354, 5047, 9530, 7256, 8739, 6911, 4462, 5670, 4538, 5040, 6720, 4925, 5906, 5832, 5107, 10056, 5986, 5237, 4309, 1618, 1886, 5696, 8251, 4811, 5752, 3406, 4883, 7057, 5667, 0, 4900, 5865, 2642, 5253, 5301, 4073, 6640, 6254, 5373, 7499, 6298, 5454, 8657, 5452, 7720, 4491, 4631, 5225, 5623, 5240, 5337, 6848, 2338, 4012, 5710, 5872, 4169, 9845, 5576, 5259], [394, 476, 682, 1693, 882, 2462, 4088, 516, 1032, 5437, 2451, 5315, 2055, 4787, 5053, 992, 192, 3667, 1376, 1760, 1558, 2243, 5899, 1087, 379, 4244, 3527, 4032, 1200, 3352, 506, 1942, 1534, 728, 2393, 867, 4900, 0, 2669, 2723, 392, 404, 2278, 1869, 1379, 497, 2742, 1477, 1723, 5228, 553, 4219, 1051, 390, 326, 795, 467, 517, 2076, 2606, 2013, 981, 976, 740, 6566, 4470, 394], [2483, 2986, 2440, 1871, 2210, 3590, 1534, 2906, 1645, 3684, 3989, 2964, 2716, 7252, 2963, 3617, 2524, 1038, 1378, 4244, 1369, 766, 4216, 2740, 2827, 6730, 5066, 5811, 1728, 4060, 3172, 811, 2994, 3396, 4247, 3109, 5865, 2669, 0, 3229, 2474, 2691, 4808, 3697, 3110, 2496, 4321, 2354, 951, 7577, 2695, 1884, 3666, 2984, 2666, 3026, 2318, 2363, 3826, 3731, 4523, 3274, 2810, 2767, 8890, 2315, 2483], [2998, 3169, 3253, 3816, 1948, 5122, 3767, 3236, 2536, 6890, 5170, 6138, 4527, 5011, 3711, 2843, 2802, 4119, 2344, 4230, 3278, 2468, 7416, 3739, 3101, 4597, 2048, 2869, 3211, 5959, 2859, 3134, 1276, 3027, 5104, 3585, 2642, 2723, 3229, 0, 2989, 3110, 3206, 4591, 4083, 3109, 5464, 3909, 2843, 7542, 3249, 5096, 2830, 2603, 3030, 3517, 2925, 3032, 4798, 774, 2976, 3682, 3662, 2025, 8854, 3393, 2998], [11, 513, 297, 1314, 1061, 2141, 3948, 442, 911, 5070, 2197, 5003, 1675, 5134, 5027, 1326, 217, 3435, 1300, 1801, 1253, 2149, 5525, 754, 354, 4590, 3906, 4422, 870, 3011, 813, 1702, 1861, 992, 2208, 728, 5253, 392, 2474, 2989, 0, 223, 2626, 1653, 1101, 122, 2506, 1088, 1527, 5236, 293, 3918, 1390, 771, 194, 640, 158, 139, 1851, 2939, 2370, 881, 675, 1086, 6570, 4424, 11], [213, 304, 363, 1435, 1215, 2058, 4170, 219, 1132, 5197, 2061, 5180, 1682, 4996, 5245, 1197, 316, 3644, 1519, 1579, 1444, 2371, 5642, 688, 153, 4450, 3913, 4393, 1053, 2950, 686, 1913, 1936, 830, 2036, 525, 5301, 404, 2691, 3110, 223, 0, 2495, 1493, 979, 211, 2360, 1134, 1746, 5017, 151, 4102, 1263, 718, 81, 441, 380, 332, 1697, 3009, 2249, 670, 573, 1143, 6352, 4643, 213], [2624, 2238, 2857, 3929, 2616, 4074, 6059, 2376, 3198, 7690, 3751, 7580, 4051, 2510, 6627, 1302, 2465, 5840, 3432, 2104, 3832, 4217, 8136, 3036, 2350, 1967, 2456, 2490, 3476, 4979, 1816, 4166, 2176, 1678, 3397, 2500, 4073, 2278, 4808, 3206, 2626, 2495, 0, 3174, 3076, 2690, 3892, 3595, 3907, 4614, 2602, 6478, 1237, 1898, 2463, 2515, 2738, 2764, 3347, 2556, 288, 2433, 2883, 2051, 5854, 6151, 2624], [1644, 1433, 1464, 1886, 2705, 927, 5229, 1356, 2458, 5130, 619, 5552, 1323, 5437, 6518, 2145, 1808, 4464, 2847, 1193, 2332, 3612, 5477, 1008, 1491, 4907, 5146, 5484, 2008, 1809, 1833, 2894, 3376, 1767, 572, 1009, 6640, 1869, 3697, 4591, 1653, 1493, 3174, 0, 607, 1547, 878, 1365, 2861, 3917, 1368, 4598, 2203, 2038, 1571, 1075, 1765, 1662, 211, 4420, 3025, 936, 1007, 2582, 5208, 5888, 1644], [1092, 1015, 877, 1352, 2161, 1102, 4642, 901, 1859, 4846, 1097, 5124, 1021, 5473, 5913, 1892, 1282, 3914, 2246, 1395, 1742, 3007, 5235, 403, 1021, 4932, 4819, 5232, 1406, 2017, 1476, 2303, 2912, 1484, 1178, 614, 6254, 1379, 3110, 4083, 1101, 979, 3076, 607, 0, 986, 1413, 830, 2258, 4476, 836, 4126, 1957, 1626, 1059, 640, 1194, 1087, 779, 3980, 2883, 645, 428, 2116, 5782, 5284, 1092], [116, 513, 186, 1241, 1177, 2020, 3985, 414, 974, 5002, 2082, 4970, 1561, 5194, 5095, 1389, 334, 3439, 1368, 1758, 1234, 2205, 5452, 633, 363, 4649, 4020, 4527, 843, 2890, 875, 1710, 1982, 1034, 2106, 653, 5373, 497, 2496, 3109, 122, 211, 2690, 1547, 986, 0, 2394, 982, 1555, 5173, 212, 3891, 1454, 863, 228, 565, 225, 138, 1742, 3060, 2439, 813, 559, 1205, 6506, 4486, 116], [2497, 2309, 2289, 2452, 3565, 829, 5837, 2231, 3255, 5127, 337, 5787, 1663, 5991, 7224, 2977, 2673, 4971, 3633, 1798, 2994, 4342, 5403, 1804, 2365, 5482, 5984, 6281, 2726, 1308, 2701, 3547, 4252, 2617, 500, 1885, 7499, 2742, 4321, 5464, 2506, 2360, 3892, 878, 1413, 2394, 0, 1981, 3567, 3565, 2228, 4935, 3031, 2913, 2439, 1950, 2605, 2499, 669, 5295, 3779, 1809, 1839, 3459, 4771, 6583, 2497], [1085, 1360, 796, 526, 1978, 1333, 3883, 1221, 1423, 4137, 1646, 4312, 620, 6072, 5244, 2312, 1302, 3101, 1751, 2187, 1014, 2377, 4559, 599, 1264, 5526, 4988, 5507, 787, 2067, 1811, 1568, 2892, 1919, 1898, 1154, 6298, 1477, 2354, 3909, 1088, 1134, 3595, 1365, 830, 982, 1981, 0, 1596, 5279, 1005, 3300, 2380, 1841, 1188, 1111, 1066, 979, 1477, 3966, 3362, 1280, 745, 2154, 6572, 4603, 1085], [1536, 2038, 1515, 1220, 1375, 2916, 2434, 1962, 712, 4145, 3232, 3717, 2091, 6382, 3663, 2684, 1575, 1949, 561, 3310, 602, 785, 4656, 1868, 1879, 5851, 4449, 5138, 854, 3541, 2228, 308, 2280, 2449, 3427, 2183, 5454, 1723, 951, 2843, 1527, 1746, 3907, 2861, 2258, 1555, 3567, 1596, 0, 6686, 1759, 2608, 2736, 2050, 1718, 2098, 1370, 1420, 3013, 3181, 3625, 2348, 1916, 1899, 8009, 3029, 1536], [5226, 4777, 5179, 5802, 6081, 4388, 9106, 4803, 6144, 8639, 3825, 9349, 5155, 5216, 10261, 4721, 5284, 8379, 6534, 3469, 6212, 7377, 8865, 4838, 4920, 4935, 7051, 6913, 5854, 4669, 4855, 6767, 6292, 4636, 3422, 4523, 8657, 5228, 7577, 7542, 5236, 5017, 4614, 3917, 4476, 5173, 3565, 5279, 6686, 0, 4963, 8467, 4725, 5127, 5070, 4610, 5388, 5310, 3830, 7040, 4736, 4361, 4774, 5682, 1339, 9658, 5226], [283, 370, 282, 1341, 1339, 1910, 4190, 242, 1185, 5097, 1924, 5118, 1539, 5095, 5306, 1310, 448, 3627, 1577, 1552, 1409, 2416, 5536, 538, 260, 4549, 4061, 4536, 1015, 2800, 807, 1904, 2083, 927, 1918, 443, 5452, 553, 2695, 3249, 293, 151, 2602, 1368, 836, 212, 2228, 1005, 1759, 4963, 0, 4049, 1378, 862, 228, 355, 431, 349, 1568, 3157, 2363, 602, 424, 1291, 6295, 4697, 283], [3924, 4402, 3767, 2793, 3980, 4109, 2043, 4288, 3297, 1988, 4650, 1110, 3314, 8972, 3708, 5209, 4041, 1056, 3147, 5474, 2668, 2647, 2513, 3863, 4253, 8437, 6946, 7681, 3051, 4168, 4714, 2324, 4842, 4908, 5050, 4372, 7720, 4219, 1884, 5096, 3918, 4102, 6478, 4598, 4126, 3891, 4935, 3300, 2608, 8467, 4049, 0, 5268, 4586, 4106, 4305, 3782, 3784, 4653, 5614, 6201, 4523, 3986, 4504, 9704, 3167, 3924], [1387, 1023, 1624, 2694, 1570, 3029, 5013, 1163, 2026, 6455, 2818, 6365, 2874, 3745, 5792, 69, 1234, 4684, 2312, 1452, 2609, 3150, 6904, 1846, 1121, 3201, 2954, 3291, 2245, 3950, 581, 2976, 1568, 478, 2573, 1348, 4491, 1051, 3666, 2830, 1390, 1263, 1237, 2203, 1957, 1454, 3031, 2380, 2736, 4725, 1378, 5268, 0, 688, 1228, 1343, 1505, 1528, 2402, 2424, 987, 1326, 1696, 1042, 6048, 5256, 1387], [771, 616, 1048, 2081, 973, 2726, 4356, 726, 1342, 5826, 2645, 5686, 2398, 4404, 5222, 635, 581, 3998, 1642, 1683, 1936, 2495, 6288, 1394, 619, 3863, 3206, 3676, 1585, 3635, 274, 2290, 1350, 496, 2518, 1041, 4631, 390, 2984, 2603, 771, 718, 1898, 2038, 1626, 863, 2913, 1841, 2050, 5127, 862, 4586, 688, 0, 655, 993, 857, 902, 2248, 2384, 1629, 1105, 1264, 586, 6464, 4662, 771], [187, 321, 402, 1467, 1138, 2137, 4135, 269, 1086, 5228, 2140, 5188, 1747, 4967, 5192, 1162, 240, 3628, 1469, 1623, 1442, 2326, 5678, 762, 162, 4422, 3842, 4330, 1056, 3027, 648, 1895, 1857, 810, 2111, 595, 5225, 326, 2666, 3030, 194, 81, 2463, 1571, 1059, 228, 2439, 1188, 1718, 5070, 228, 4106, 1228, 655, 0, 513, 349, 323, 1775, 2930, 2213, 735, 651, 1064, 6406, 4593, 187], [630, 379, 587, 1539, 1649, 1740, 4531, 283, 1538, 5247, 1665, 5357, 1540, 4970, 5659, 1276, 752, 3936, 1931, 1221, 1708, 2768, 5668, 525, 417, 4424, 4180, 4600, 1318, 2655, 839, 2225, 2309, 867, 1603, 89, 5623, 795, 3026, 3517, 640, 441, 2515, 1075, 640, 565, 1950, 1111, 2098, 4610, 355, 4305, 1343, 993, 513, 0, 784, 702, 1282, 3365, 2300, 251, 373, 1513, 5942, 5050, 630], [168, 668, 329, 1231, 982, 2198, 3791, 598, 758, 4971, 2289, 4871, 1672, 5247, 4877, 1442, 277, 3283, 1149, 1957, 1115, 1995, 5433, 821, 510, 4704, 3925, 4464, 741, 3048, 936, 1550, 1837, 1128, 2326, 872, 5240, 467, 2318, 2925, 158, 380, 2738, 1765, 1194, 225, 2605, 1066, 1370, 5388, 431, 3782, 1505, 857, 349, 784, 0, 109, 1958, 2915, 2476, 1029, 767, 1089, 6721, 4271, 168], [143, 633, 222, 1180, 1089, 2091, 3849, 544, 839, 4933, 2182, 4868, 1579, 5272, 4959, 1464, 331, 3313, 1232, 1894, 1120, 2068, 5390, 713, 477, 4727, 4010, 4538, 734, 2944, 951, 1582, 1936, 1129, 2225, 789, 5337, 517, 2363, 3032, 139, 332, 2764, 1662, 1087, 138, 2499, 979, 1420, 5310, 349, 3784, 1528, 902, 323, 702, 109, 0, 1854, 3014, 2507, 950, 661, 1178, 6643, 4350, 143], [1842, 1642, 1651, 1989, 2906, 811, 5357, 1564, 2638, 5101, 417, 5583, 1348, 5573, 6674, 2345, 2011, 4563, 3024, 1321, 2468, 3773, 5433, 1181, 1698, 5047, 5349, 5678, 2160, 1651, 2041, 3029, 3585, 1971, 422, 1217, 6848, 2076, 3826, 4798, 1851, 1697, 3347, 211, 779, 1742, 669, 1477, 3013, 3830, 1568, 4653, 2402, 2248, 1775, 1282, 1958, 1854, 0, 4630, 3207, 1145, 1195, 2791, 5106, 6041, 1842], [2946, 2993, 3228, 3974, 2012, 5066, 4449, 3087, 2719, 7314, 5026, 6687, 4581, 4240, 4482, 2453, 2730, 4688, 2633, 3873, 3512, 2970, 7831, 3684, 2962, 3833, 1357, 2154, 3361, 5949, 2602, 3486, 1080, 2723, 4889, 3420, 2338, 2606, 3731, 774, 2939, 3009, 2556, 4420, 3980, 3060, 5295, 3966, 3181, 7040, 3157, 5614, 2424, 2384, 2930, 3365, 2915, 3014, 4630, 0, 2357, 3487, 3581, 1867, 8329, 4148, 2946], [2368, 2004, 2610, 3678, 2329, 3909, 5772, 2143, 2917, 7438, 3618, 7305, 3839, 2777, 6354, 1054, 2201, 5556, 3147, 2015, 3563, 3930, 7889, 2816, 2107, 2238, 2399, 2527, 3211, 4822, 1566, 3887, 1907, 1446, 3290, 2292, 4012, 2013, 4523, 2976, 2370, 2249, 288, 3025, 2883, 2439, 3779, 3362, 3625, 4736, 2363, 6201, 987, 1629, 2213, 2300, 2476, 2507, 3207, 2357, 0, 2239, 2664, 1764, 5998, 5872, 2368], [871, 515, 835, 1741, 1855, 1705, 4780, 475, 1785, 5406, 1548, 5565, 1635, 4849, 5906, 1262, 969, 4176, 2177, 977, 1948, 3017, 5815, 683, 610, 4305, 4233, 4613, 1560, 2626, 900, 2472, 2449, 861, 1423, 166, 5710, 981, 3274, 3682, 881, 670, 2433, 936, 645, 813, 1809, 1280, 2348, 4361, 602, 4523, 1326, 1105, 735, 251, 1029, 950, 1145, 3487, 2239, 0, 543, 1662, 5694, 5298, 871], [667, 685, 458, 1200, 1734, 1486, 4334, 551, 1456, 4880, 1525, 5024, 1179, 5341, 5546, 1629, 863, 3674, 1847, 1494, 1455, 2638, 5297, 154, 645, 4796, 4469, 4922, 1083, 2380, 1160, 2000, 2506, 1222, 1575, 410, 5872, 976, 2810, 3662, 675, 573, 2883, 1007, 428, 559, 1839, 745, 1916, 4774, 424, 3986, 1696, 1264, 651, 373, 767, 661, 1195, 3581, 2664, 543, 0, 1715, 6094, 4924, 667], [1092, 1152, 1381, 2269, 567, 3200, 4023, 1232, 1214, 5911, 3177, 5613, 2756, 4490, 4752, 1019, 872, 3803, 1391, 2259, 1962, 2171, 6396, 1821, 1102, 3965, 2840, 3405, 1688, 4087, 853, 2181, 798, 1052, 3083, 1575, 4169, 740, 2767, 2025, 1086, 1143, 2051, 2582, 2116, 1205, 3459, 2154, 1899, 5682, 1291, 4504, 1042, 586, 1064, 1513, 1089, 1178, 2791, 1867, 1764, 1662, 1715, 0, 7016, 4218, 1092], [6560, 6114, 6507, 7091, 7419, 5599, 10421, 6139, 7478, 9736, 5057, 10545, 6405, 6103, 11596, 6046, 6622, 9667, 7869, 4807, 7522, 8708, 9919, 6153, 6257, 5907, 8257, 8050, 7171, 5761, 6192, 8081, 7612, 5972, 4689, 5854, 9845, 6566, 8890, 8854, 6570, 6352, 5854, 5208, 5782, 6506, 4771, 6572, 8009, 1339, 6295, 9704, 6048, 6464, 6406, 5942, 6721, 6643, 5106, 8329, 5998, 5694, 6094, 7016, 0, 10991, 6560], [4434, 4896, 4493, 4156, 3697, 5885, 1126, 4859, 3515, 5132, 6248, 3804, 5018, 8310, 650, 5227, 4388, 2213, 3126, 6211, 3590, 2288, 5641, 4889, 4747, 7851, 5430, 6254, 3882, 6372, 4913, 3041, 3991, 5148, 6455, 5138, 5576, 4470, 2315, 3393, 4424, 4643, 6151, 5888, 5284, 4486, 6583, 4603, 3029, 9658, 4697, 3167, 5256, 4662, 4593, 5050, 4271, 4350, 6041, 4148, 5872, 5298, 4924, 4218, 10991, 0, 4434], [1, 504, 293, 1315, 1070, 2134, 3958, 432, 921, 5072, 2188, 5008, 1671, 5131, 5038, 1323, 222, 3443, 1310, 1791, 1259, 2159, 5527, 746, 346, 4586, 3910, 4424, 875, 3004, 810, 1710, 1867, 987, 2198, 717, 5259, 394, 2483, 2998, 11, 213, 2624, 1644, 1092, 116, 2497, 1085, 1536, 5226, 283, 3924, 1387, 771, 187, 630, 168, 143, 1842, 2946, 2368, 871, 667, 1092, 6560, 4434, 0]], 'ttd': [[0, 253, 147, 658, 536, 1067, 1979, 216, 461, 2536, 1094, 2505, 836, 2566, 2519, 662, 111, 1722, 655, 896, 630, 1080, 2764, 374, 173, 2294, 1956, 2213, 438, 1503, 405, 855, 934, 494, 1100, 359, 2630, 197, 1242, 1499, 6, 107, 1312, 822, 547, 58, 1249, 543, 768, 2613, 142, 1962, 694, 386, 94, 316, 84, 72, 921, 1473, 1184, 436, 334, 546, 3281, 2217, 1], [253, 0, 323, 856, 679, 1059, 2227, 71, 700, 2733, 1017, 2739, 930, 2364, 2745, 478, 255, 1973, 888, 659, 874, 1319, 2952, 416, 80, 2091, 1904, 2121, 678, 1515, 238, 1107, 972, 281, 969, 215, 2623, 238, 1493, 1585, 257, 152, 1119, 717, 508, 257, 1155, 680, 1019, 2389, 186, 2201, 512, 309, 161, 190, 335, 317, 822, 1497, 1002, 258, 343, 576, 3058, 2448, 253], [147, 323, 0, 537, 655, 936, 1974, 262, 502, 2418, 985, 2419, 690, 2679, 2555, 779, 257, 1679, 699, 903, 567, 1104, 2641, 248, 256, 2406, 2102, 2357, 370, 1363, 523, 821, 1075, 595, 1016, 336, 2774, 341, 1220, 1627, 149, 182, 1429, 732, 439, 94, 1145, 399, 758, 2590, 142, 1884, 813, 524, 201, 294, 165, 111, 826, 1615, 1306, 418, 230, 691, 3254, 2247, 147], [658, 856, 537, 0, 983, 866, 1694, 790, 641, 1882, 1061, 1913, 439, 3215, 2401, 1315, 752, 1290, 760, 1342, 312, 999, 2107, 537, 792, 2943, 2547, 2836, 308, 1162, 1058, 561, 1466, 1132, 1205, 799, 3155, 847, 936, 1908, 658, 718, 1965, 944, 676, 621, 1226, 263, 611, 2902, 671, 1397, 1347, 1041, 734, 770, 616, 591, 995, 1988, 1840, 871, 600, 1135, 3546, 2078, 658], [536, 679, 655, 983, 0, 1589, 1731, 691, 374, 2734, 1629, 2545, 1299, 2522, 2126, 769, 450, 1624, 421, 1309, 773, 803, 2983, 901, 623, 2261, 1582, 1902, 677, 2008, 619, 836, 489, 734, 1625, 865, 2175, 441, 1105, 974, 531, 608, 1309, 1353, 1081, 589, 1783, 989, 688, 3041, 670, 1990, 785, 487, 570, 825, 491, 545, 1454, 1007, 1165, 928, 868, 284, 3710, 1849, 536], [1067, 1059, 936, 866, 1589, 0, 2542, 1001, 1365, 2178, 291, 2482, 440, 3182, 3266, 1483, 1172, 2090, 1539, 1059, 1161, 1850, 2331, 695, 1059, 2917, 2960, 3159, 1060, 462, 1288, 1425, 1996, 1282, 532, 854, 3677, 1231, 1795, 2562, 1071, 1030, 2038, 464, 552, 1011, 415, 667, 1458, 2194, 955, 2055, 1515, 1364, 1069, 871, 1099, 1046, 406, 2533, 1955, 853, 744, 1600, 2800, 2943, 1067], [1979, 2227, 1974, 1694, 1731, 2542, 0, 2194, 1532, 2007, 2754, 1372, 2103, 4197, 849, 2486, 1984, 557, 1360, 2871, 1451, 933, 2264, 2135, 2148, 3949, 2899, 3302, 1627, 2734, 2289, 1171, 2007, 2405, 2890, 2308, 3111, 2045, 767, 1884, 1975, 2085, 3030, 2615, 2322, 1993, 2919, 1942, 1217, 4553, 2096, 1022, 2507, 2179, 2068, 2266, 1896, 1925, 2679, 2225, 2886, 2391, 2168, 2012, 5211, 563, 1979], [216, 71, 262, 790, 691, 1001, 2194, 0, 675, 2666, 974, 2680, 861, 2432, 2730, 548, 249, 1926, 868, 681, 821, 1295, 2884, 347, 70, 2159, 1964, 2186, 625, 1455, 306, 1062, 1014, 350, 940, 176, 2677, 259, 1454, 1618, 221, 110, 1189, 678, 451, 207, 1116, 611, 982, 2402, 121, 2144, 582, 364, 135, 142, 300, 273, 782, 1544, 1072, 238, 276, 616, 3070, 2430, 216], [461, 700, 502, 641, 374, 1365, 1532, 675, 0, 2362, 1464, 2203, 1012, 2840, 2061, 988, 453, 1330, 198, 1354, 401, 621, 2610, 730, 623, 2574, 1954, 2275, 339, 1744, 766, 488, 859, 879, 1515, 814, 2524, 516, 823, 1269, 456, 566, 1599, 1230, 930, 488, 1628, 712, 357, 3073, 593, 1649, 1014, 671, 544, 770, 379, 420, 1319, 1360, 1459, 893, 728, 608, 3739, 1758, 461], [2536, 2733, 2418, 1882, 2734, 2178, 2007, 2666, 2362, 0, 2468, 787, 1921, 5096, 2820, 3195, 2624, 1516, 2352, 3116, 1975, 2215, 268, 2366, 2672, 4823, 4297, 4634, 2127, 1991, 2938, 1919, 3208, 3011, 2709, 2645, 4766, 2719, 1842, 3445, 2535, 2599, 3846, 2565, 2424, 2501, 2564, 2069, 2073, 4320, 2549, 994, 3228, 2914, 2615, 2624, 2486, 2467, 2551, 3657, 3720, 2704, 2440, 2956, 4869, 2567, 2536], [1094, 1017, 985, 1061, 1629, 291, 2754, 974, 1464, 2468, 0, 2765, 677, 2969, 3445, 1381, 1186, 2328, 1651, 848, 1330, 2004, 2618, 741, 1039, 2710, 2882, 3047, 1196, 642, 1224, 1607, 1987, 1193, 249, 804, 3629, 1226, 1995, 2585, 1099, 1031, 1876, 310, 549, 1041, 169, 824, 1616, 1913, 963, 2326, 1409, 1323, 1071, 833, 1145, 1092, 209, 2514, 1809, 775, 763, 1589, 2529, 3124, 1094], [2505, 2739, 2419, 1913, 2545, 2482, 1372, 2680, 2203, 787, 2765, 0, 2119, 5040, 2119, 3153, 2568, 1011, 2128, 3250, 1880, 1860, 992, 2447, 2666, 4771, 4015, 4387, 2068, 2430, 2903, 1717, 2972, 2998, 2981, 2710, 4370, 2658, 1483, 3069, 2502, 2590, 3791, 2777, 2563, 2485, 2894, 2157, 1859, 4675, 2560, 556, 3183, 2843, 2594, 2679, 2436, 2434, 2792, 3344, 3653, 2783, 2512, 2807, 5273, 1902, 2505], [836, 930, 690, 439, 1299, 440, 2103, 861, 1012, 1921, 677, 2119, 0, 3242, 2833, 1404, 946, 1656, 1165, 1197, 745, 1436, 2110, 515, 897, 2970, 2790, 3037, 681, 737, 1165, 997, 1753, 1200, 869, 777, 3456, 1028, 1358, 2264, 838, 841, 2026, 662, 511, 781, 832, 311, 1046, 2578, 770, 1657, 1437, 1200, 874, 770, 837, 790, 674, 2291, 1920, 818, 590, 1378, 3203, 2510, 836], [2566, 2364, 2679, 3215, 2522, 3182, 4197, 2432, 2840, 5096, 2969, 5040, 3242, 0, 4350, 1905, 2487, 4145, 2940, 2127, 3170, 3304, 5314, 2747, 2424, 274, 1635, 1309, 2993, 3609, 2162, 3327, 2191, 2085, 2750, 2471, 2232, 2394, 3626, 2506, 2567, 2498, 1255, 2719, 2737, 2597, 2996, 3037, 3191, 2609, 2548, 4487, 1873, 2203, 2484, 2485, 2624, 2636, 2787, 2120, 1389, 2425, 2671, 2246, 3052, 4156, 2566], [2519, 2745, 2555, 2401, 2126, 3266, 849, 2730, 2061, 2820, 3445, 2119, 2833, 4350, 0, 2884, 2491, 1404, 1865, 3402, 2116, 1455, 3068, 2759, 2672, 4129, 2852, 3264, 2258, 3511, 2741, 1843, 2227, 2857, 3544, 2874, 2835, 2527, 1482, 1856, 2514, 2623, 3314, 3260, 2957, 2548, 3612, 2623, 1832, 5131, 2653, 1855, 2897, 2612, 2596, 2830, 2439, 2480, 3338, 2241, 3177, 2953, 2774, 2376, 5799, 325, 2519], [662, 478, 779, 1315, 769, 1483, 2486, 548, 988, 3195, 1381, 3153, 1404, 1905, 2884, 0, 587, 2317, 1134, 711, 1275, 1555, 3419, 890, 527, 1633, 1505, 1677, 1092, 1944, 258, 1461, 789, 206, 1262, 642, 2270, 496, 1809, 1422, 664, 599, 652, 1073, 946, 695, 1489, 1157, 1343, 2361, 656, 2605, 35, 318, 582, 639, 722, 732, 1173, 1227, 528, 631, 815, 510, 3023, 2614, 662], [111, 255, 257, 752, 450, 1172, 1984, 249, 453, 2624, 1186, 2568, 946, 2487, 2491, 587, 0, 1756, 636, 913, 689, 1069, 2855, 478, 184, 2216, 1846, 2105, 507, 1610, 337, 891, 827, 441, 1176, 417, 2521, 96, 1263, 1402, 109, 159, 1233, 904, 641, 168, 1337, 652, 788, 2643, 224, 2021, 618, 291, 121, 376, 139, 166, 1006, 1366, 1101, 485, 432, 437, 3311, 2195, 111], [1722, 1973, 1679, 1290, 1624, 2090, 557, 1926, 1330, 1516, 2328, 1011, 1656, 4145, 1404, 2317, 1756, 0, 1207, 2576, 1115, 872, 1781, 1791, 1894, 3884, 3019, 3401, 1310, 2231, 2087, 868, 2008, 2195, 2491, 2007, 3360, 1834, 520, 2060, 1718, 1822, 2921, 2232, 1957, 1720, 2486, 1551, 975, 4190, 1814, 529, 2342, 2000, 1815, 1968, 1642, 1657, 2282, 2345, 2778, 2089, 1838, 1902, 4834, 1107, 1722], [655, 888, 699, 760, 421, 1539, 1360, 868, 198, 2352, 1651, 2128, 1165, 2940, 1865, 1134, 636, 1207, 0, 1545, 471, 434, 2607, 922, 812, 2678, 1946, 2290, 485, 1900, 930, 435, 861, 1046, 1710, 1010, 2463, 689, 689, 1172, 650, 760, 1716, 1424, 1123, 684, 1817, 876, 281, 3268, 789, 1574, 1156, 822, 735, 966, 575, 617, 1512, 1317, 1574, 1089, 924, 696, 3935, 1563, 655], [896, 659, 903, 1342, 1309, 1059, 2871, 681, 1354, 3116, 848, 3250, 1197, 2127, 3402, 711, 913, 2576, 1545, 0, 1462, 1974, 3304, 807, 734, 1865, 2165, 2270, 1268, 1484, 706, 1723, 1478, 606, 650, 570, 2953, 881, 2122, 2115, 901, 790, 1052, 597, 698, 879, 899, 1094, 1655, 1735, 777, 2738, 727, 842, 812, 611, 979, 948, 661, 1937, 1008, 489, 748, 1130, 2404, 3106, 896], [630, 874, 567, 312, 773, 1161, 1451, 821, 401, 1975, 1330, 1880, 745, 3170, 2116, 1275, 689, 1115, 471, 1462, 0, 692, 2219, 688, 797, 2900, 2353, 2670, 198, 1472, 1024, 282, 1259, 1121, 1444, 893, 2916, 780, 685, 1640, 627, 722, 1917, 1166, 872, 618, 1497, 508, 301, 3106, 705, 1334, 1305, 968, 722, 854, 558, 561, 1234, 1757, 1782, 974, 728, 982, 3762, 1795, 630], [1080, 1319, 1104, 999, 803, 1850, 933, 1295, 621, 2215, 2004, 1860, 1436, 3304, 1455, 1555, 1069, 872, 434, 1974, 692, 0, 2480, 1305, 1242, 3049, 2155, 2532, 810, 2156, 1361, 459, 1141, 1478, 2091, 1428, 2554, 1122, 383, 1234, 1075, 1186, 2109, 1807, 1504, 1103, 2172, 1189, 393, 3689, 1209, 1324, 1575, 1248, 1163, 1384, 998, 1035, 1887, 1485, 1966, 1509, 1320, 1086, 4355, 1144, 1080], [2764, 2952, 2641, 2107, 2983, 2331, 2264, 2884, 2610, 268, 2618, 992, 2110, 5314, 3068, 3419, 2855, 1781, 2607, 3304, 2219, 2480, 0, 2574, 2894, 5041, 4551, 4884, 2363, 2099, 3163, 2175, 3460, 3231, 2863, 2853, 5029, 2950, 2108, 3709, 2763, 2822, 4068, 2739, 2618, 2726, 2702, 2280, 2329, 4433, 2769, 1257, 3452, 3144, 2839, 2834, 2717, 2696, 2717, 3916, 3945, 2908, 2649, 3199, 4960, 2821, 2764], [374, 416, 248, 537, 901, 695, 2135, 347, 730, 2366, 741, 2447, 515, 2747, 2759, 890, 478, 1791, 922, 807, 688, 1305, 2574, 0, 389, 2475, 2299, 2531, 511, 1134, 652, 965, 1304, 687, 790, 280, 2993, 544, 1370, 1870, 377, 344, 1518, 504, 202, 317, 902, 300, 934, 2420, 270, 1932, 924, 697, 382, 263, 411, 357, 591, 1842, 1408, 342, 77, 911, 3077, 2445, 374], [173, 80, 256,