{'nodes': [(0, 7.376923076923077, 7.6692307692307695, 0, 48000, 0, False), (1, 6.5, 7.5, 11725, 20069, 20, True), (2, 6.5, 8.0, 16826, 23202, 30, True), (3, 7.5, 11.5, 17960, 24219, 50, True), (4, 15.0, 0.5, 32332, 37773, 20, True), (5, 4.0, 10.0, 4341, 11143, 40, True), (6, 15.0, 12.0, 32999, 38487, 30, True), (7, 1.0, 12.0, 7915, 13044, 30, True), (8, 0.5, 8.5, 12421, 16861, 20, True), (9, 4.5, 1.5, 1740, 7197, 10, True), (10, 5.5, 10.0, 40260, 46312, 50, True), (11, 12.0, 3.5, 31496, 36843, 50, False), (12, 7.5, 9.0, 9340, 15177, 40, True), (13, 11.5, 9.5, 5558, 7640, 10, True), (14, 9.5, 12.5, 12346, 19205, 40, True), (15, 7.5, 14.0, 38243, 43860, 20, True), (16, 10.0, 1.0, 11359, 19881, 40, True), (17, 4.0, 4.0, 2746, 10152, 50, True), (18, 9.5, 7.5, 26795, 32408, 20, True), (19, 10.5, 14.0, 25399, 33807, 40, True), (20, 8.0, 13.0, 27294, 34130, 30, True), (21, 11.5, 6.0, 16178, 25852, 50, True), (22, 10.5, 15.0, 18580, 23696, 30, True), (23, 8.0, 8.5, 15351, 22900, 30, True), (24, 10.5, 0.5, 21436, 30163, 30, True), (25, 1.0, 8.0, 19345, 25362, 50, True), (26, 9.5, 4.5, 31445, 36361, 20, False), (27, 10.5, 11.5, 20447, 26395, 20, True), (28, 13.0, 11.5, 28861, 35235, 20, True), (29, 0.5, 4.0, 16371, 18566, 40, True), (30, 1.0, 0, 21938, 27658, 50, True), (31, 3.5, 11.5, 2060, 7328, 10, True), (32, 10.5, 4.0, 9428, 18935, 30, True), (33, 12.5, 8.0, 19482, 23620, 20, True), (34, 0, 0.5, 35791, 43387, 20, True), (35, 2.0, 9.5, 27479, 33003, 20, True), (36, 7.5, 0.5, 29619, 35124, 50, True), (37, 9.0, 0.5, 29559, 35360, 10, True), (38, 1.0, 10.0, 0, 8452, 40, False), (39, 14.0, 10.5, 17883, 24550, 40, True), (40, 4.5, 7.0, 28140, 34920, 20, True), (41, 11.0, 9.5, 42104, 48000, 50, True), (42, 2.5, 12.0, 5984, 13056, 50, True), (43, 11.0, 1.0, 23267, 29848, 20, True), (44, 9.5, 11.0, 1108, 10263, 40, True), (45, 6.5, 14.5, 28476, 34536, 30, True), (46, 6.5, 14.5, 1718, 7488, 30, True), (47, 10.0, 13.5, 24363, 27928, 10, False), (48, 2.5, 11.0, 0, 5129, 50, True), (49, 8.0, 6.0, 38366, 43781, 20, True), (50, 2.5, 7.0, 24959, 29500, 20, True), (51, 5.5, 5.5, 38225, 46344, 30, True), (52, 5.0, 15.0, 12085, 21643, 20, True), (53, 15.0, 3.0, 33055, 40675, 50, True), (54, 15.0, 3.0, 8461, 15141, 50, True), (55, 1.5, 10.0, 20999, 25484, 50, True), (56, 8.5, 12.5, 42713, 48000, 40, True), (57, 2.0, 0.5, 26455, 32085, 20, True), (58, 2.5, 7.0, 27001, 37552, 20, True), (59, 11.0, 12.0, 10990, 21093, 10, True), (60, 1.0, 2.0, 6049, 12140, 30, True), (61, 14.5, 6.0, 23735, 31392, 30, False), (62, 0, 3.0, 18110, 19972, 20, False), (63, 9.5, 1.0, 34667, 39940, 10, True), (64, 9.0, 7.5, 14081, 18300, 20, True), (65, 13.0, 9.5, 14718, 21692, 10, True), (66, 7.376923076923077, 7.6692307692307695, 0, 48000, 0, False)], 'F': 20.0, 'ct': 0.083, 'cd': 0.021, 'truck_cap': 100, 'drone_cap': 20, 'truck_speed': 40, 'drone_speed': 40, 'a': 1, 'b': 2, 'max_flight_time': 30, 'ttt': [[0, 269, 282, 1151, 3140, 1232, 2631, 2314, 2079, 2043, 899, 1869, 402, 1354, 1584, 1901, 2151, 1497, 640, 2119, 1611, 1335, 2391, 313, 2347, 1917, 1145, 1484, 2042, 2339, 2993, 1636, 1447, 1541, 3087, 1705, 2152, 2206, 2038, 2162, 887, 1219, 1958, 2278, 1186, 2067, 2067, 1919, 1773, 536, 1478, 862, 2313, 2683, 2683, 1898, 1489, 2689, 1478, 1695, 2561, 2196, 2620, 2101, 491, 1775, 1], [269, 0, 151, 1238, 3304, 1062, 2886, 2133, 1826, 1898, 809, 2041, 542, 1617, 1750, 1974, 2216, 1291, 901, 2291, 1711, 1567, 2551, 542, 2420, 1658, 1274, 1698, 2291, 2085, 2791, 1501, 1596, 1807, 2867, 1478, 2122, 2231, 1813, 2424, 619, 1478, 1807, 2373, 1384, 2101, 2101, 2085, 1596, 637, 1210, 672, 2296, 2886, 2886, 1678, 1617, 2497, 1210, 1910, 2334, 2443, 2373, 2149, 751, 2041, 269], [282, 151, 0, 1093, 3402, 961, 2819, 2041, 1807, 2041, 672, 2133, 425, 1567, 1623, 1826, 2349, 1416, 913, 2164, 1567, 1617, 2420, 475, 2551, 1651, 1384, 1596, 2216, 2164, 2913, 1384, 1698, 1801, 2978, 1424, 2271, 2373, 1757, 2373, 672, 1424, 1698, 2497, 1274, 1951, 1951, 1957, 1501, 751, 1238, 809, 2149, 2959, 2959, 1617, 1478, 2625, 1238, 1807, 2443, 2475, 2461, 2286, 766, 2002, 282], [1151, 1238, 1093, 0, 3995, 1143, 2256, 1957, 2286, 3133, 751, 2755, 751, 1343, 672, 751, 3239, 2484, 1343, 1173, 475, 2041, 1384, 913, 3422, 2216, 2185, 901, 1651, 3079, 3964, 1201, 2424, 1832, 3995, 1757, 3301, 3332, 2002, 1974, 1623, 1210, 1508, 3321, 619, 950, 950, 961, 1508, 1658, 2019, 1898, 1291, 3402, 3402, 1856, 425, 3691, 2019, 1062, 3454, 2672, 3402, 3208, 1283, 1757, 1151], [3140, 3304, 3402, 3995, 0, 4361, 3451, 5436, 4969, 3165, 4032, 1274, 3402, 2898, 3961, 4634, 1508, 3464, 2672, 4270, 4299, 1957, 4556, 3190, 1351, 4766, 2041, 3566, 3355, 4476, 4204, 4775, 1711, 2373, 4501, 4744, 2251, 1801, 5077, 3016, 3706, 2956, 5097, 1210, 3557, 4915, 4915, 4180, 4898, 2672, 4228, 3222, 5285, 751, 751, 4953, 4095, 3901, 4228, 3654, 4225, 1658, 4563, 1658, 2767, 2767, 3140], [1232, 1062, 961, 1143, 4361, 0, 3355, 1083, 1143, 2555, 451, 3093, 1093, 2256, 1813, 1596, 3246, 1801, 1813, 2291, 1501, 2551, 2461, 1283, 3454, 1083, 2334, 2002, 2738, 2085, 3133, 475, 2655, 2621, 3093, 619, 3038, 3222, 901, 3005, 913, 2106, 751, 3422, 1678, 1545, 1545, 2085, 542, 1698, 1007, 1424, 1531, 3913, 3913, 751, 1545, 2913, 1007, 2185, 2564, 3372, 2420, 3165, 1678, 2705, 1232], [2631, 2886, 2819, 2256, 3451, 3355, 0, 4201, 4476, 4456, 2913, 2705, 2424, 1291, 1658, 2330, 3626, 4081, 2133, 1478, 2122, 2085, 1623, 2349, 3706, 4369, 2791, 1359, 619, 4969, 5533, 3454, 2755, 1416, 5671, 3972, 4120, 3892, 4244, 542, 3490, 1416, 3751, 3512, 1678, 2659, 2659, 1567, 3763, 2767, 4040, 3454, 3133, 2701, 2701, 4095, 1957, 5208, 4040, 1201, 5162, 1807, 5249, 3691, 2251, 961, 2631], [2314, 2133, 2041, 1957, 5436, 1083, 4201, 0, 1062, 3321, 1478, 4171, 2149, 3239, 2555, 2041, 4265, 2564, 2886, 2913, 2122, 3629, 2990, 2349, 4476, 1201, 3402, 2855, 3604, 2406, 3601, 766, 3727, 3654, 3464, 809, 3964, 4204, 601, 3927, 1832, 3093, 451, 4461, 2569, 1813, 1813, 2738, 542, 2767, 1567, 2373, 1501, 4994, 4994, 619, 2256, 3464, 1567, 3001, 3001, 4433, 2718, 4171, 2755, 3678, 2314], [2079, 1826, 1807, 2286, 4969, 1143, 4476, 1062, 0, 2420, 1567, 3763, 2106, 3315, 2956, 2672, 3632, 1711, 2718, 3425, 2625, 3385, 3579, 2251, 3843, 213, 2956, 3133, 3857, 1351, 2555, 1274, 3291, 3604, 2406, 542, 3190, 3503, 475, 4095, 1283, 3165, 1210, 3872, 2803, 2547, 2547, 3222, 961, 2373, 751, 1750, 2373, 4653, 4653, 542, 2684, 2443, 751, 3321, 1957, 4267, 1658, 3516, 2569, 3763, 2079], [2043, 1898, 2041, 3133, 3165, 2555, 4456, 3321, 2420, 0, 2569, 2330, 2424, 3190, 3626, 3857, 1658, 766, 2344, 4161, 3607, 2497, 4433, 2349, 1826, 2216, 1750, 3500, 3938, 1416, 1143, 3016, 1951, 3093, 1384, 2515, 950, 1384, 2759, 3927, 1651, 3093, 3208, 1957, 3222, 3947, 3947, 3961, 2913, 1711, 1757, 1238, 4054, 3183, 3183, 2705, 3512, 809, 1757, 3706, 1062, 3291, 1424, 1508, 2251, 3503, 2043], [899, 809, 672, 751, 4032, 451, 2913, 1478, 1567, 2569, 0, 2759, 672, 1807, 1416, 1343, 3020, 1856, 1416, 1922, 1173, 2164, 2122, 876, 3222, 1478, 2041, 1567, 2296, 2344, 3291, 751, 2344, 2185, 3294, 1062, 2913, 3038, 1351, 2555, 950, 1658, 1083, 3165, 1238, 1384, 1384, 1711, 950, 1416, 1274, 1351, 1508, 3541, 3541, 1201, 1173, 3038, 1274, 1757, 2755, 2956, 2672, 2956, 1291, 2256, 899], [1869, 2041, 2133, 2755, 1274, 3093, 2705, 4171, 3763, 2330, 2759, 0, 2133, 1807, 2803, 3428, 961, 2406, 1416, 3183, 3093, 766, 3480, 1922, 1007, 3566, 809, 2443, 2420, 3454, 3464, 3503, 475, 1359, 3712, 3500, 1623, 1274, 3834, 2185, 2484, 1826, 3825, 809, 2373, 3691, 3691, 3060, 3632, 1416, 3038, 2041, 4040, 913, 913, 3706, 2898, 3133, 3038, 2569, 3332, 1062, 3604, 1062, 1501, 1826, 1869], [402, 542, 425, 751, 3402, 1093, 2424, 2149, 2106, 2424, 672, 2133, 0, 1210, 1210, 1501, 2515, 1832, 751, 1750, 1210, 1501, 2013, 213, 2705, 1974, 1478, 1173, 1813, 2582, 3332, 1416, 1750, 1531, 3402, 1658, 2551, 2590, 1974, 2002, 1083, 1062, 1750, 2621, 850, 1678, 1678, 1545, 1617, 913, 1617, 1210, 1951, 2882, 2882, 1826, 1093, 3038, 1617, 1384, 2867, 2286, 2882, 2475, 637, 1658, 402], [1354, 1617, 1567, 1343, 2898, 2256, 1291, 3239, 3315, 3190, 1807, 1807, 1210, 0, 1083, 1807, 2590, 2791, 850, 1384, 1486, 1051, 1678, 1093, 2718, 3183, 1617, 672, 751, 3691, 4249, 2475, 1678, 542, 4382, 2851, 2956, 2803, 3155, 809, 2231, 151, 2803, 2555, 751, 2122, 2122, 1283, 2738, 1486, 2803, 2164, 2555, 2216, 2216, 3005, 1274, 3927, 2803, 766, 3872, 1384, 3964, 2621, 961, 451, 1354], [1584, 1750, 1623, 672, 3961, 1813, 1658, 2555, 2956, 3626, 1416, 2803, 1210, 1083, 0, 751, 3454, 3038, 1501, 542, 475, 2041, 809, 1283, 3613, 2886, 2401, 425, 1093, 3715, 4536, 1826, 2569, 1623, 4593, 2424, 3651, 3604, 2659, 1478, 2231, 1007, 2106, 3480, 451, 1083, 1083, 336, 2149, 2002, 2672, 2420, 1545, 3294, 3294, 2515, 301, 4246, 2672, 475, 4054, 2461, 4032, 3451, 1508, 1384, 1584], [1901, 1974, 1826, 751, 4634, 1596, 2330, 2041, 2672, 3857, 1343, 3428, 1501, 1807, 751, 0, 3972, 3179, 2041, 901, 336, 2684, 950, 1658, 4150, 2655, 2913, 1173, 1813, 3663, 4632, 1416, 3133, 2344, 4634, 2133, 4051, 4076, 2291, 2216, 2286, 1711, 1617, 4040, 1083, 336, 336, 766, 1750, 2406, 2582, 2621, 809, 3995, 3995, 2164, 542, 4374, 2582, 1210, 4095, 3190, 3995, 3947, 2002, 2133, 1901], [2151, 2216, 2349, 3239, 1508, 3246, 3626, 4265, 3632, 1658, 3020, 961, 2515, 2590, 3454, 3972, 0, 2013, 1957, 3904, 3651, 1567, 4204, 2330, 213, 3422, 1062, 3155, 3277, 2990, 2718, 3706, 913, 2231, 3005, 3503, 766, 336, 3819, 3093, 2443, 2569, 3995, 301, 3005, 4185, 4185, 3751, 3751, 1617, 2882, 1910, 4461, 1617, 1617, 3715, 3480, 2406, 2882, 3315, 2718, 2019, 3060, 151, 1974, 2705, 2151], [1497, 1291, 1416, 2484, 3464, 1801, 4081, 2564, 1711, 766, 1856, 2406, 1832, 2791, 3038, 3179, 2013, 0, 1957, 3579, 2956, 2330, 3834, 1807, 2216, 1501, 1658, 2978, 3516, 1051, 1501, 2256, 1951, 2819, 1596, 1757, 1486, 1832, 2013, 3579, 913, 2672, 2443, 2286, 2672, 3239, 3239, 3372, 2149, 1343, 1007, 637, 3315, 3315, 3315, 1951, 2886, 1210, 1007, 3190, 1083, 3208, 1238, 1880, 1832, 3165, 1497], [640, 901, 913, 1343, 2672, 1813, 2133, 2886, 2718, 2344, 1416, 1416, 751, 850, 1501, 2041, 1957, 1957, 0, 1974, 1711, 751, 2271, 542, 2122, 2555, 901, 1238, 1596, 2898, 3402, 2164, 1093, 913, 3541, 2330, 2185, 2106, 2659, 1623, 1508, 751, 2497, 2002, 1051, 2286, 2286, 1807, 2349, 637, 2106, 1343, 2625, 2133, 2133, 2515, 1531, 3079, 2106, 1424, 3038, 1567, 3155, 1951, 151, 1210, 640], [2119, 2291, 2164, 1173, 4270, 2291, 1478, 2913, 3425, 4161, 1922, 3183, 1750, 1384, 542, 901, 3904, 3579, 1974, 0, 809, 2420, 301, 1813, 4051, 3372, 2867, 751, 1062, 4244, 5077, 2231, 3001, 1898, 5132, 2886, 4150, 4076, 3093, 1486, 2767, 1359, 2475, 3904, 950, 1210, 1210, 213, 2564, 2515, 3190, 2959, 1678, 3566, 3566, 2956, 751, 4787, 3190, 619, 4593, 2684, 4563, 3913, 2002, 1545, 2119], [1611, 1711, 1567, 475, 4299, 1501, 2122, 2122, 2625, 3607, 1173, 3093, 1210, 1486, 475, 336, 3651, 2956, 1711, 809, 0, 2349, 961, 1351, 3825, 2582, 2590, 876, 1567, 3516, 4430, 1424, 2803, 2019, 4453, 2085, 3754, 3763, 2286, 1951, 2085, 1384, 1678, 3712, 751, 637, 637, 619, 1757, 2101, 2443, 2373, 1083, 3663, 3663, 2149, 213, 4161, 2443, 950, 3913, 2867, 3843, 3629, 1678, 1832, 1611], [1335, 1567, 1617, 2041, 1957, 2551, 2085, 3629, 3385, 2497, 2164, 766, 1501, 1051, 2041, 2684, 1567, 2330, 751, 2420, 2349, 0, 2718, 1291, 1678, 3208, 751, 1678, 1711, 3355, 3629, 2913, 672, 672, 3825, 3038, 2041, 1813, 3372, 1545, 2122, 1062, 3246, 1508, 1617, 2959, 2959, 2296, 3090, 1051, 2718, 1807, 3332, 1384, 1384, 3232, 2149, 3294, 2718, 1807, 3372, 901, 3566, 1617, 876, 1143, 1335], [2391, 2551, 2420, 1384, 4556, 2461, 1623, 2990, 3579, 4433, 2122, 3480, 2013, 1678, 809, 950, 4204, 3834, 2271, 301, 961, 2718, 0, 2090, 4351, 3541, 3165, 1051, 1291, 4461, 5328, 2349, 3301, 2185, 5372, 3038, 4443, 4374, 3222, 1711, 3001, 1658, 2564, 4204, 1238, 1210, 1210, 475, 2684, 2803, 3395, 3222, 1651, 3846, 3846, 3090, 961, 5043, 3395, 913, 4831, 2956, 4785, 4212, 2296, 1813, 2391], [313, 542, 475, 913, 3190, 1283, 2349, 2349, 2251, 2349, 876, 1922, 213, 1093, 1283, 1658, 2330, 1807, 542, 1813, 1351, 1291, 2090, 0, 2515, 2106, 1283, 1173, 1750, 2625, 3304, 1623, 1545, 1359, 3395, 1826, 2406, 2420, 2149, 1898, 1143, 950, 1957, 2424, 876, 1856, 1856, 1617, 1813, 751, 1711, 1173, 2149, 2672, 2672, 2002, 1210, 3001, 1711, 1384, 2867, 2090, 2913, 2296, 425, 1531, 313], [2347, 2420, 2551, 3422, 1351, 3454, 3706, 4476, 3843, 1826, 3222, 1007, 2705, 2718, 3613, 4150, 213, 2216, 2122, 4051, 3825, 1678, 4351, 2515, 0, 3632, 1238, 3301, 3385, 3179, 2855, 3913, 1051, 2330, 3151, 3715, 901, 451, 4032, 3179, 2655, 2705, 4204, 213, 3165, 4369, 4369, 3904, 3961, 1813, 3093, 2122, 4653, 1545, 1545, 3927, 3651, 2551, 3093, 3454, 2886, 2041, 3239, 336, 2149, 2803, 2347], [1917, 1658, 1651, 2216, 4766, 1083, 4369, 1201, 213, 2216, 1478, 3566, 1974, 3183, 2886, 2655, 3422, 1501, 2555, 3372, 2582, 3208, 3541, 2106, 3632, 0, 2759, 3038, 3751, 1210, 2401, 1291, 3093, 3451, 2271, 542, 2978, 3291, 601, 3972, 1093, 3035, 1283, 3663, 2705, 2555, 2555, 3165, 1007, 2185, 542, 1545, 2420, 4461, 4461, 619, 2625, 2271, 542, 3232, 1801, 4095, 1531, 3304, 2406, 3629, 1917], [1145, 1274, 1384, 2185, 2041, 2334, 2791, 3402, 2956, 1750, 2041, 809, 1478, 1617, 2401, 2913, 1062, 1658, 901, 2867, 2590, 751, 3165, 1283, 1238, 2759, 0, 2122, 2349, 2705, 2886, 2767, 336, 1384, 3093, 2705, 1343, 1210, 3038, 2251, 1678, 1567, 3079, 1143, 1951, 3133, 3133, 2705, 2867, 637, 2231, 1238, 3428, 1711, 1711, 2913, 2420, 2551, 2231, 2296, 2659, 1567, 2886, 1051, 913, 1832, 1145], [1484, 1698, 1596, 901, 3566, 2002, 1359, 2855, 3133, 3500, 1567, 2443, 1173, 672, 425, 1173, 3155, 2978, 1238, 751, 876, 1678, 1051, 1173, 3301, 3038, 2122, 0, 751, 3751, 4476, 2101, 2251, 1210, 4563, 2621, 3422, 3332, 2886, 1093, 2251, 619, 2406, 3155, 336, 1501, 1501, 619, 2406, 1813, 2755, 2344, 1957, 2886, 2886, 2738, 672, 4171, 2755, 213, 4032, 2041, 4054, 3165, 1283, 961, 1484], [2042, 2291, 2216, 1651, 3355, 2738, 619, 3604, 3857, 3938, 2296, 2420, 1813, 751, 1093, 1813, 3277, 3516, 1596, 1062, 1567, 1711, 1291, 1750, 3385, 3751, 2349, 751, 0, 4374, 4987, 2851, 2373, 1062, 5110, 3355, 3691, 3512, 3629, 425, 2886, 850, 3155, 3208, 1062, 2149, 2149, 1083, 3155, 2231, 3428, 2882, 2621, 2621, 2621, 3480, 1384, 4668, 3428, 619, 4593, 1711, 4661, 3321, 1698, 601, 2042], [2339, 2085, 2164, 3079, 4476, 2085, 4969, 2406, 1351, 1416, 2344, 3454, 2582, 3691, 3715, 3663, 2990, 1051, 2898, 4244, 3516, 3355, 4461, 2625, 3179, 1210, 2705, 3751, 4374, 0, 1210, 2424, 3001, 3796, 1062, 1711, 2349, 2759, 1807, 4496, 1501, 3557, 2475, 3277, 3422, 3629, 3629, 4032, 2185, 2330, 1083, 1567, 3566, 4361, 4361, 1826, 3503, 1143, 1083, 3961, 619, 4244, 336, 2847, 2759, 4098, 2339], [2993, 2791, 2913, 3964, 4204, 3133, 5533, 3601, 2555, 1143, 3291, 3464, 3332, 4249, 4536, 4632, 2718, 1501, 3402, 5077, 4430, 3629, 5328, 3304, 2855, 2401, 2886, 4476, 4987, 1210, 0, 3532, 3093, 4204, 336, 2867, 1957, 2406, 3001, 5014, 2349, 4139, 3629, 3016, 4171, 4653, 4653, 4868, 3332, 2767, 2149, 2133, 4658, 4296, 4296, 3005, 4374, 336, 2149, 4687, 601, 4433, 950, 2569, 3291, 4593, 2993], [1636, 1501, 1384, 1201, 4775, 475, 3454, 766, 1274, 3016, 751, 3503, 1416, 2475, 1826, 1416, 3706, 2256, 2164, 2231, 1424, 2913, 2349, 1623, 3913, 1291, 2767, 2101, 2851, 2424, 3532, 0, 3079, 2898, 3464, 751, 3512, 3691, 876, 3165, 1384, 2330, 336, 3872, 1807, 1274, 1274, 2041, 336, 2133, 1384, 1898, 1143, 4291, 4291, 751, 1531, 3332, 1384, 2256, 2948, 3691, 2759, 3629, 2041, 2913, 1636], [1447, 1596, 1698, 2424, 1711, 2655, 2755, 3727, 3291, 1951, 2344, 475, 1750, 1678, 2569, 3133, 913, 1951, 1093, 3001, 2803, 672, 3301, 1545, 1051, 3093, 336, 2251, 2373, 3001, 3093, 3079, 0, 1343, 3321, 3038, 1384, 1143, 3372, 2216, 2013, 1658, 3395, 913, 2122, 3372, 3372, 2855, 3190, 961, 2564, 1567, 3691, 1384, 1384, 3246, 2621, 2759, 2564, 2406, 2913, 1343, 3165, 950, 1143, 1813, 1447], [1541, 1807, 1801, 1832, 2373, 2621, 1416, 3654, 3604, 3093, 2185, 1359, 1531, 542, 1623, 2344, 2231, 2819, 913, 1898, 2019, 672, 2185, 1359, 2330, 3451, 1384, 1210, 1062, 3796, 4204, 2898, 1343, 0, 4374, 3183, 2705, 2484, 3503, 876, 2420, 637, 3232, 2149, 1274, 2655, 2655, 1813, 3133, 1478, 3016, 2231, 3079, 1678, 1678, 3355, 1807, 3872, 3016, 1283, 3892, 850, 4040, 2286, 1062, 475, 1541], [3087, 2867, 2978, 3995, 4501, 3093, 5671, 3464, 2406, 1384, 3294, 3712, 3402, 4382, 4593, 4634, 3005, 1596, 3541, 5132, 4453, 3825, 5372, 3395, 3151, 2271, 3093, 4563, 5110, 1062, 336, 3464, 3321, 4374, 0, 2767, 2251, 2701, 2867, 5162, 2373, 4265, 3532, 3304, 4249, 4632, 4632, 4921, 3239, 2913, 2090, 2231, 4602, 4563, 4563, 2886, 4413, 601, 2090, 4775, 542, 4653, 751, 2855, 3422, 4744, 3087], [1705, 1478, 1424, 1757, 4744, 619, 3972, 809, 542, 2515, 1062, 3500, 1658, 2851, 2424, 2133, 3503, 1757, 2330, 2886, 2085, 3038, 3038, 1826, 3715, 542, 2705, 2621, 3355, 1711, 2867, 751, 3038, 3183, 2767, 0, 3165, 3422, 336, 3613, 1062, 2701, 766, 3715, 2296, 2019, 2019, 2684, 475, 2085, 766, 1596, 1880, 4361, 4361, 213, 2149, 2701, 766, 2803, 2271, 3895, 2041, 3402, 2185, 3301, 1705], [2152, 2122, 2271, 3301, 2251, 3038, 4120, 3964, 3190, 950, 2913, 1623, 2551, 2956, 3651, 4051, 766, 1486, 2185, 4150, 3754, 2041, 4443, 2406, 901, 2978, 1343, 3422, 3691, 2349, 1957, 3512, 1384, 2705, 2251, 3165, 0, 451, 3454, 3579, 2149, 2898, 3763, 1062, 3208, 4212, 4212, 3972, 3490, 1658, 2461, 1617, 4415, 2373, 2373, 3372, 3613, 1651, 2461, 3607, 2002, 2672, 2373, 619, 2149, 3165, 2152], [2206, 2231, 2373, 3332, 1801, 3222, 3892, 4204, 3503, 1384, 3038, 1274, 2590, 2803, 3604, 4076, 336, 1832, 2106, 4076, 3763, 1813, 4374, 2420, 451, 3291, 1210, 3332, 3512, 2759, 2406, 3691, 1143, 2484, 2701, 3422, 451, 0, 3727, 3355, 2373, 2767, 3964, 619, 3155, 4267, 4267, 3913, 3706, 1678, 2759, 1832, 4513, 1951, 1951, 3632, 3604, 2101, 2759, 3503, 2443, 2334, 2803, 213, 2101, 2956, 2206], [2038, 1813, 1757, 2002, 5077, 901, 4244, 601, 475, 2759, 1351, 3834, 1974, 3155, 2659, 2291, 3819, 2013, 2659, 3093, 2286, 3372, 3222, 2149, 4032, 601, 3038, 2886, 3629, 1807, 3001, 876, 3372, 3503, 2867, 336, 3454, 3727, 0, 3904, 1384, 3005, 751, 4037, 2569, 2133, 2133, 2898, 542, 2420, 1007, 1910, 1922, 4697, 4697, 151, 2373, 2867, 1007, 3060, 2401, 4225, 2122, 3715, 2515, 3604, 2038], [2162, 2424, 2373, 1974, 3016, 3005, 542, 3927, 4095, 3927, 2555, 2185, 2002, 809, 1478, 2216, 3093, 3579, 1623, 1486, 1951, 1545, 1711, 1898, 3179, 3972, 2251, 1093, 425, 4496, 5014, 3165, 2216, 876, 5162, 3613, 3579, 3355, 3904, 0, 3038, 950, 3480, 2990, 1359, 2551, 2551, 1501, 3454, 2251, 3607, 2959, 3020, 2271, 2271, 3754, 1757, 4687, 3607, 1007, 4661, 1359, 4766, 3155, 1750, 425, 2162], [887, 619, 672, 1623, 3706, 913, 3490, 1832, 1283, 1651, 950, 2484, 1083, 2231, 2231, 2286, 2443, 913, 1508, 2767, 2085, 2122, 3001, 1143, 2655, 1093, 1678, 2251, 2886, 1501, 2349, 1384, 2013, 2420, 2373, 1062, 2149, 2373, 1384, 3038, 0, 2090, 1617, 2655, 1922, 2330, 2330, 2555, 1343, 1093, 601, 542, 2406, 3372, 3372, 1274, 2041, 2090, 601, 2461, 1832, 3016, 1807, 2344, 1359, 2659, 887], [1219, 1478, 1424, 1210, 2956, 2106, 1416, 3093, 3165, 3093, 1658, 1826, 1062, 151, 1007, 1711, 2569, 2672, 751, 1359, 1384, 1062, 1658, 950, 2705, 3035, 1567, 619, 850, 3557, 4139, 2330, 1658, 637, 4265, 2701, 2898, 2767, 3005, 950, 2090, 0, 2659, 2551, 637, 2019, 2019, 1238, 2590, 1384, 2659, 2041, 2443, 2291, 2291, 2855, 1173, 3819, 2659, 751, 3751, 1486, 3834, 2590, 850, 601, 1219], [1958, 1807, 1698, 1508, 5097, 751, 3751, 451, 1210, 3208, 1083, 3825, 1750, 2803, 2106, 1617, 3995, 2443, 2497, 2475, 1678, 3246, 2564, 1957, 4204, 1283, 3079, 2406, 3155, 2475, 3629, 336, 3395, 3232, 3532, 766, 3763, 3964, 751, 3480, 1617, 2659, 0, 4171, 2122, 1416, 1416, 2296, 301, 2443, 1501, 2149, 1173, 4622, 4622, 672, 1807, 3454, 1501, 2551, 3035, 4026, 2803, 3913, 2373, 3239, 1958], [2278, 2373, 2497, 3321, 1210, 3422, 3512, 4461, 3872, 1957, 3165, 809, 2621, 2555, 3480, 4040, 301, 2286, 2002, 3904, 3712, 1508, 4204, 2424, 213, 3663, 1143, 3155, 3208, 3277, 3016, 3872, 913, 2149, 3304, 3715, 1062, 619, 4037, 2990, 2655, 2551, 4171, 0, 3035, 4270, 4270, 3763, 3938, 1750, 3122, 2133, 4570, 1343, 1343, 3927, 3532, 2705, 3122, 3301, 3016, 1832, 3355, 451, 2041, 2621, 2278], [1186, 1384, 1274, 619, 3557, 1678, 1678, 2569, 2803, 3222, 1238, 2373, 850, 751, 451, 1083, 3005, 2672, 1051, 950, 751, 1617, 1238, 876, 3165, 2705, 1951, 336, 1062, 3422, 4171, 1807, 2122, 1274, 4249, 2296, 3208, 3155, 2569, 1359, 1922, 637, 2122, 3035, 0, 1384, 1384, 766, 2101, 1567, 2420, 2041, 1807, 2913, 2913, 2420, 542, 3872, 2420, 542, 3715, 2122, 3727, 3001, 1062, 1143, 1186], [2067, 2101, 1951, 950, 4915, 1545, 2659, 1813, 2547, 3947, 1384, 3691, 1678, 2122, 1083, 336, 4185, 3239, 2286, 1210, 637, 2959, 1210, 1856, 4369, 2555, 3133, 1501, 2149, 3629, 4653, 1274, 3372, 2655, 4632, 2019, 4212, 4267, 2133, 2551, 2330, 2019, 1416, 4270, 1384, 0, 1, 1093, 1596, 2590, 2551, 2718, 475, 4291, 4291, 2019, 850, 4413, 2551, 1545, 4098, 3503, 3964, 4150, 2231, 2461, 2067], [2067, 2101, 1951, 950, 4915, 1545, 2659, 1813, 2547, 3947, 1384, 3691, 1678, 2122, 1083, 336, 4185, 3239, 2286, 1210, 637, 2959, 1210, 1856, 4369, 2555, 3133, 1501, 2149, 3629, 4653, 1274, 3372, 2655, 4632, 2019, 4212, 4267, 2133, 2551, 2330, 2019, 1416, 4270, 1384, 1, 0, 1093, 1596, 2590, 2551, 2718, 475, 4291, 4291, 2019, 850, 4413, 2551, 1545, 4098, 3503, 3964, 4150, 2231, 2461, 2067], [1919, 2085, 1957, 961, 4180, 2085, 1567, 2738, 3222, 3961, 1711, 3060, 1545, 1283, 336, 766, 3751, 3372, 1807, 213, 619, 2296, 475, 1617, 3904, 3165, 2705, 619, 1083, 4032, 4868, 2041, 2855, 1813, 4921, 2684, 3972, 3913, 2898, 1501, 2555, 1238, 2296, 3763, 766, 1093, 1093, 0, 2373, 2330, 2978, 2755, 1567, 3490, 3490, 2759, 542, 4580, 2978, 542, 4382, 2625, 4351, 3754, 1826, 1501, 1919], [1773, 1596, 1501, 1508, 4898, 542, 3763, 542, 961, 2913, 950, 3632, 1617, 2738, 2149, 1750, 3751, 2149, 2349, 2564, 1757, 3090, 2684, 1813, 3961, 1007, 2867, 2406, 3155, 2185, 3332, 336, 3190, 3133, 3239, 475, 3490, 3706, 542, 3454, 1343, 2590, 301, 3938, 2101, 1596, 1596, 2373, 0, 2231, 1201, 1880, 1416, 4453, 4453, 425, 1856, 3155, 1201, 2569, 2738, 3901, 2515, 3663, 2216, 3183, 1773], [536, 637, 751, 1658, 2672, 1698, 2767, 2767, 2373, 1711, 1416, 1416, 913, 1486, 2002, 2406, 1617, 1343, 637, 2515, 2101, 1051, 2803, 751, 1813, 2185, 637, 1813, 2231, 2330, 2767, 2133, 961, 1478, 2913, 2085, 1658, 1678, 2420, 2251, 1093, 1384, 2443, 1750, 1567, 2590, 2590, 2330, 2231, 0, 1678, 766, 2847, 2286, 2286, 2291, 1957, 2443, 1678, 2013, 2420, 1951, 2564, 1567, 542, 1832, 536], [1478, 1210, 1238, 2019, 4228, 1007, 4040, 1567, 751, 1757, 1274, 3038, 1617, 2803, 2672, 2582, 2882, 1007, 2106, 3190, 2443, 2718, 3395, 1711, 3093, 542, 2231, 2755, 3428, 1083, 2149, 1384, 2564, 3016, 2090, 766, 2461, 2759, 1007, 3607, 601, 2659, 1501, 3122, 2420, 2551, 2551, 2978, 1201, 1678, 0, 1007, 2515, 3938, 3938, 950, 2443, 1957, 1, 2959, 1567, 3613, 1416, 2767, 1957, 3239, 1478], [862, 672, 809, 1898, 3222, 1424, 3454, 2373, 1750, 1238, 1351, 2041, 1210, 2164, 2420, 2621, 1910, 637, 1343, 2959, 2373, 1807, 3222, 1173, 2122, 1545, 1238, 2344, 2882, 1567, 2133, 1898, 1567, 2231, 2231, 1596, 1617, 1832, 1910, 2959, 542, 2041, 2149, 2133, 2041, 2718, 2718, 2755, 1880, 766, 1007, 0, 2855, 2948, 2948, 1807, 2286, 1832, 1007, 2555, 1711, 2705, 1813, 1807, 1210, 2551, 862], [2313, 2296, 2149, 1291, 5285, 1531, 3133, 1501, 2373, 4054, 1508, 4040, 1951, 2555, 1545, 809, 4461, 3315, 2625, 1678, 1083, 3332, 1651, 2149, 4653, 2420, 3428, 1957, 2621, 3566, 4658, 1143, 3691, 3079, 4602, 1880, 4415, 4513, 1922, 3020, 2406, 2443, 1173, 4570, 1807, 475, 475, 1567, 1416, 2847, 2515, 2855, 0, 4687, 4687, 1832, 1291, 4443, 2515, 2013, 4081, 3927, 3901, 4413, 2551, 2913, 2313], [2683, 2886, 2959, 3402, 751, 3913, 2701, 4994, 4653, 3183, 3541, 913, 2882, 2216, 3294, 3995, 1617, 3315, 2133, 3566, 3663, 1384, 3846, 2672, 1545, 4461, 1711, 2886, 2621, 4361, 4296, 4291, 1384, 1678, 4563, 4361, 2373, 1951, 4697, 2271, 3372, 2291, 4622, 1343, 2913, 4291, 4291, 3490, 4453, 2286, 3938, 2948, 4687, 0, 1, 4563, 3454, 3972, 3938, 2956, 4212, 913, 4501, 1757, 2251, 2041, 2683], [2683, 2886, 2959, 3402, 751, 3913, 2701, 4994, 4653, 3183, 3541, 913, 2882, 2216, 3294, 3995, 1617, 3315, 2133, 3566, 3663, 1384, 3846, 2672, 1545, 4461, 1711, 2886, 2621, 4361, 4296, 4291, 1384, 1678, 4563, 4361, 2373, 1951, 4697, 2271, 3372, 2291, 4622, 1343, 2913, 4291, 4291, 3490, 4453, 2286, 3938, 2948, 4687, 1, 0, 4563, 3454, 3972, 3938, 2956, 4212, 913, 4501, 1757, 2251, 2041, 2683], [1898, 1678, 1617, 1856, 4953, 751, 4095, 619, 542, 2705, 1201, 3706, 1826, 3005, 2515, 2164, 3715, 1951, 2515, 2956, 2149, 3232, 3090, 2002, 3927, 619, 2913, 2738, 3480, 1826, 3005, 751, 3246, 3355, 2886, 213, 3372, 3632, 151, 3754, 1274, 2855, 672, 3927, 2420, 2019, 2019, 2759, 425, 2291, 950, 1807, 1832, 4563, 4563, 0, 2231, 2855, 950, 2913, 2406, 4081, 2149, 3613, 2373, 3454, 1898], [1489, 1617, 1478, 425, 4095, 1545, 1957, 2256, 2684, 3512, 1173, 2898, 1093, 1274, 301, 542, 3480, 2886, 1531, 751, 213, 2149, 961, 1210, 3651, 2625, 2420, 672, 1384, 3503, 4374, 1531, 2621, 1807, 4413, 2149, 3613, 3604, 2373, 1757, 2041, 1173, 1807, 3532, 542, 850, 850, 542, 1856, 1957, 2443, 2286, 1291, 3454, 3454, 2231, 0, 4095, 2443, 766, 3872, 2655, 3825, 3464, 1508, 1623, 1489], [2689, 2497, 2625, 3691, 3901, 2913, 5208, 3464, 2443, 809, 3038, 3133, 3038, 3927, 4246, 4374, 2406, 1210, 3079, 4787, 4161, 3294, 5043, 3001, 2551, 2271, 2551, 4171, 4668, 1143, 336, 3332, 2759, 3872, 601, 2701, 1651, 2101, 2867, 4687, 2090, 3819, 3454, 2705, 3872, 4413, 4413, 4580, 3155, 2443, 1957, 1832, 4443, 3972, 3972, 2855, 4095, 0, 1957, 4382, 542, 4098, 961, 2256, 2971, 4265, 2689], [1478, 1210, 1238, 2019, 4228, 1007, 4040, 1567, 751, 1757, 1274, 3038, 1617, 2803, 2672, 2582, 2882, 1007, 2106, 3190, 2443, 2718, 3395, 1711, 3093, 542, 2231, 2755, 3428, 1083, 2149, 1384, 2564, 3016, 2090, 766, 2461, 2759, 1007, 3607, 601, 2659, 1501, 3122, 2420, 2551, 2551, 2978, 1201, 1678, 1, 1007, 2515, 3938, 3938, 950, 2443, 1957, 0, 2959, 1567, 3613, 1416, 2767, 1957, 3239, 1478], [1695, 1910, 1807, 1062, 3654, 2185, 1201, 3001, 3321, 3706, 1757, 2569, 1384, 766, 475, 1210, 3315, 3190, 1424, 619, 950, 1807, 913, 1384, 3454, 3232, 2296, 213, 619, 3961, 4687, 2256, 2406, 1283, 4775, 2803, 3607, 3503, 3060, 1007, 2461, 751, 2551, 3301, 542, 1545, 1545, 542, 2569, 2013, 2959, 2555, 2013, 2956, 2956, 2913, 766, 4382, 2959, 0, 4244, 2085, 4265, 3332, 1478, 961, 1695], [2561, 2334, 2443, 3454, 4225, 2564, 5162, 3001, 1957, 1062, 2755, 3332, 2867, 3872, 4054, 4095, 2718, 1083, 3038, 4593, 3913, 3372, 4831, 2867, 2886, 1801, 2659, 4032, 4593, 619, 601, 2948, 2913, 3892, 542, 2271, 2002, 2443, 2401, 4661, 1832, 3751, 3035, 3016, 3715, 4098, 4098, 4382, 2738, 2420, 1567, 1711, 4081, 4212, 4212, 2406, 3872, 542, 1567, 4244, 0, 4225, 425, 2569, 2913, 4246, 2561], [2196, 2443, 2475, 2672, 1658, 3372, 1807, 4433, 4267, 3291, 2956, 1062, 2286, 1384, 2461, 3190, 2019, 3208, 1567, 2684, 2867, 901, 2956, 2090, 2041, 4095, 1567, 2041, 1711, 4244, 4433, 3691, 1343, 850, 4653, 3895, 2672, 2334, 4225, 1359, 3016, 1486, 4026, 1832, 2122, 3503, 3503, 2625, 3901, 1951, 3613, 2705, 3927, 913, 913, 4081, 2655, 4098, 3613, 2085, 4225, 0, 4443, 2122, 1711, 1143, 2196], [2620, 2373, 2461, 3402, 4563, 2420, 5249, 2718, 1658, 1424, 2672, 3604, 2882, 3964, 4032, 3995, 3060, 1238, 3155, 4563, 3843, 3566, 4785, 2913, 3239, 1531, 2886, 4054, 4661, 336, 950, 2759, 3165, 4040, 751, 2041, 2373, 2803, 2122, 4766, 1807, 3834, 2803, 3355, 3727, 3964, 3964, 4351, 2515, 2564, 1416, 1813, 3901, 4501, 4501, 2149, 3825, 961, 1416, 4265, 425, 4443, 0, 2913, 3020, 4361, 2620], [2101, 2149, 2286, 3208, 1658, 3165, 3691, 4171, 3516, 1508, 2956, 1062, 2475, 2621, 3451, 3947, 151, 1880, 1951, 3913, 3629, 1617, 4212, 2296, 336, 3304, 1051, 3165, 3321, 2847, 2569, 3629, 950, 2286, 2855, 3402, 619, 213, 3715, 3155, 2344, 2590, 3913, 451, 3001, 4150, 4150, 3754, 3663, 1567, 2767, 1807, 4413, 1757, 1757, 3613, 3464, 2256, 2767, 3332, 2569, 2122, 2913, 0, 1957, 2759, 2101], [491, 751, 766, 1283, 2767, 1678, 2251, 2755, 2569, 2251, 1291, 1501, 637, 961, 1508, 2002, 1974, 1832, 151, 2002, 1678, 876, 2296, 425, 2149, 2406, 913, 1283, 1698, 2759, 3291, 2041, 1143, 1062, 3422, 2185, 2149, 2101, 2515, 1750, 1359, 850, 2373, 2041, 1062, 2231, 2231, 1826, 2216, 542, 1957, 1210, 2551, 2251, 2251, 2373, 1508, 2971, 1957, 1478, 2913, 1711, 3020, 1957, 0, 1343, 491], [1775, 2041, 2002, 1757, 2767, 2705, 961, 3678, 3763, 3503, 2256, 1826, 1658, 451, 1384, 2133, 2705, 3165, 1210, 1545, 1832, 1143, 1813, 1531, 2803, 3629, 1832, 961, 601, 4098, 4593, 2913, 1813, 475, 4744, 3301, 3165, 2956, 3604, 425, 2659, 601, 3239, 2621, 1143, 2461, 2461, 1501, 3183, 1832, 3239, 2551, 2913, 2041, 2041, 3454, 1623, 4265, 3239, 961, 4246, 1143, 4361, 2759, 1343, 0, 1775], [1, 269, 282, 1151, 3140, 1232, 2631, 2314, 2079, 2043, 899, 1869, 402, 1354, 1584, 1901, 2151, 1497, 640, 2119, 1611, 1335, 2391, 313, 2347, 1917, 1145, 1484, 2042, 2339, 2993, 1636, 1447, 1541, 3087, 1705, 2152, 2206, 2038, 2162, 887, 1219, 1958, 2278, 1186, 2067, 2067, 1919, 1773, 536, 1478, 862, 2313, 2683, 2683, 1898, 1489, 2689, 1478, 1695, 2561, 2196, 2620, 2101, 491, 1775, 0]], 'ttd': [[0, 135, 142, 576, 1571, 616, 1316, 1157, 1040, 1022, 450, 935, 201, 678, 793, 951, 1076, 749, 320, 1060, 806, 668, 1196, 157, 1174, 959, 573, 742, 1022, 1170, 1497, 819, 724, 771, 1544, 853, 1077, 1104, 1019, 1081, 444, 610, 979, 1139, 593, 1034, 1034, 960, 887, 268, 739, 431, 1157, 1342, 1342, 949, 745, 1345, 739, 848, 1281, 1098, 1311, 1051, 246, 888, 1], [135, 0, 76, 619, 1653, 531, 1444, 1067, 913, 950, 405, 1021, 271, 809, 876, 987, 1108, 646, 451, 1146, 856, 784, 1276, 271, 1210, 829, 637, 850, 1146, 1043, 1396, 751, 798, 904, 1434, 740, 1062, 1116, 907, 1213, 310, 740, 904, 1187, 692, 1051, 1051, 1043, 798, 319, 606, 336, 1148, 1444, 1444, 840, 809, 1249, 606, 956, 1168, 1222, 1187, 1075, 376, 1021, 135], [142, 76, 0, 547, 1701, 481, 1410, 1021, 904, 1021, 336, 1067, 213, 784, 812, 913, 1175, 709, 457, 1083, 784, 809, 1210, 238, 1276, 826, 692, 798, 1108, 1083, 1457, 692, 850, 901, 1490, 713, 1136, 1187, 879, 1187, 336, 713, 850, 1249, 637, 976, 976, 979, 751, 376, 619, 405, 1075, 1480, 1480, 809, 740, 1313, 619, 904, 1222, 1238, 1231, 1143, 383, 1002, 142], [576, 619, 547, 0, 1998, 572, 1128, 979, 1143, 1567, 376, 1378, 376, 672, 336, 376, 1620, 1242, 672, 587, 238, 1021, 692, 457, 1711, 1108, 1093, 451, 826, 1540, 1982, 601, 1213, 916, 1998, 879, 1651, 1666, 1002, 987, 812, 606, 755, 1661, 310, 475, 475, 481, 755, 829, 1010, 950, 646, 1701, 1701, 929, 213, 1846, 1010, 531, 1728, 1336, 1701, 1604, 642, 879, 576], [1571, 1653, 1701, 1998, 0, 2181, 1726, 2719, 2485, 1583, 2016, 637, 1701, 1449, 1981, 2318, 755, 1733, 1336, 2136, 2150, 979, 2278, 1596, 676, 2383, 1021, 1784, 1678, 2238, 2102, 2388, 856, 1187, 2251, 2373, 1126, 901, 2539, 1508, 1853, 1478, 2549, 606, 1779, 2458, 2458, 2090, 2450, 1336, 2114, 1611, 2643, 376, 376, 2477, 2048, 1951, 2114, 1827, 2113, 829, 2282, 829, 1384, 1384, 1571], [616, 531, 481, 572, 2181, 0, 1678, 542, 572, 1278, 226, 1547, 547, 1128, 907, 798, 1623, 901, 907, 1146, 751, 1276, 1231, 642, 1728, 542, 1168, 1002, 1370, 1043, 1567, 238, 1328, 1311, 1547, 310, 1520, 1611, 451, 1503, 457, 1054, 376, 1711, 840, 773, 773, 1043, 271, 850, 504, 713, 766, 1957, 1957, 376, 773, 1457, 504, 1093, 1283, 1686, 1210, 1583, 840, 1353, 616], [1316, 1444, 1410, 1128, 1726, 1678, 0, 2101, 2238, 2228, 1457, 1353, 1213, 646, 829, 1165, 1813, 2041, 1067, 740, 1062, 1043, 812, 1175, 1853, 2185, 1396, 680, 310, 2485, 2767, 1728, 1378, 709, 2836, 1987, 2060, 1947, 2122, 271, 1745, 709, 1876, 1757, 840, 1330, 1330, 784, 1882, 1384, 2020, 1728, 1567, 1351, 1351, 2048, 979, 2604, 2020, 601, 2582, 904, 2625, 1846, 1126, 481, 1316], [1157, 1067, 1021, 979, 2719, 542, 2101, 0, 531, 1661, 740, 2086, 1075, 1620, 1278, 1021, 2133, 1283, 1444, 1457, 1062, 1815, 1495, 1175, 2238, 601, 1701, 1428, 1803, 1203, 1801, 383, 1864, 1827, 1733, 405, 1982, 2102, 301, 1964, 916, 1547, 226, 2231, 1285, 907, 907, 1370, 271, 1384, 784, 1187, 751, 2497, 2497, 310, 1128, 1733, 784, 1501, 1501, 2217, 1359, 2086, 1378, 1840, 1157], [1040, 913, 904, 1143, 2485, 572, 2238, 531, 0, 1210, 784, 1882, 1054, 1658, 1478, 1336, 1817, 856, 1359, 1713, 1313, 1693, 1790, 1126, 1922, 107, 1478, 1567, 1929, 676, 1278, 637, 1646, 1803, 1203, 271, 1596, 1752, 238, 2048, 642, 1583, 606, 1937, 1402, 1274, 1274, 1611, 481, 1187, 376, 876, 1187, 2327, 2327, 271, 1343, 1222, 376, 1661, 979, 2134, 829, 1758, 1285, 1882, 1040], [1022, 950, 1021, 1567, 1583, 1278, 2228, 1661, 1210, 0, 1285, 1165, 1213, 1596, 1813, 1929, 829, 383, 1173, 2081, 1804, 1249, 2217, 1175, 913, 1108, 876, 1750, 1970, 709, 572, 1508, 976, 1547, 692, 1258, 475, 692, 1380, 1964, 826, 1547, 1604, 979, 1611, 1974, 1974, 1981, 1457, 856, 879, 619, 2027, 1592, 1592, 1353, 1757, 405, 879, 1853, 531, 1646, 713, 755, 1126, 1752, 1022], [450, 405, 336, 376, 2016, 226, 1457, 740, 784, 1285, 0, 1380, 336, 904, 709, 672, 1510, 929, 709, 961, 587, 1083, 1062, 438, 1611, 740, 1021, 784, 1148, 1173, 1646, 376, 1173, 1093, 1648, 531, 1457, 1520, 676, 1278, 475, 829, 542, 1583, 619, 692, 692, 856, 475, 709, 637, 676, 755, 1771, 1771, 601, 587, 1520, 637, 879, 1378, 1478, 1336, 1478, 646, 1128, 450], [935, 1021, 1067, 1378, 637, 1547, 1353, 2086, 1882, 1165, 1380, 0, 1067, 904, 1402, 1715, 481, 1203, 709, 1592, 1547, 383, 1741, 961, 504, 1784, 405, 1222, 1210, 1728, 1733, 1752, 238, 680, 1856, 1750, 812, 637, 1918, 1093, 1242, 913, 1913, 405, 1187, 1846, 1846, 1531, 1817, 709, 1520, 1021, 2020, 457, 457, 1853, 1449, 1567, 1520, 1285, 1666, 531, 1803, 531, 751, 913, 935], [201, 271, 213, 376, 1701, 547, 1213, 1075, 1054, 1213, 336, 1067, 0, 606, 606, 751, 1258, 916, 376, 876, 606, 751, 1007, 107, 1353, 987, 740, 587, 907, 1291, 1666, 709, 876, 766, 1701, 829, 1276, 1296, 987, 1002, 542, 531, 876, 1311, 425, 840, 840, 773, 809, 457, 809, 606, 976, 1442, 1442, 913, 547, 1520, 809, 692, 1434, 1143, 1442, 1238, 319, 829, 201], [678, 809, 784, 672, 1449, 1128, 646, 1620, 1658, 1596, 904, 904, 606, 0, 542, 904, 1296, 1396, 425, 692, 743, 526, 840, 547, 1359, 1592, 809, 336, 376, 1846, 2125, 1238, 840, 271, 2191, 1426, 1478, 1402, 1578, 405, 1116, 76, 1402, 1278, 376, 1062, 1062, 642, 1370, 743, 1402, 1083, 1278, 1108, 1108, 1503, 637, 1964, 1402, 383, 1937, 692, 1982, 1311, 481, 226, 678], [793, 876, 812, 336, 1981, 907, 829, 1278, 1478, 1813, 709, 1402, 606, 542, 0, 376, 1728, 1520, 751, 271, 238, 1021, 405, 642, 1807, 1444, 1201, 213, 547, 1858, 2268, 913, 1285, 812, 2297, 1213, 1826, 1803, 1330, 740, 1116, 504, 1054, 1741, 226, 542, 542, 169, 1075, 1002, 1336, 1210, 773, 1648, 1648, 1258, 151, 2124, 1336, 238, 2027, 1231, 2016, 1726, 755, 692, 793], [951, 987, 913, 376, 2318, 798, 1165, 1021, 1336, 1929, 672, 1715, 751, 904, 376, 0, 1987, 1590, 1021, 451, 169, 1343, 475, 829, 2075, 1328, 1457, 587, 907, 1832, 2316, 709, 1567, 1173, 2318, 1067, 2026, 2038, 1146, 1108, 1143, 856, 809, 2020, 542, 169, 169, 383, 876, 1203, 1291, 1311, 405, 1998, 1998, 1083, 271, 2188, 1291, 606, 2048, 1596, 1998, 1974, 1002, 1067, 951], [1076, 1108, 1175, 1620, 755, 1623, 1813, 2133, 1817, 829, 1510, 481, 1258, 1296, 1728, 1987, 0, 1007, 979, 1952, 1826, 784, 2102, 1165, 107, 1711, 531, 1578, 1639, 1495, 1359, 1853, 457, 1116, 1503, 1752, 383, 169, 1910, 1547, 1222, 1285, 1998, 151, 1503, 2093, 2093, 1876, 1876, 809, 1442, 956, 2231, 809, 809, 1858, 1741, 1203, 1442, 1658, 1359, 1010, 1531, 76, 987, 1353, 1076], [749, 646, 709, 1242, 1733, 901, 2041, 1283, 856, 383, 929, 1203, 916, 1396, 1520, 1590, 1007, 0, 979, 1790, 1478, 1165, 1918, 904, 1108, 751, 829, 1490, 1758, 526, 751, 1128, 976, 1410, 798, 879, 743, 916, 1007, 1790, 457, 1336, 1222, 1143, 1336, 1620, 1620, 1686, 1075, 672, 504, 319, 1658, 1658, 1658, 976, 1444, 606, 504, 1596, 542, 1604, 619, 941, 916, 1583, 749], [320, 451, 457, 672, 1336, 907, 1067, 1444, 1359, 1173, 709, 709, 376, 425, 751, 1021, 979, 979, 0, 987, 856, 376, 1136, 271, 1062, 1278, 451, 619, 798, 1449, 1701, 1083, 547, 457, 1771, 1165, 1093, 1054, 1330, 812, 755, 376, 1249, 1002, 526, 1143, 1143, 904, 1175, 319, 1054, 672, 1313, 1067, 1067, 1258, 766, 1540, 1054, 713, 1520, 784, 1578, 976, 76, 606, 320], [1060, 1146, 1083, 587, 2136, 1146, 740, 1457, 1713, 2081, 961, 1592, 876, 692, 271, 451, 1952, 1790, 987, 0, 405, 1210, 151, 907, 2026, 1686, 1434, 376, 531, 2122, 2539, 1116, 1501, 950, 2566, 1444, 2075, 2038, 1547, 743, 1384, 680, 1238, 1952, 475, 606, 606, 107, 1283, 1258, 1596, 1480, 840, 1784, 1784, 1478, 376, 2394, 1596, 310, 2297, 1343, 2282, 1957, 1002, 773, 1060], [806, 856, 784, 238, 2150, 751, 1062, 1062, 1313, 1804, 587, 1547, 606, 743, 238, 169, 1826, 1478, 856, 405, 0, 1175, 481, 676, 1913, 1291, 1296, 438, 784, 1758, 2216, 713, 1402, 1010, 2227, 1043, 1877, 1882, 1143, 976, 1043, 692, 840, 1856, 376, 319, 319, 310, 879, 1051, 1222, 1187, 542, 1832, 1832, 1075, 107, 2081, 1222, 475, 1957, 1434, 1922, 1815, 840, 916, 806], [668, 784, 809, 1021, 979, 1276, 1043, 1815, 1693, 1249, 1083, 383, 751, 526, 1021, 1343, 784, 1165, 376, 1210, 1175, 0, 1359, 646, 840, 1604, 376, 840, 856, 1678, 1815, 1457, 336, 336, 1913, 1520, 1021, 907, 1686, 773, 1062, 531, 1623, 755, 809, 1480, 1480, 1148, 1545, 526, 1359, 904, 1666, 692, 692, 1617, 1075, 1648, 1359, 904, 1686, 451, 1784, 809, 438, 572, 668], [1196, 1276, 1210, 692, 2278, 1231, 812, 1495, 1790, 2217, 1062, 1741, 1007, 840, 405, 475, 2102, 1918, 1136, 151, 481, 1359, 0, 1046, 2176, 1771, 1583, 526, 646, 2231, 2664, 1175, 1651, 1093, 2686, 1520, 2222, 2188, 1611, 856, 1501, 829, 1283, 2102, 619, 606, 606, 238, 1343, 1402, 1698, 1611, 826, 1923, 1923, 1545, 481, 2522, 1698, 457, 2416, 1478, 2393, 2106, 1148, 907, 1196], [157, 271, 238, 457, 1596, 642, 1175, 1175, 1126, 1175, 438, 961, 107, 547, 642, 829, 1165, 904, 271, 907, 676, 646, 1046, 0, 1258, 1054, 642, 587, 876, 1313, 1653, 812, 773, 680, 1698, 913, 1203, 1210, 1075, 950, 572, 475, 979, 1213, 438, 929, 929, 809, 907, 376, 856, 587, 1075, 1336, 1336, 1002, 606, 1501, 856, 692, 1434, 1046, 1457, 1148, 213, 766, 157], [1174, 1210, 1276, 1711, 676, 1728, 1853, 2238, 1922, 913, 1611, 504, 1353, 1359, 1807, 2075, 107, 1108, 1062, 2026, 1913, 840, 2176, 1258, 0, 1817, 619, 1651, 1693, 1590, 1428, 1957, 526, 1165, 1576, 1858, 451, 226, 2016, 1590, 1328, 1353, 2102, 107, 1583, 2185, 2185, 1952, 1981, 907, 1547, 1062, 2327, 773, 773, 1964, 1826, 1276, 1547, 1728, 1444, 1021, 1620, 169, 1075, 1402, 1174], [959, 829, 826, 1108, 2383, 542, 2185, 601, 107, 1108, 740, 1784, 987, 1592, 1444, 1328, 1711, 751, 1278, 1686, 1291, 1604, 1771, 1054, 1817, 0, 1380, 1520, 1876, 606, 1201, 646, 1547, 1726, 1136, 271, 1490, 1646, 301, 1987, 547, 1518, 642, 1832, 1353, 1278, 1278, 1583, 504, 1093, 271, 773, 1210, 2231, 2231, 310, 1313, 1136, 271, 1617, 901, 2048, 766, 1653, 1203, 1815, 959], [573, 637, 692, 1093, 1021, 1168, 1396, 1701, 1478, 876, 1021, 405, 740, 809, 1201, 1457, 531, 829, 451, 1434, 1296, 376, 1583, 642, 619, 1380, 0, 1062, 1175, 1353, 1444, 1384, 169, 692, 1547, 1353, 672, 606, 1520, 1126, 840, 784, 1540, 572, 976, 1567, 1567, 1353, 1434, 319, 1116, 619, 1715, 856, 856, 1457, 1210, 1276, 1116, 1148, 1330, 784, 1444, 526, 457, 916, 573], [742, 850, 798, 451, 1784, 1002, 680, 1428, 1567, 1750, 784, 1222, 587, 336, 213, 587, 1578, 1490, 619, 376, 438, 840, 526, 587, 1651, 1520, 1062, 0, 376, 1876, 2238, 1051, 1126, 606, 2282, 1311, 1711, 1666, 1444, 547, 1126, 310, 1203, 1578, 169, 751, 751, 310, 1203, 907, 1378, 1173, 979, 1444, 1444, 1370, 336, 2086, 1378, 107, 2016, 1021, 2027, 1583, 642, 481, 742], [1022, 1146, 1108, 826, 1678, 1370, 310, 1803, 1929, 1970, 1148, 1210, 907, 376, 547, 907, 1639, 1758, 798, 531, 784, 856, 646, 876, 1693, 1876, 1175, 376, 0, 2188, 2494, 1426, 1187, 531, 2555, 1678, 1846, 1757, 1815, 213, 1444, 425, 1578, 1604, 531, 1075, 1075, 542, 1578, 1116, 1715, 1442, 1311, 1311, 1311, 1741, 692, 