{'nodes': [(0, 6.615384615384615, 7.6, 0, 48000, 0, False), (1, 0, 4.5, 20711, 27860, 40, False), (2, 2.5, 4.5, 31462, 38778, 50, True), (3, 5.0, 7.5, 13018, 19131, 40, True), (4, 8.0, 2.0, 13213, 20685, 30, True), (5, 3.0, 7.0, 0, 4400, 30, True), (6, 7.0, 9.5, 35564, 42552, 50, True), (7, 5.5, 11.5, 12724, 16031, 10, True), (8, 9.0, 12.0, 3212, 9804, 10, True), (9, 6.0, 10.0, 11642, 18360, 20, True), (10, 10.5, 13.0, 1587, 7631, 10, True), (11, 7.5, 3.0, 22007, 32990, 40, True), (12, 12.5, 3.5, 16231, 20178, 40, False), (13, 10.5, 11.5, 16557, 21633, 20, True), (14, 1.5, 3.0, 27238, 33145, 20, True), (15, 7.5, 11.0, 23828, 28621, 40, True), (16, 2.5, 2.0, 38574, 44375, 40, True), (17, 12.5, 7.5, 39039, 44194, 30, False), (18, 7.0, 11.5, 23849, 29374, 20, True), (19, 0.5, 14.0, 37745, 44540, 10, True), (20, 5.0, 10.5, 7455, 11793, 50, True), (21, 13.5, 6.5, 15845, 20960, 30, True), (22, 1.0, 11.5, 26573, 32994, 40, True), (23, 4.0, 14.0, 39742, 46251, 20, True), (24, 2.5, 1.0, 11350, 18701, 50, True), (25, 9.0, 2.5, 31644, 38382, 10, True), (26, 2.5, 2.0, 19913, 27005, 50, True), (27, 14.5, 4.5, 41637, 45939, 10, True), (28, 1.5, 14.0, 40387, 48000, 50, True), (29, 5.0, 4.0, 19510, 26052, 30, True), (30, 5.5, 3.5, 31839, 37699, 40, True), (31, 1.5, 13.0, 5310, 11251, 40, True), (32, 7.0, 5.0, 27448, 34208, 50, True), (33, 0.5, 8.5, 6985, 9668, 40, True), (34, 8.5, 13.0, 14521, 23166, 20, True), (35, 11.5, 1.0, 36534, 38771, 30, True), (36, 9.5, 1.0, 26995, 29904, 20, True), (37, 14.5, 9.5, 36815, 42499, 50, True), (38, 4.0, 0, 10108, 16809, 40, True), (39, 4.5, 4.5, 32471, 35881, 50, True), (40, 12.0, 2.0, 3022, 8888, 50, True), (41, 9.0, 14.0, 28346, 35040, 50, True), (42, 3.5, 4.5, 5712, 11531, 10, True), (43, 7.0, 14.5, 19572, 23620, 20, True), (44, 5.5, 7.5, 13746, 19457, 20, True), (45, 13.0, 1.0, 13470, 20524, 40, True), (46, 0.5, 4.5, 5250, 10430, 50, True), (47, 6.0, 14.5, 30985, 37873, 40, True), (48, 9.0, 13.5, 36542, 43328, 40, True), (49, 12.0, 13.5, 7812, 12710, 40, True), (50, 1.0, 5.0, 26363, 31688, 30, False), (51, 13.5, 10.0, 26474, 30406, 40, True), (52, 10.0, 0.5, 25977, 33328, 20, True), (53, 12.5, 13.0, 23274, 27084, 10, True), (54, 7.0, 13.5, 12412, 19487, 10, True), (55, 10.0, 11.5, 6239, 10096, 20, True), (56, 4.0, 12.5, 2400, 6721, 50, True), (57, 9.0, 14.5, 8220, 11436, 30, True), (58, 0.5, 5.0, 21300, 25629, 50, False), (59, 7.0, 14.0, 6384, 12156, 10, False), (60, 2.0, 0.5, 3193, 8102, 40, True), (61, 14.0, 3.0, 29857, 36631, 50, True), (62, 6.0, 3.0, 0, 5350, 40, True), (63, 4.0, 8.5, 43011, 48000, 40, True), (64, 2.0, 9.5, 40824, 45116, 10, True), (65, 6.0, 2.5, 20042, 24561, 40, True), (66, 6.615384615384615, 7.6, 0, 48000, 0, False)], 'F': 20.0, 'ct': 0.083, 'cd': 0.021, 'truck_cap': 100, 'drone_cap': 20, 'truck_speed': 40, 'drone_speed': 40, 'a': 1, 'b': 2, 'max_flight_time': 30, 'ttt': [[0, 2193, 1547, 487, 1732, 1100, 583, 1218, 1502, 744, 1997, 1406, 2153, 1652, 2065, 1055, 2086, 1767, 1177, 2657, 997, 2093, 2052, 2075, 2334, 1690, 2086, 2543, 2459, 1185, 1276, 2232, 789, 1855, 1717, 2464, 2162, 2434, 2412, 1127, 2332, 2050, 1319, 2074, 337, 2756, 2058, 2079, 1910, 2397, 1857, 2188, 2361, 2397, 1775, 1550, 1667, 2191, 1995, 1924, 2541, 2611, 1393, 831, 1498, 1542, 1], [2193, 0, 751, 1750, 2515, 1173, 2582, 2672, 3516, 2443, 4054, 2296, 3763, 3787, 637, 2978, 1062, 3857, 2971, 2855, 2344, 4095, 2122, 3093, 1291, 2767, 1062, 4351, 2886, 1508, 1678, 2590, 2106, 1210, 3607, 3607, 3038, 4602, 1807, 1351, 3678, 3927, 1051, 3663, 1880, 4040, 151, 3500, 3819, 4501, 336, 4374, 3232, 4536, 3422, 3663, 2684, 4037, 213, 3541, 1343, 4225, 1856, 1698, 1617, 1898, 2193], [1547, 751, 0, 1173, 1813, 766, 2019, 2286, 2978, 1957, 3503, 1567, 3016, 3190, 542, 2461, 751, 3133, 2497, 2913, 1951, 3355, 2149, 2886, 1051, 2041, 751, 3601, 2867, 766, 950, 2569, 1359, 1343, 3122, 2898, 2349, 3901, 1424, 601, 2948, 3454, 301, 3291, 1274, 3321, 601, 3179, 3332, 3927, 475, 3691, 2551, 3938, 3020, 3079, 2443, 3579, 619, 3155, 1210, 3480, 1143, 1283, 1508, 1210, 1547], [487, 1750, 1173, 0, 1880, 619, 850, 1210, 1807, 809, 2334, 1545, 2551, 2041, 1711, 1291, 1813, 2251, 1343, 2373, 901, 2569, 1698, 1974, 2090, 1922, 1813, 2990, 2216, 1051, 1210, 1957, 961, 1384, 1957, 2759, 2373, 2913, 2271, 913, 2672, 2291, 1007, 2185, 151, 3093, 1623, 2122, 2164, 2767, 1416, 2659, 2582, 2791, 1898, 1922, 1531, 2420, 1545, 2041, 2286, 3020, 1384, 425, 1083, 1531, 487], [1732, 2515, 1813, 1880, 0, 2122, 2271, 2948, 3016, 2475, 3385, 336, 1424, 2948, 1974, 2705, 1651, 2133, 2867, 4246, 2705, 2133, 3541, 3796, 1678, 336, 1651, 2090, 4095, 1083, 876, 3834, 950, 2978, 3304, 1093, 542, 2978, 1343, 1291, 1201, 3613, 1545, 3763, 1813, 1531, 2373, 3799, 3464, 3654, 2286, 2913, 751, 3566, 3464, 2913, 3372, 3763, 2424, 3613, 1856, 1826, 672, 2291, 2882, 619, 1732], [1100, 1173, 766, 619, 2122, 0, 1416, 1545, 2344, 1274, 2882, 1807, 3038, 2625, 1283, 1807, 1508, 2855, 1807, 2231, 1210, 3155, 1478, 2122, 1807, 2251, 1508, 3532, 2149, 1083, 1291, 1856, 1343, 876, 2443, 3122, 2655, 3532, 2122, 876, 3090, 2767, 766, 2551, 766, 3500, 1062, 2424, 2655, 3332, 850, 3277, 2867, 3372, 2291, 2497, 1678, 2882, 961, 2420, 1974, 3512, 1501, 542, 809, 1623, 1100], [583, 2582, 2019, 850, 2271, 1416, 0, 751, 961, 336, 1486, 1957, 2443, 1210, 2555, 475, 2625, 1757, 601, 2373, 672, 2149, 1898, 1623, 2886, 2185, 2625, 2705, 2133, 1757, 1856, 1957, 1351, 1974, 1143, 2886, 2659, 2251, 2990, 1678, 2705, 1478, 1832, 1501, 751, 3122, 2461, 1531, 1343, 1922, 2251, 1957, 2847, 1957, 1201, 1083, 1274, 1617, 2373, 1351, 3090, 2867, 1974, 950, 1501, 2122, 583], [1218, 2672, 2286, 1210, 2948, 1545, 751, 0, 1062, 475, 1567, 2621, 3190, 1501, 2819, 619, 2990, 2420, 451, 1678, 336, 2831, 1351, 876, 3277, 2898, 2990, 3422, 1416, 2256, 2401, 1283, 2002, 1750, 1007, 3629, 3372, 2767, 3480, 2122, 3454, 1291, 2185, 1007, 1201, 3872, 2582, 913, 1210, 2041, 2373, 2443, 3566, 2149, 751, 1351, 542, 1384, 2461, 876, 3464, 3607, 2555, 1007, 1210, 2705, 1218], [1502, 3516, 2978, 1807, 3016, 2344, 961, 1062, 0, 1083, 542, 2738, 2759, 475, 3516, 542, 3579, 1711, 619, 2621, 1283, 2133, 2406, 1617, 3834, 2851, 3579, 2791, 2330, 2684, 2759, 2271, 2185, 2759, 336, 3385, 3304, 1813, 3901, 2625, 3133, 601, 2791, 961, 1711, 3512, 3402, 1173, 451, 1007, 3190, 1478, 3464, 1093, 751, 336, 1508, 751, 3304, 850, 4040, 3090, 2847, 1832, 2231, 2990, 1502], [744, 2443, 1957, 809, 2475, 1274, 336, 475, 1083, 0, 1623, 2149, 2759, 1424, 2497, 542, 2621, 2090, 542, 2041, 336, 2484, 1567, 1343, 2898, 2424, 2621, 3038, 1807, 1826, 1957, 1623, 1531, 1711, 1173, 3165, 2898, 2555, 3060, 1711, 3001, 1501, 1813, 1384, 766, 3422, 2334, 1351, 1384, 2085, 2122, 2251, 3093, 2149, 1093, 1283, 961, 1623, 2231, 1238, 3093, 3190, 2101, 751, 1210, 2251, 744], [1997, 4054, 3503, 2334, 3385, 2882, 1486, 1567, 542, 1623, 0, 3133, 2913, 451, 4037, 1083, 4081, 1757, 1143, 3016, 1813, 2149, 2886, 1974, 4328, 3183, 4081, 2819, 2718, 3165, 3222, 2701, 2621, 3291, 601, 3613, 3613, 1596, 4361, 3122, 3332, 542, 3304, 1143, 2231, 3678, 3938, 1424, 475, 475, 3727, 1274, 3754, 601, 1062, 475, 1957, 637, 3843, 1093, 4536, 3179, 3291, 2373, 2759, 3428, 1997], [1406, 2296, 1567, 1545, 336, 1807, 1957, 2621, 2738, 2149, 3133, 0, 1508, 2705, 1801, 2401, 1531, 2019, 2555, 3913, 2373, 2085, 3211, 3464, 1617, 475, 1531, 2149, 3760, 809, 619, 3500, 619, 2672, 3016, 1343, 850, 2867, 1384, 1007, 1384, 3332, 1283, 3454, 1478, 1757, 2149, 3480, 3183, 3428, 2041, 2767, 1062, 3355, 3155, 2659, 3038, 3480, 2185, 3304, 1813, 1951, 451, 1957, 2555, 475, 1406], [2153, 3763, 3016, 2551, 1424, 3038, 2443, 3190, 2759, 2759, 2913, 1508, 0, 2475, 3304, 2705, 3035, 1201, 2913, 4785, 3079, 950, 4204, 4054, 3093, 1093, 3035, 672, 4563, 2256, 2101, 4361, 1711, 3901, 3093, 809, 1173, 1898, 2759, 2420, 475, 3321, 2718, 3691, 2420, 766, 3613, 3834, 3179, 3005, 3480, 1974, 1173, 2851, 3425, 2515, 3715, 3464, 3629, 3557, 3277, 475, 1957, 2959, 3629, 1974, 2153], [1652, 3787, 3190, 2041, 2948, 2625, 1210, 1501, 475, 1424, 451, 2705, 2475, 0, 3715, 913, 3727, 1343, 1051, 3093, 1678, 1750, 2851, 2090, 3961, 2738, 3727, 2420, 2803, 2791, 2831, 2738, 2216, 3133, 751, 3165, 3165, 1343, 3964, 2767, 2886, 876, 2971, 1384, 1922, 3239, 3663, 1623, 751, 751, 3454, 1007, 3304, 751, 1210, 151, 1974, 1007, 3579, 1291, 4171, 2759, 2886, 2149, 2621, 3020, 1652], [2065, 637, 542, 1711, 1974, 1283, 2555, 2819, 3516, 2497, 4037, 1801, 3304, 3715, 0, 3001, 425, 3566, 3038, 3315, 2484, 3751, 2555, 3385, 672, 2256, 425, 3927, 3301, 1093, 1210, 3001, 1757, 1678, 3663, 3060, 2475, 4361, 1173, 1007, 3165, 3995, 751, 3825, 1807, 3503, 542, 3706, 3872, 4456, 619, 4169, 2659, 4461, 3557, 3607, 2948, 4120, 672, 3691, 766, 3751, 1351, 1813, 1957, 1359, 2065], [1055, 2978, 2461, 1291, 2705, 1807, 475, 619, 542, 542, 1083, 2401, 2705, 913, 3001, 0, 3090, 1832, 213, 2286, 766, 2251, 1957, 1384, 3355, 2590, 3090, 2867, 2013, 2231, 2330, 1898, 1807, 2231, 672, 3232, 3060, 2149, 3464, 2149, 3020, 1007, 2291, 1062, 1210, 3425, 2867, 1143, 876, 1545, 2655, 1826, 3239, 1617, 766, 766, 1143, 1143, 2767, 913, 3557, 3093, 2443, 1291, 1711, 2590, 1055], [2086, 1062, 751, 1813, 1651, 1508, 2625, 2990, 3579, 2621, 4081, 1531, 3035, 3727, 425, 3090, 0, 3425, 3155, 3651, 2659, 3566, 2886, 3629, 301, 1957, 1, 3678, 3613, 961, 1007, 3315, 1623, 2041, 3760, 2718, 2122, 4246, 751, 961, 2851, 4095, 809, 3987, 1880, 3165, 961, 3895, 3964, 4476, 1007, 4081, 2296, 4461, 3706, 3632, 3183, 4228, 1083, 3846, 475, 3464, 1093, 2002, 2256, 1062, 2086], [1767, 3857, 3133, 2251, 2133, 2855, 1757, 2420, 1711, 2090, 1757, 2019, 1201, 1343, 3566, 1832, 3425, 0, 2041, 4095, 2424, 425, 3654, 3211, 3579, 1832, 3425, 1083, 3834, 2484, 2420, 3691, 1813, 3613, 2041, 1974, 2149, 850, 3402, 2564, 1658, 2216, 2847, 2672, 2101, 1957, 3712, 2867, 2085, 1807, 3532, 809, 2231, 1651, 2443, 1416, 2959, 2349, 3678, 2555, 3787, 1424, 2373, 2569, 3208, 2461, 1767], [1177, 2971, 2497, 1343, 2867, 1807, 601, 451, 619, 542, 1143, 2555, 2913, 1051, 3038, 213, 3155, 2041, 0, 2090, 672, 2461, 1801, 1173, 3428, 2767, 3155, 3079, 1813, 2330, 2443, 1711, 1951, 2149, 637, 3428, 3239, 2330, 3566, 2231, 3222, 961, 2349, 901, 1283, 3629, 2867, 950, 850, 1617, 2655, 2002, 3422, 1711, 601, 901, 950, 1083, 2759, 751, 3626, 3304, 2569, 1274, 1617, 2718, 1177], [2657, 2855, 2913, 2373, 4246, 2231, 2373, 1678, 2621, 2041, 3016, 3913, 4785, 3093, 3315, 2286, 3651, 4095, 2090, 0, 1711, 4503, 766, 1051, 3947, 4291, 3651, 5077, 301, 3291, 3490, 425, 3332, 1651, 2420, 5110, 4744, 4413, 4330, 3093, 4987, 2551, 2990, 1957, 2461, 5411, 2851, 1658, 2555, 3454, 2705, 4081, 4953, 3613, 1957, 2948, 1143, 2555, 2701, 1951, 4076, 5225, 3691, 1957, 1424, 3825, 2657], [997, 2344, 1951, 901, 2705, 1210, 672, 336, 1283, 336, 1813, 2373, 3079, 1678, 2484, 766, 2659, 2424, 672, 1711, 0, 2819, 1238, 1093, 2948, 2684, 2659, 3372, 1486, 1951, 2106, 1291, 1757, 1478, 1291, 3454, 3155, 2867, 3165, 1807, 3304, 1596, 1856, 1343, 913, 3727, 2251, 1238, 1501, 2286, 2041, 2555, 3355, 2373, 1083, 1531, 672, 1698, 2133, 1210, 3133, 3516, 2271, 672, 950, 2420, 997], [2093, 4095, 3355, 2569, 2133, 3155, 2149, 2831, 2133, 2484, 2149, 2085, 950, 1750, 3751, 2251, 3566, 425, 2461, 4503, 2819, 0, 4040, 3632, 3691, 1807, 3566, 672, 4246, 2659, 2564, 4095, 2002, 3947, 2461, 1757, 2041, 950, 3454, 2767, 1424, 2625, 3060, 3093, 2420, 1658, 3947, 3291, 2497, 2149, 3778, 1051, 2085, 1974, 2867, 1832, 3372, 2755, 3927, 2978, 3892, 1062, 2484, 2913, 3566, 2551, 2093], [2052, 2122, 2149, 1698, 3541, 1478, 1898, 1351, 2406, 1567, 2886, 3211, 4204, 2851, 2555, 1957, 2886, 3654, 1801, 766, 1238, 4040, 0, 1173, 3183, 3613, 2886, 4563, 766, 2551, 2755, 475, 2655, 913, 2296, 4456, 4054, 4095, 3566, 2349, 4361, 2515, 2231, 2013, 1807, 4785, 2106, 1750, 2475, 3355, 1951, 3778, 4265, 3480, 1898, 2701, 950, 2564, 1957, 1951, 3315, 4661, 2959, 1274, 672, 3090, 2052], [2075, 3093, 2886, 1974, 3796, 2122, 1623, 876, 1617, 1343, 1974, 3464, 4054, 2090, 3385, 1384, 3629, 3211, 1173, 1051, 1093, 3632, 1173, 0, 3927, 3763, 3629, 4249, 751, 3016, 3183, 809, 2847, 1957, 1384, 4503, 4236, 3428, 4201, 2855, 4328, 1501, 2855, 913, 2002, 4744, 3038, 619, 1508, 2406, 2847, 3093, 4433, 2569, 913, 1951, 451, 1508, 2898, 901, 4095, 4461, 3355, 1651, 1478, 3503, 2075], [2334, 1291, 1051, 2090, 1678, 1807, 2886, 3277, 3834, 2898, 4328, 1617, 3093, 3961, 672, 3355, 301, 3579, 3428, 3947, 2948, 3691, 3183, 3927, 0, 2002, 301, 3751, 3913, 1173, 1173, 3613, 1807, 2330, 4026, 2701, 2101, 4413, 542, 1210, 2867, 4361, 1093, 4270, 2149, 3151, 1210, 4185, 4228, 4711, 1283, 4265, 2256, 4687, 3987, 3872, 3480, 4496, 1343, 4128, 213, 3503, 1210, 2296, 2555, 1143, 2334], [1690, 2767, 2041, 1922, 336, 2251, 2185, 2898, 2851, 2424, 3183, 475, 1093, 2738, 2256, 2590, 1957, 1832, 2767, 4291, 2684, 1807, 3613, 3763, 2002, 0, 1957, 1757, 4120, 1283, 1093, 3872, 961, 3122, 3155, 876, 475, 2672, 1678, 1478, 913, 3451, 1757, 3651, 1832, 1283, 2621, 3712, 3301, 3422, 2515, 2625, 672, 3321, 3355, 2718, 3355, 3601, 2659, 3503, 2185, 1508, 913, 2344, 2971, 901, 1690], [2086, 1062, 751, 1813, 1651, 1508, 2625, 2990, 3579, 2621, 4081, 1531, 3035, 3727, 425, 3090, 1, 3425, 3155, 3651, 2659, 3566, 2886, 3629, 301, 1957, 0, 3678, 3613, 961, 1007, 3315, 1623, 2041, 3760, 2718, 2122, 4246, 751, 961, 2851, 4095, 809, 3987, 1880, 3165, 961, 3895, 3964, 4476, 1007, 4081, 2296, 4461, 3706, 3632, 3183, 4228, 1083, 3846, 475, 3464, 1093, 2002, 2256, 1062, 2086], [2543, 4351, 3601, 2990, 2090, 3532, 2705, 3422, 2791, 3038, 2819, 2149, 672, 2420, 3927, 2867, 3678, 1083, 3079, 5077, 3372, 672, 4563, 4249, 3751, 1757, 3678, 0, 4831, 2855, 2718, 4661, 2256, 4369, 3122, 1384, 1832, 1501, 3428, 3001, 1062, 3294, 3301, 3751, 2847, 1143, 4201, 3938, 3165, 2803, 4054, 1678, 1807, 2621, 3516, 2497, 3961, 3425, 4204, 3632, 3938, 475, 2590, 3372, 4040, 2621, 2543], [2459, 2886, 2867, 2216, 4095, 2149, 2133, 1416, 2330, 1807, 2718, 3760, 4563, 2803, 3301, 2013, 3613, 3834, 1813, 301, 1486, 4246, 766, 751, 3913, 4120, 3613, 4831, 0, 3179, 3372, 301, 3165, 1678, 2122, 4921, 4580, 4128, 4267, 2990, 4785, 2251, 2913, 1658, 2291, 5208, 2867, 1359, 2256, 3155, 2705, 3796, 4787, 3315, 1658, 2659, 876, 2256, 2718, 1651, 4054, 4996, 3566, 1813, 1359, 3706, 2459], [1185, 1508, 766, 1051, 1083, 1083, 1757, 2256, 2684, 1826, 3165, 809, 2256, 2791, 1093, 2231, 961, 2484, 2330, 3291, 1951, 2659, 2551, 3016, 1173, 1283, 961, 2855, 3179, 0, 213, 2898, 672, 1910, 2898, 2149, 1623, 3294, 1238, 213, 2185, 3232, 475, 3208, 1062, 2564, 1359, 3165, 3093, 3541, 1238, 3122, 1832, 3516, 2913, 2705, 2569, 3372, 1384, 3060, 1384, 2718, 425, 1384, 1880, 542, 1185], [1276, 1678, 950, 1210, 876, 1291, 1856, 2401, 2759, 1957, 3222, 619, 2101, 2831, 1210, 2330, 1007, 2420, 2443, 3490, 2106, 2564, 2755, 3183, 1173, 1093, 1007, 2718, 3372, 213, 0, 3093, 637, 2122, 2990, 1951, 1416, 3246, 1143, 425, 2002, 3321, 672, 3332, 1201, 2373, 1531, 3304, 3179, 3579, 1424, 3093, 1623, 3541, 3035, 2755, 2738, 3464, 1567, 3183, 1384, 2555, 213, 1567, 2085, 336, 1276], [2232, 2590, 2569, 1957, 3834, 1856, 1957, 1283, 2271, 1623, 2701, 3500, 4361, 2738, 3001, 1898, 3315, 3691, 1711, 425, 1291, 4095, 475, 809, 3613, 3872, 3315, 4661, 301, 2898, 3093, 0, 2913, 1384, 2101, 4687, 4328, 4040, 3972, 2705, 4563, 2271, 2621, 1711, 2041, 4987, 2569, 1424, 2256, 3155, 2406, 3712, 4536, 3301, 1658, 2590, 766, 2296, 2420, 1678, 3754, 4803, 3291, 1545, 1062, 3428, 2232], [789, 2106, 1359, 961, 950, 1343, 1351, 2002, 2185, 1531, 2621, 619, 1711, 2216, 1757, 1807, 1623, 1813, 1951, 3332, 1757, 2002, 2655, 2847, 1807, 961, 1623, 2256, 3165, 672, 637, 2913, 0, 2216, 2443, 1807, 1416, 2625, 1750, 766, 1750, 2767, 1062, 2851, 876, 2164, 1957, 2867, 2621, 2959, 1801, 2461, 1623, 2913, 2551, 2149, 2424, 2913, 1951, 2701, 2019, 2185, 672, 1384, 2019, 809, 789], [1855, 1210, 1343, 1384, 2978, 876, 1974, 1750, 2759, 1711, 3291, 2672, 3901, 3133, 1678, 2231, 2041, 3613, 2149, 1651, 1478, 3947, 913, 1957, 2330, 3122, 2041, 4369, 1678, 1910, 2122, 1384, 2216, 0, 2755, 3995, 3516, 4212, 2759, 1698, 3964, 3038, 1501, 2655, 1531, 4374, 1201, 2443, 2959, 3763, 1062, 3927, 3727, 3846, 2461, 2990, 1596, 3122, 1051, 2555, 2443, 4374, 2334, 1051, 542, 2443, 1855], [1717, 3607, 3122, 1957, 3304, 2443, 1143, 1007, 336, 1173, 601, 3016, 3093, 751, 3663, 672, 3760, 2041, 637, 2420, 1291, 2461, 2296, 1384, 4026, 3155, 3760, 3122, 2122, 2898, 2990, 2101, 2443, 2755, 0, 3712, 3613, 2085, 4128, 2819, 3464, 336, 2959, 637, 1880, 3846, 3503, 876, 213, 1062, 3291, 1750, 3778, 1201, 475, 637, 1359, 475, 3395, 542, 4228, 3425, 3093, 1910, 2216, 3239, 1717], [2464, 3607, 2898, 2759, 1093, 3122, 2886, 3629, 3385, 3165, 3613, 1343, 809, 3165, 3060, 3232, 2718, 1974, 3428, 5110, 3454, 1757, 4456, 4503, 2701, 876, 2718, 1384, 4921, 2149, 1951, 4687, 1807, 3995, 3712, 0, 601, 2705, 2271, 2349, 336, 3972, 2621, 4270, 2655, 451, 3464, 4374, 3825, 3754, 3372, 2767, 475, 3613, 3987, 3183, 4120, 4120, 3512, 4128, 2855, 961, 1757, 3183, 3825, 1711, 2464], [2162, 3038, 2349, 2373, 542, 2655, 2659, 3372, 3304, 2898, 3613, 850, 1173, 3165, 2475, 3060, 2122, 2149, 3239, 4744, 3155, 2041, 4054, 4236, 2101, 475, 2122, 1832, 4580, 1623, 1416, 4328, 1416, 3516, 3613, 601, 0, 2959, 1678, 1832, 809, 3904, 2085, 4120, 2291, 1051, 2898, 4185, 3754, 3825, 2819, 2956, 213, 3712, 3825, 3155, 3825, 4054, 2956, 3972, 2256, 1478, 1210, 2791, 3402, 1143, 2162], [2434, 4602, 3901, 2913, 2978, 3532, 2251, 2767, 1813, 2555, 1596, 2867, 1898, 1343, 4361, 2149, 4246, 850, 2330, 4413, 2867, 950, 4095, 3428, 4413, 2672, 4246, 1501, 4128, 3294, 3246, 4040, 2625, 4212, 2085, 2705, 2959, 0, 4249, 3355, 2373, 2133, 3626, 2705, 2767, 2590, 4461, 2959, 2041, 1416, 4270, 336, 3020, 1210, 2551, 1478, 3277, 2231, 4413, 2625, 4622, 1957, 3211, 3165, 3751, 3304, 2434], [2412, 1807, 1424, 2271, 1343, 2122, 2990, 3480, 3901, 3060, 4361, 1384, 2759, 3964, 1173, 3464, 751, 3402, 3566, 4330, 3165, 3454, 3566, 4201, 542, 1678, 751, 3428, 4267, 1238, 1143, 3972, 1750, 2759, 4128, 2271, 1678, 4249, 0, 1359, 2475, 4461, 1359, 4443, 2296, 2718, 1711, 4392, 4320, 4709, 1750, 4139, 1807, 4661, 4150, 3892, 3751, 4602, 1832, 4296, 619, 3133, 1083, 2551, 2913, 961, 2412], [1127, 1351, 601, 913, 1291, 876, 1678, 2122, 2625, 1711, 3122, 1007, 2420, 2767, 1007, 2149, 961, 2564, 2231, 3093, 1807, 2767, 2349, 2855, 1210, 1478, 961, 3001, 2990, 213, 425, 2705, 766, 1698, 2819, 2349, 1832, 3355, 1359, 0, 2373, 3155, 301, 3093, 950, 2759, 1201, 3035, 3020, 3516, 1062, 3165, 2041, 3503, 2803, 2672, 2406, 3291, 1210, 2948, 1416, 2886, 637, 1210, 1678, 751, 1127], [2332, 3678, 2948, 2672, 1201, 3090, 2705, 3454, 3133, 3001, 3332, 1384, 475, 2886, 3165, 3020, 2851, 1658, 3222, 4987, 3304, 1424, 4361, 4328, 2867, 913, 2851, 1062, 4785, 2185, 2002, 4563, 1750, 3964, 3464, 336, 809, 2373, 2475, 2373, 0, 3712, 2659, 4040, 2555, 425, 3532, 4161, 3566, 3451, 3422, 2443, 751, 3304, 3763, 2913, 3961, 3857, 3566, 3901, 3035, 672, 1826, 3093, 3751, 1807, 2332], [2050, 3927, 3454, 2291, 3613, 2767, 1478, 1291, 601, 1501, 542, 3332, 3321, 876, 3995, 1007, 4095, 2216, 961, 2551, 1596, 2625, 2515, 1501, 4361, 3451, 4095, 3294, 2251, 3232, 3321, 2271, 2767, 3038, 336, 3972, 3904, 2133, 4461, 3155, 3712, 0, 3294, 619, 2216, 4081, 3825, 913, 151, 913, 3613, 1807, 4062, 1093, 619, 809, 1567, 151, 3715, 601, 4563, 3626, 3422, 2231, 2497, 3566, 2050], [1319, 1051, 301, 1007, 1545, 766, 1832, 2185, 2791, 1813, 3304, 1283, 2718, 2971, 751, 2291, 809, 2847, 2349, 2990, 1856, 3060, 2231, 2855, 1093, 1757, 809, 3301, 2913, 475, 672, 2621, 1062, 1501, 2959, 2621, 2085, 3626, 1359, 301, 2659, 3294, 0, 3179, 1083, 3038, 901, 3093, 3165, 3715, 766, 3425, 2291, 3715, 2898, 2867, 2406, 3425, 913, 3038, 1283, 3183, 876, 1210, 1567, 961, 1319], [2074, 3663, 3291, 2185, 3763, 2551, 1501, 1007, 961, 1384, 1143, 3454, 3691, 1384, 3825, 1062, 3987, 2672, 901, 1957, 1343, 3093, 2013, 913, 4270, 3651, 3987, 3751, 1658, 3208, 3332, 1711, 2851, 2655, 637, 4270, 4120, 2705, 4443, 3093, 4040, 619, 3179, 0, 2149, 4433, 3579, 301, 672, 1531, 3372, 2373, 4296, 1711, 301, 1274, 1083, 601, 3454, 151, 4461, 4040, 3464, 2013, 2122, 3613, 2074], [337, 1880, 1274, 151, 1813, 766, 751, 1201, 1711, 766, 2231, 1478, 2420, 1922, 1807, 1210, 1880, 2101, 1283, 2461, 913, 2420, 1807, 2002, 2149, 1832, 1880, 2847, 2291, 1062, 1201, 2041, 876, 1531, 1880, 2655, 2291, 2767, 2296, 950, 2555, 2216, 1083, 2149, 0, 2978, 1750, 2106, 2085, 2655, 1545, 2515, 2497, 2672, 1856, 1807, 1567, 2349, 1678, 2002, 2349, 2886, 1359, 542, 1210, 1508, 337], [2756, 4040, 3321, 3093, 1531, 3500, 3122, 3872, 3512, 3422, 3678, 1757, 766, 3239, 3503, 3425, 3165, 1957, 3629, 5411, 3727, 1658, 4785, 4744, 3151, 1283, 3165, 1143, 5208, 2564, 2373, 4987, 2164, 4374, 3846, 451, 1051, 2590, 2718, 2759, 425, 4081, 3038, 4433, 2978, 0, 3895, 4563, 3938, 3763, 3796, 2705, 913, 3604, 4161, 3277, 4382, 4225, 3938, 4296, 3304, 672, 2185, 3516, 4171, 2149, 2756], [2058, 151, 601, 1623, 2373, 1062, 2461, 2582, 3402, 2334, 3938, 2149, 3613, 3663, 542, 2867, 961, 3712, 2867, 2851, 2251, 3947, 2106, 3038, 1210, 2621, 961, 4201, 2867, 1359, 1531, 2569, 1957, 1201, 3503, 3464, 2898, 4461, 1711, 1201, 3532, 3825, 901, 3579, 1750, 3895, 0, 3425, 3715, 4382, 213, 4236, 3093, 4413, 3332, 3541, 2621, 3938, 151, 3454, 1283, 4076, 1711, 1596, 1567, 1757, 2058], [2079, 3500, 3179, 2122, 3799, 2424, 1531, 913, 1173, 1351, 1424, 3480, 3834, 1623, 3706, 1143, 3895, 2867, 950, 1658, 1238, 3291, 1750, 619, 4185, 3712, 3895, 3938, 1359, 3165, 3304, 1424, 2867, 2443, 876, 4374, 4185, 2959, 4392, 3035, 4161, 913, 3093, 301, 2106, 4563, 3425, 0, 950, 1826, 3222, 2625, 4369, 2002, 425, 1501, 850, 901, 3294, 336, 4369, 4204, 3451, 1898, 1922, 3601, 2079], [1910, 3819, 3332, 2164, 3464, 2655, 1343, 1210, 451, 1384, 475, 3183, 3179, 751, 3872, 876, 3964, 2085, 850, 2555, 1501, 2497, 2475, 1508, 4228, 3301, 3964, 3165, 2256, 3093, 3179, 2256, 2621, 2959, 213, 3825, 3754, 2041, 4320, 3020, 3566, 151, 3165, 672, 2085, 3938, 3715, 950, 0, 901, 3503, 1711, 3913, 1062, 601, 672, 1531, 301, 3607, 619, 4430, 3490, 3277, 2122, 2420, 3422, 1910], [2397, 4501, 3927, 2767, 3654, 3332, 1922, 2041, 1007, 2085, 475, 3428, 3005, 751, 4456, 1545, 4476, 1807, 1617, 3454, 2286, 2149, 3355, 2406, 4711, 3422, 4476, 2803, 3155, 3541, 3579, 3155, 2959, 3763, 1062, 3754, 3825, 1416, 4709, 3516, 3451, 913, 3715, 1531, 2655, 3763, 4382, 1826, 901, 0, 4171, 1143, 3947, 213, 1501, 850, 2420, 950, 4291, 1508, 4921, 3208, 3629, 2831, 3232, 3760, 2397], [1857, 336, 475, 1416, 2286, 850, 2251, 2373, 3190, 2122, 3727, 2041, 3480, 3454, 619, 2655, 1007, 3532, 2655, 2705, 2041, 3778, 1951, 2847, 1283, 2515, 1007, 4054, 2705, 1238, 1424, 2406, 1801, 1062, 3291, 3372, 2819, 4270, 1750, 1062, 3422, 3613, 766, 3372, 1545, 3796, 213, 3222, 3503, 4171, 0, 4040, 3020, 4204, 3122, 3332, 2424, 3727, 151, 3246, 1384, 3947, 1617, 1384, 1384, 1678, 1857], [2188, 4374, 3691, 2659, 2913, 3277, 1957, 2443, 1478, 2251, 1274, 2767, 1974, 1007, 4169, 1826, 4081, 809, 2002, 4081, 2555, 1051, 3778, 3093, 4265, 2625, 4081, 1678, 3796, 3122, 3093, 3712, 2461, 3927, 1750, 2767, 2956, 336, 4139, 3165, 2443, 1807, 3425, 2373, 2515, 2705, 4236, 2625, 1711, 1143, 4040, 0, 3038, 950, 2216, 1143, 2948, 1910, 4180, 2291, 4476, 2106, 3079, 2886, 3454, 3183, 2188], [2361, 3232, 2551, 2582, 751, 2867, 2847, 3566, 3464, 3093, 3754, 1062, 1173, 3304, 2659, 3239, 2296, 2231, 3422, 4953, 3355, 2085, 4265, 4433, 2256, 672, 2296, 1807, 4787, 1832, 1623, 4536, 1623, 3727, 3778, 475, 213, 3020, 1807, 2041, 751, 4062, 2291, 4296, 2497, 913, 3093, 4369, 3913, 3947, 3020, 3038, 0, 3825, 4003, 3301, 4026, 4212, 3155, 4150, 2401, 1416, 1416, 3001, 3613, 1343, 2361], [2397, 4536, 3938, 2791, 3566, 3372, 1957, 2149, 1093, 2149, 601, 3355, 2851, 751, 4461, 1617, 4461, 1651, 1711, 3613, 2373, 1974, 3480, 2569, 4687, 3321, 4461, 2621, 3315, 3516, 3541, 3301, 2913, 3846, 1201, 3613, 3712, 1210, 4661, 3503, 3304, 1093, 3715, 1711, 2672, 3604, 4413, 2002, 1062, 213, 4204, 950, 3825, 0, 1658, 876, 2555, 1143, 4328, 1678, 4898, 3035, 3579, 2886, 3321, 3706, 2397], [1775, 3422, 3020, 1898, 3464, 2291, 1201, 751, 751, 1093, 1062, 3155, 3425, 1210, 3557, 766, 3706, 2443, 601, 1957, 1083, 2867, 1898, 913, 3987, 3355, 3706, 3516, 1658, 2913, 3035, 1658, 2551, 2461, 475, 3987, 3825, 2551, 4150, 2803, 3763, 619, 2898, 301, 1856, 4161, 3332, 425, 601, 1501, 3122, 2216, 4003, 1658, 0, 1083, 950, 672, 3211, 151, 4180, 3787, 3165, 1750, 1922, 3315, 1775], [1550, 3663, 3079, 1922, 2913, 2497, 1083, 1351, 336, 1283, 475, 2659, 2515, 151, 3607, 766, 3632, 1416, 901, 2948, 1531, 1832, 2701, 1951, 3872, 2718, 3632, 2497, 2659, 2705, 2755, 2590, 2149, 2990, 637, 3183, 3155, 1478, 3892, 2672, 2913, 809, 2867, 1274, 1807, 3277, 3541, 1501, 672, 850, 3332, 1143, 3301, 876, 1083, 0, 1826, 950, 3454, 1173, 4081, 2819, 2819, 2013, 2475, 2956, 1550], [1667, 2684, 2443, 1531, 3372, 1678, 1274, 542, 1508, 961, 1957, 3038, 3715, 1974, 2948, 1143, 3183, 2959, 950, 1143, 672, 3372, 950, 451, 3480, 3355, 3183, 3961, 876, 2569, 2738, 766, 2424, 1596, 1359, 4120, 3825, 3277, 3751, 2406, 3961, 1567, 2406, 1083, 1567, 4382, 2621, 850, 1531, 2420, 2424, 2948, 4026, 2555, 950, 1826, 0, 1617, 2484, 1007, 3651, 4139, 2913, 1201, 1083, 3060, 1667], [2191, 4037, 3579, 2420, 3763, 2882, 1617, 1384, 751, 1623, 637, 3480, 3464, 1007, 4120, 1143, 4228, 2349, 1083, 2555, 1698, 2755, 2564, 1508, 4496, 3601, 4228, 3425, 2256, 3372, 3464, 2296, 2913, 3122, 475, 4120, 4054, 2231, 4602, 3291, 3857, 151, 3425, 601, 2349, 4225, 3938, 901, 301, 950, 3727, 1910, 4212, 1143, 672, 950, 1617, 0, 3825, 619, 4697, 3763, 3566, 2344, 2582, 3712, 2191], [1995, 213, 619, 1545, 2424, 961, 2373, 2461, 3304, 2231, 3843, 2185, 3629, 3579, 672, 2767, 1083, 3678, 2759, 2701, 2133, 3927, 1957, 2898, 1343, 2659, 1083, 4204, 2718, 1384, 1567, 2420, 1951, 1051, 3395, 3512, 2956, 4413, 1832, 1210, 3566, 3715, 913, 3454, 1678, 3938, 151, 3294, 3607, 4291, 151, 4180, 3155, 4328, 3211, 3454, 2484, 3825, 0, 3332, 1424, 4095, 1757, 1486, 1424, 1813, 1995], [1924, 3541, 3155, 2041, 3613, 2420, 1351, 876, 850, 1238, 1093, 3304, 3557, 1291, 3691, 913, 3846, 2555, 751, 1951, 1210, 2978, 1951, 901, 4128, 3503, 3846, 3632, 1651, 3060, 3183, 1678, 2701, 2555, 542, 4128, 3972, 2625, 4296, 2948, 3901, 601, 3038, 151, 2002, 4296, 3454, 336, 619, 1508, 3246, 2291, 4150, 1678, 151, 1173, 1007, 619, 3332, 0, 4320, 3913, 3315, 1880, 2019, 3464, 1924], [2541, 1343, 1210, 2286, 1856, 1974, 3090, 3464, 4040, 3093, 4536, 1813, 3277, 4171, 766, 3557, 475, 3787, 3626, 4076, 3133, 3892, 3315, 4095, 213, 2185, 475, 3938, 4054, 1384, 1384, 3754, 2019, 2443, 4228, 2855, 2256, 4622, 619, 1416, 3035, 4563, 1283, 4461, 2349, 3304, 1283, 4369, 4430, 4921, 1384, 4476, 2401, 4898, 4180, 4081, 3651, 4697, 1424, 4320, 0, 3678, 1416, 2475, 2701, 1343, 2541], [2611, 4225, 3480, 3020, 1826, 3512, 2867, 3607, 3090, 3190, 3179, 1951, 475, 2759, 3751, 3093, 3464, 1424, 3304, 5225, 3516, 1062, 4661, 4461, 3503, 1508, 3464, 475, 4996, 2718, 2555, 4803, 2185, 4374, 3425, 961, 1478, 1957, 3133, 2886, 672, 3626, 3183, 4040, 2886, 672, 4076, 4204, 3490, 3208, 3947, 2106, 1416, 3035, 3787, 2819, 4139, 3763, 4095, 3913, 3678, 0, 2401, 3425, 4095, 2406, 2611], [1393, 1856, 1143, 1384, 672, 1501, 1974, 2555, 2847, 2101, 3291, 451, 1957, 2886, 1351, 2443, 1093, 2373, 2569, 3691, 2271, 2484, 2959, 3355, 1210, 913, 1093, 2590, 3566, 425, 213, 3291, 672, 2334, 3093, 1757, 1210, 3211, 1083, 637, 1826, 3422, 876, 3464, 1359, 2185, 1711, 3451, 3277, 3629, 1617, 3079, 1416, 3579, 3165, 2819, 2913, 3566, 1757, 3315, 1416, 2401, 0, 1757, 2291, 151, 1393], [831, 1698, 1283, 425, 2291, 542, 950, 1007, 1832, 751, 2373, 1957, 2959, 2149, 1813, 1291, 2002, 2569, 1274, 1957, 672, 2913, 1274, 1651, 2296, 2344, 2002, 3372, 1813, 1384, 1567, 1545, 1384, 1051, 1910, 3183, 2791, 3165, 2551, 1210, 3093, 2231, 1210, 2013, 542, 3516, 1596, 1898, 2122, 2831, 1384, 2886, 3001, 2886, 1750, 2013, 1201, 2344, 1486, 1880, 2475, 3425, 1757, 0, 672, 1898, 831], [1498, 1617, 1508, 1083, 2882, 809, 1501, 1210, 2231, 1210, 2759, 2555, 3629, 2621, 1957, 1711, 2256, 3208, 1617, 1424, 950, 3566, 672, 1478, 2555, 2971, 2256, 4040, 1359, 1880, 2085, 1062, 2019, 542, 2216, 3825, 3402, 3751, 2913, 1678, 3751, 2497, 1567, 2122, 1210, 4171, 1567, 1922, 2420, 3232, 1384, 3454, 3613, 3321, 1922, 2475, 1083, 2582, 1424, 2019, 2701, 4095, 2291, 672, 0, 2420, 1498], [1542, 1898, 1210, 1531, 619, 1623, 2122, 2705, 2990, 2251, 3428, 475, 1974, 3020, 1359, 2590, 1062, 2461, 2718, 3825, 2420, 2551, 3090, 3503, 1143, 901, 1062, 2621, 3706, 542, 336, 3428, 809, 2443, 3239, 1711, 1143, 3304, 961, 751, 1807, 3566, 961, 3613, 1508, 2149, 1757, 3601, 3422, 3760, 1678, 3183, 1343, 3706, 3315, 2956, 3060, 3712, 1813, 3464, 1343, 2406, 151, 1898, 2420, 0, 1542], [1, 2193, 1547, 487, 1732, 1100, 583, 1218, 1502, 744, 1997, 1406, 2153, 1652, 2065, 1055, 2086, 1767, 1177, 2657, 997, 2093, 2052, 2075, 2334, 1690, 2086, 2543, 2459, 1185, 1276, 2232, 789, 1855, 1717, 2464, 2162, 2434, 2412, 1127, 2332, 2050, 1319, 2074, 337, 2756, 2058, 2079, 1910, 2397, 1857, 2188, 2361, 2397, 1775, 1550, 1667, 2191, 1995, 1924, 2541, 2611, 1393, 831, 1498, 1542, 0]], 'ttd': [[0, 1097, 774, 244, 866, 551, 292, 609, 752, 373, 999, 704, 1077, 827, 1033, 528, 1043, 884, 589, 1329, 499, 1047, 1027, 1038, 1168, 845, 1043, 1272, 1230, 593, 638, 1117, 395, 928, 859, 1233, 1081, 1218, 1207, 564, 1166, 1025, 660, 1038, 169, 1378, 1029, 1040, 956, 1199, 929, 1095, 1181, 1199, 888, 776, 834, 1096, 998, 963, 1271, 1306, 697, 416, 750, 772, 1], [1097, 0, 376, 876, 1258, 587, 1291, 1336, 1758, 1222, 2027, 1148, 1882, 1894, 319, 1490, 531, 1929, 1486, 1428, 1173, 2048, 1062, 1547, 646, 1384, 531, 2176, 1444, 755, 840, 1296, 1054, 606, 1804, 1804, 1520, 2302, 904, 676, 1840, 1964, 526, 1832, 941, 2020, 76, 1750, 1910, 2251, 169, 2188, 1617, 2268, 1711, 1832, 1343, 2019, 107, 1771, 672, 2113, 929, 850, 809, 950, 1097], [774, 376, 0, 587, 907, 383, 1010, 1143, 1490, 979, 1752, 784, 1508, 1596, 271, 1231, 376, 1567, 1249, 1457, 976, 1678, 1075, 1444, 526, 1021, 376, 1801, 1434, 383, 475, 1285, 680, 672, 1562, 1449, 1175, 1951, 713, 301, 1475, 1728, 151, 1646, 637, 1661, 301, 1590, 1666, 1964, 238, 1846, 1276, 1970, 1510, 1540, 1222, 1790, 310, 1578, 606, 1741, 572, 642, 755, 606, 774], [244, 876, 587, 0, 941, 310, 425, 606, 904, 405, 1168, 773, 1276, 1021, 856, 646, 907, 1126, 672, 1187, 451, 1285, 850, 987, 1046, 961, 907, 1495, 1108, 526, 606, 979, 481, 692, 979, 1380, 1187, 1457, 1136, 457, 1336, 1146, 504, 1093, 76, 1547, 812, 1062, 1083, 1384, 709, 1330, 1291, 1396, 950, 961, 766, 1210, 773, 1021, 1143, 1510, 692, 213, 542, 766, 244], [866, 1258, 907, 941, 0, 1062, 1136, 1475, 1508, 1238, 1693, 169, 713, 1475, 987, 1353, 826, 1067, 1434, 2124, 1353, 1067, 1771, 1898, 840, 169, 826, 1046, 2048, 542, 438, 1918, 475, 1490, 1653, 547, 271, 1490, 672, 646, 601, 1807, 773, 1882, 907, 766, 1187, 1900, 1733, 1827, 1143, 1457, 376, 1784, 1733, 1457, 1686, 1882, 1213, 1807, 929, 913, 336, 1146, 1442, 310, 866], [551, 587, 383, 310, 1062, 0, 709, 773, 1173, 637, 1442, 904, 1520, 1313, 642, 904, 755, 1428, 904, 1116, 606, 1578, 740, 1062, 904, 1126, 755, 1766, 1075, 542, 646, 929, 672, 438, 1222, 1562, 1328, 1766, 1062, 438, 1545, 1384, 383, 1276, 383, 1750, 531, 1213, 1328, 1666, 425, 1639, 1434, 1686, 1146, 1249, 840, 1442, 481, 1210, 987, 1757, 751, 271, 405, 812, 551], [292, 1291, 1010, 425, 1136, 709, 0, 376, 481, 169, 743, 979, 1222, 606, 1278, 238, 1313, 879, 301, 1187, 336, 1075, 950, 812, 1444, 1093, 1313, 1353, 1067, 879, 929, 979, 676, 987, 572, 1444, 1330, 1126, 1495, 840, 1353, 740, 916, 751, 376, 1562, 1231, 766, 672, 961, 1126, 979, 1424, 979, 601, 542, 637, 809, 1187, 676, 1545, 1434, 987, 475, 751, 1062, 292], [609, 1336, 1143, 606, 1475, 773, 376, 0, 531, 238, 784, 1311, 1596, 751, 1410, 310, 1495, 1210, 226, 840, 169, 1416, 676, 438, 1639, 1449, 1495, 1711, 709, 1128, 1201, 642, 1002, 876, 504, 1815, 1686, 1384, 1741, 1062, 1728, 646, 1093, 504, 601, 1937, 1291, 457, 606, 1021, 1187, 1222, 1784, 1075, 376, 676, 271, 692, 1231, 438, 1733, 1804, 1278, 504, 606, 1353, 609], [752, 1758, 1490, 904, 1508, 1173, 481, 531, 0, 542, 271, 1370, 1380, 238, 1758, 271, 1790, 856, 310, 1311, 642, 1067, 1203, 809, 1918, 1426, 1790, 1396, 1165, 1343, 1380, 1136, 1093, 1380, 169, 1693, 1653, 907, 1951, 1313, 1567, 301, 1396, 481, 856, 1757, 1701, 587, 226, 504, 1596, 740, 1733, 547, 376, 169, 755, 376, 1653, 425, 2020, 1545, 1424, 916, 1116, 1495, 752], [373, 1222, 979, 405, 1238, 637, 169, 238, 542, 0, 812, 1075, 1380, 713, 1249, 271, 1311, 1046, 271, 1021, 169, 1242, 784, 672, 1449, 1213, 1311, 1520, 904, 913, 979, 812, 766, 856, 587, 1583, 1449, 1278, 1531, 856, 1501, 751, 907, 692, 383, 1711, 1168, 676, 692, 1043, 1062, 1126, 1547, 1075, 547, 642, 481, 812, 1116, 619, 1547, 1596, 1051, 376, 606, 1126, 373], [999, 2027, 1752, 1168, 1693, 1442, 743, 784, 271, 812, 0, 1567, 1457, 226, 2019, 542, 2041, 879, 572, 1508, 907, 1075, 1444, 987, 2164, 1592, 2041, 1410, 1359, 1583, 1611, 1351, 1311, 1646, 301, 1807, 1807, 798, 2181, 1562, 1666, 271, 1653, 572, 1116, 1840, 1970, 713, 238, 238, 1864, 637, 1877, 301, 531, 238, 979, 319, 1922, 547, 2268, 1590, 1646, 1187, 1380, 1715, 999], [704, 1148, 784, 773, 169, 904, 979, 1311, 1370, 1075, 1567, 0, 755, 1353, 901, 1201, 766, 1010, 1278, 1957, 1187, 1043, 1606, 1733, 809, 238, 766, 1075, 1880, 405, 310, 1750, 310, 1336, 1508, 672, 425, 1434, 692, 504, 692, 1666, 642, 1728, 740, 879, 1075, 1741, 1592, 1715, 1021, 1384, 531, 1678, 1578, 1330, 1520, 1741, 1093, 1653, 907, 976, 226, 979, 1278, 238, 704], [1077, 1882, 1508, 1276, 713, 1520, 1222, 1596, 1380, 1380, 1457, 755, 0, 1238, 1653, 1353, 1518, 601, 1457, 2393, 1540, 475, 2102, 2027, 1547, 547, 1518, 336, 2282, 1128, 1051, 2181, 856, 1951, 1547, 405, 587, 950, 1380, 1210, 238, 1661, 1359, 1846, 1210, 383, 1807, 1918, 1590, 1503, 1741, 987, 587, 1426, 1713, 1258, 1858, 1733, 1815, 1779, 1639, 238, 979, 1480, 1815, 987, 1077], [827, 1894, 1596, 1021, 1475, 1313, 606, 751, 238, 713, 226, 1353, 1238, 0, 1858, 457, 1864, 672, 526, 1547, 840, 876, 1426, 1046, 1981, 1370, 1864, 1210, 1402, 1396, 1416, 1370, 1108, 1567, 376, 1583, 1583, 672, 1982, 1384, 1444, 438, 1486, 692, 961, 1620, 1832, 812, 376, 376, 1728, 504, 1653, 376, 606, 76, 987, 504, 1790, 646, 2086, 1380, 1444, 1075, 1311, 1510, 827], [1033, 319, 271, 856, 987, 642, 1278, 1410, 1758, 1249, 2019, 901, 1653, 1858, 0, 1501, 213, 1784, 1520, 1658, 1242, 1876, 1278, 1693, 336, 1128, 213, 1964, 1651, 547, 606, 1501, 879, 840, 1832, 1531, 1238, 2181, 587, 504, 1583, 1998, 376, 1913, 904, 1752, 271, 1853, 1937, 2228, 310, 2085, 1330, 2231, 1779, 1804, 1475, 2060, 336, 1846, 383, 1876, 676, 907, 979, 680, 1033], [528, 1490, 1231, 646, 1353, 904, 238, 310, 271, 271, 542, 1201, 1353, 457, 1501, 0, 1545, 916, 107, 1143, 383, 1126, 979, 692, 1678, 1296, 1545, 1434, 1007, 1116, 1165, 950, 904, 1116, 336, 1617, 1531, 1075, 1733, 1075, 1510, 504, 1146, 531, 606, 1713, 1434, 572, 438, 773, 1328, 913, 1620, 809, 383, 383, 572, 572, 1384, 457, 1779, 1547, 1222, 646, 856, 1296, 528], [1043, 531, 376, 907, 826, 755, 1313, 1495, 1790, 1311, 2041, 766, 1518, 1864, 213, 1545, 0, 1713, 1578, 1826, 1330, 1784, 1444, 1815, 151, 979, 1, 1840, 1807, 481, 504, 1658, 812, 1021, 1880, 1359, 1062, 2124, 376, 481, 1426, 2048, 405, 1994, 941, 1583, 481, 1948, 1982, 2238, 504, 2041, 1148, 2231, 1853, 1817, 1592, 2114, 542, 1923, 238, 1733, 547, 1002, 1128, 531, 1043], [884, 1929, 1567, 1126, 1067, 1428, 879, 1210, 856, 1046, 879, 1010, 601, 672, 1784, 916, 1713, 0, 1021, 2048, 1213, 213, 1827, 1606, 1790, 916, 1713, 542, 1918, 1242, 1210, 1846, 907, 1807, 1021, 987, 1075, 425, 1701, 1283, 829, 1108, 1424, 1336, 1051, 979, 1856, 1434, 1043, 904, 1766, 405, 1116, 826, 1222, 709, 1480, 1175, 1840, 1278, 1894, 713, 1187, 1285, 1604, 1231, 884], [589, 1486, 1249, 672, 1434, 904, 301, 226, 310, 271, 572, 1278, 1457, 526, 1520, 107, 1578, 1021, 0, 1046, 336, 1231, 901, 587, 1715, 1384, 1578, 1540, 907, 1165, 1222, 856, 976, 1075, 319, 1715, 1620, 1165, 1784, 1116, 1611, 481, 1175, 451, 642, 1815, 1434, 475, 425, 809, 1328, 1002, 1711, 856, 301, 451, 475, 542, 1380, 376, 1813, 1653, 1285, 637, 809, 1359, 589], [1329, 1428, 1457, 1187, 2124, 1116, 1187, 840, 1311, 1021, 1508, 1957, 2393, 1547, 1658, 1143, 1826, 2048, 1046, 0, 856, 2252, 383, 526, 1974, 2146, 1826, 2539, 151, 1646, 1745, 213, 1666, 826, 1210, 2555, 2373, 2207, 2166, 1547, 2494, 1276, 1495, 979, 1231, 2706, 1426, 829, 1278, 1728, 1353, 2041, 2477, 1807, 979, 1475, 572, 1278, 1351, 976, 2038, 2613, 1846, 979, 713, 1913, 1329], [499, 1173, 976, 451, 1353, 606, 336, 169, 642, 169, 907, 1187, 1540, 840, 1242, 383, 1330, 1213, 336, 856, 0, 1410, 619, 547, 1475, 1343, 1330, 1686, 743, 976, 1054, 646, 879, 740, 646, 1728, 1578, 1434, 1583, 904, 1653, 798, 929, 672, 457, 1864, 1126, 619, 751, 1143, 1021, 1278, 1678, 1187, 542, 766, 336, 850, 1067, 606, 1567, 1758, 1136, 336, 475, 1210, 499], [1047, 2048, 1678, 1285, 1067, 1578, 1075, 1416, 1067, 1242, 1075, 1043, 475, 876, 1876, 1126, 1784, 213, 1231, 2252, 1410, 0, 2020, 1817, 1846, 904, 1784, 336, 2124, 1330, 1283, 2048, 1002, 1974, 1231, 879, 1021, 475, 1728, 1384, 713, 1313, 1531, 1547, 1210, 829, 1974, 1646, 1249, 1075, 1889, 526, 1043, 987, 1434, 916, 1686, 1378, 1964, 1490, 1947, 531, 1242, 1457, 1784, 1276, 1047], [1027, 1062, 1075, 850, 1771, 740, 950, 676, 1203, 784, 1444, 1606, 2102, 1426, 1278, 979, 1444, 1827, 901, 383, 619, 2020, 0, 587, 1592, 1807, 1444, 2282, 383, 1276, 1378, 238, 1328, 457, 1148, 2228, 2027, 2048, 1784, 1175, 2181, 1258, 1116, 1007, 904, 2393, 1054, 876, 1238, 1678, 976, 1889, 2133, 1741, 950, 1351, 475, 1283, 979, 976, 1658, 2331, 1480, 637, 336, 1545, 1027], [1038, 1547, 1444, 987, 1898, 1062, 812, 438, 809, 672, 987, 1733, 2027, 1046, 1693, 692, 1815, 1606, 587, 526, 547, 1817, 587, 0, 1964, 1882, 1815, 2125, 376, 1508, 1592, 405, 1424, 979, 692, 2252, 2118, 1715, 2101, 1428, 2164, 751, 1428, 457, 1002, 2373, 1520, 310, 755, 1203, 1424, 1547, 2217, 1285, 457, 976, 226, 755, 1449, 451, 2048, 2231, 1678, 826, 740, 1752, 1038], [1168, 646, 526, 1046, 840, 904, 1444, 1639, 1918, 1449, 2164, 809, 1547, 1981, 336, 1678, 151, 1790, 1715, 1974, 1475, 1846, 1592, 1964, 0, 1002, 151, 1876, 1957, 587, 587, 1807, 904, 1165, 2013, 1351, 1051, 2207, 271, 606, 1434, 2181, 547, 2136, 1075, 1576, 606, 2093, 2114, 2356, 642, 2133, 1128, 2344, 1994, 1937, 1741, 2248, 672, 2065, 107, 1752, 606, 1148, 1278, 572, 1168], [845, 1384, 1021, 961, 169, 1126, 1093, 1449, 1426, 1213, 1592, 238, 547, 1370, 1128, 1296, 979, 916, 1384, 2146, 1343, 904, 1807, 1882, 1002, 0, 979, 879, 2060, 642, 547, 1937, 481, 1562, 1578, 438, 238, 1336, 840, 740, 457, 1726, 879, 1826, 916, 642, 1311, 1856, 1651, 1711, 1258, 1313, 336, 1661, 1678, 1359, 1678, 1801, 1330, 1752, 1093, 755, 457, 1173, 1486, 451, 845], [1043, 531, 376, 907, 826, 755, 1313, 1495, 1790, 1311, 2041, 766, 1518, 1864, 213, 1545, 1, 1713, 1578, 1826, 1330, 1784, 1444, 1815, 151, 979, 0, 1840, 1807, 481, 504, 1658, 812, 1021, 1880, 1359, 1062, 2124, 376, 481, 1426, 2048, 405, 1994, 941, 1583, 481, 1948, 1982, 2238, 504, 2041, 1148, 2231, 1853, 1817, 1592, 2114, 542, 1923, 238, 1733, 547, 1002, 1128, 531, 1043], [1272, 2176, 1801, 1495, 1046, 1766, 1353, 1711, 1396, 1520, 1410, 1075, 336, 1210, 1964, 1434, 1840, 542, 1540, 2539, 1686, 336, 2282, 2125, 1876, 879, 1840, 0, 2416, 1428, 1359, 2331, 1128, 2185, 1562, 692, 916, 751, 1715, 1501, 531, 1648, 1651, 1876, 1424, 572, 2101, 1970, 1583, 1402, 2027, 840, 904, 1311, 1758, 1249, 1981, 1713, 2102, 1817, 1970, 238, 1296, 1686, 2020, 1311, 1272], [1230, 1444, 1434, 1108, 2048, 1075, 1067, 709, 1165, 904, 1359, 1880, 2282, 1402, 1651, 1007, 1807, 1918, 907, 151, 743, 2124, 383, 376, 1957, 2060, 1807, 2416, 0, 1590, 1686, 151, 1583, 840, 1062, 2461, 2291, 2065, 2134, 1495, 2393, 1126, 1457, 829, 1146, 2604, 1434, 680, 1128, 1578, 1353, 1898, 2394, 1658, 829, 1330, 438, 1128, 1359, 826, 2027, 249