{'nodes': [(0, 0, 0, 0, 48000, 0, False), (1, 8.949579398438194, 5.802288259904468, 20036, 24621, 20, True), (2, -19.265736494995306, -11.434533699935574, 6728, 12628, 10, True), (3, 11.899945744984402, 4.826880972307837, 20358, 28898, 50, True), (4, 0.03622141709891534, 1.0671804332669605, 27830, 34199, 40, True), (5, -0.5281142155787003, -0.8572117143047585, 2395, 8097, 20, True), (6, -2.8498710558096225, -2.7620004425340525, 33080, 40725, 50, True), (7, 3.850224344181592, -0.6699528590607768, 8038, 11030, 10, True), (8, 2.195448942777197, -2.710693912168289, 40204, 46425, 10, True), (9, 0.1690019648181349, 0.0041034998772525606, 25368, 31067, 50, True), (10, -8.448610133336382, 2.4038937808489154, 20081, 23394, 30, True), (11, -6.4763598912750515, 10.829870449594864, 5481, 16079, 20, True), (12, 13.264590045910243, 2.430382424231566, 19677, 26481, 10, True), (13, 2.1941010001409746, 0.4981810957830791, 27623, 34252, 10, True), (14, -9.239442535768328, -3.101914166726478, 9735, 19098, 30, True), (15, -3.2721852768933823, 1.4757502126313111, 37781, 45868, 10, True), (16, -3.7850857185026263, 0.9324650732620177, 260, 6099, 10, True), (17, -4.4625227711879445, -0.5060032396833614, 41285, 48000, 30, False), (18, 5.811341215297591, 2.9068271812032007, 13182, 21879, 20, True), (19, 1.0275281660759754, 6.147328901405842, 21469, 26209, 30, True), (20, 1.3845584990831095, 2.6137399247721227, 41422, 46989, 10, True), (21, 5.024647165314063, 1.0883900892606333, 6406, 12629, 10, True), (22, 2.0705980160979562, 9.601092386482659, 13818, 15756, 50, False), (23, 7.644374245861522, 5.1109272078839725, 8286, 13953, 50, True), (24, -0.32226709867591996, -1.6805376453217908, 28830, 34963, 40, True), (25, -6.734913917327201, -4.1846957683447705, 20085, 28363, 30, True), (26, 6.763864454415712, -10.246695556798498, 12269, 15177, 20, True), (27, 3.169942128461286, 2.1111350655943353, 40612, 45491, 50, True), (28, -4.243706815133735, -1.876019557432149, 33288, 40456, 50, False), (29, -7.616815492568571, -1.8460754161165471, 31416, 34114, 50, False), (30, -3.8105836027589546, 13.171495359461062, 26660, 30922, 20, True), (31, 19.604108067878077, -5.821869656501347, 15495, 18560, 20, True), (32, 1.8321072397717462, 7.183036663935744, 21946, 27191, 30, False), (33, 7.239057694244874, -1.8524006808481566, 8738, 13842, 20, True), (34, 1.514843031529205, -1.087992281434498, 1780, 11812, 40, True), (35, -3.2384230540928987, 0.9857006408966539, 8701, 16328, 10, True), (36, -1.9839187108316356, -1.9264978099935497, 34823, 40577, 50, True), (37, -0.42413733937149495, 2.838172681603559, 0, 4842, 20, True), (38, -0.04761609315611299, -2.29797732692559, 8338, 13903, 40, True), (39, 2.9183672455583722, 2.6313159855256014, 36366, 40290, 10, True), (40, -9.300158825763447, 4.047572396589592, 40754, 47188, 10, True), (41, 1.7233345899729253, 0.9034458016101329, 7415, 14605, 50, True), (42, -3.187299883124827, -10.769198533455144, 6755, 16344, 20, True), (43, -0.08659657673063503, 6.984184474519739, 23865, 30528, 50, True), (44, 1.132344197308117, 8.322270089536095, 13298, 20965, 30, True), (45, -2.0830114408265867, -1.078305211015243, 9396, 16519, 20, True), (46, 0.4991413958870568, 3.7411845342798355, 7421, 13378, 10, True), (47, 0.1535081412067708, -6.004045052014017, 34594, 42223, 30, True), (48, 18.856881067476944, -10.617082237368619, 15603, 18940, 40, True), (49, 6.023791707000888, 13.766501099366584, 10650, 19550, 40, True), (50, -6.158587709585516, -1.490036579960689, 41408, 44833, 30, True), (51, -0.42878693573948706, 1.46161140469901, 32440, 38584, 50, True), (52, 13.98536296251213, -3.723329078024729, 24624, 30925, 50, True), (53, 1.0559360040165422, 0.019496333452307803, 0, 4971, 20, True), (54, -0.29342132850501657, 6.995661856261266, 35429, 41805, 40, True), (55, 12.906521773551068, 15.879362098777298, 31940, 38692, 10, True), (56, -0.6418276277651109, -0.7627213226271723, 14101, 16986, 30, True), (57, 0.49867303387606526, -0.38341138543937014, 37313, 46518, 20, True), (58, -3.5813158971484547, -0.41150606617045443, 24520, 32223, 30, True), (59, -1.2395232909945868, 0.8236445453542357, 27034, 36054, 20, True), (60, -9.75717884198216, 4.1698529743561945, 1309, 6909, 50, False), (61, 11.590600418377157, -3.904147489114701, 2814, 7234, 20, True), (62, 7.762968129609223, 0.47693004379418774, 8570, 19362, 10, True), (63, 0.5848960488025621, -3.9325335969242117, 39406, 45565, 50, True), (64, 0.457993009699108, 2.955902755204822, 37589, 42615, 30, True), (65, -1.1645441289014868, 3.4234896538985318, 44045, 48000, 40, True), (66, 0, 0, 0, 48000, 0, False)], 'F': 20.0, 'ct': 0.083, 'cd': 0.021, 'truck_cap': 100, 'drone_cap': 20, 'truck_speed': 40, 'drone_speed': 40, 'a': 1, 'b': 2, 'max_flight_time': 30, 'ttt': [[0, 3201, 6722, 3853, 321, 303, 1192, 1173, 1047, 52, 2636, 3787, 4047, 676, 2925, 1078, 1170, 1348, 1950, 1871, 888, 1543, 2948, 2760, 514, 2380, 3684, 1144, 1393, 2352, 4114, 6136, 2225, 2243, 561, 1017, 831, 862, 691, 1180, 3044, 585, 3370, 2096, 2521, 705, 1133, 1803, 6493, 4509, 1902, 458, 4343, 318, 2102, 6140, 300, 190, 1082, 447, 3184, 3670, 2334, 1194, 898, 1086, 1], [3201, 0, 9920, 933, 3029, 3476, 4375, 2473, 3261, 3158, 5319, 4868, 1644, 2578, 6076, 3890, 4091, 4447, 1282, 2380, 2464, 1841, 2358, 444, 3575, 5579, 4860, 2058, 4580, 5475, 4422, 4731, 2176, 2354, 3042, 3933, 4018, 2950, 3633, 2045, 5501, 2620, 6163, 2735, 2465, 3902, 2610, 4418, 5754, 2546, 5034, 3101, 3233, 2937, 2797, 3249, 3488, 3143, 4197, 3403, 5634, 3019, 1638, 3851, 2688, 3118, 3201], [6722, 9920, 0, 10547, 6900, 6456, 5571, 7651, 6951, 6766, 5270, 7704, 10610, 7367, 3912, 6167, 5945, 5521, 8667, 8056, 7494, 8200, 8990, 9478, 6393, 4344, 7818, 7863, 5343, 4527, 8718, 11783, 8442, 8456, 6965, 6084, 5918, 7092, 6385, 7881, 5525, 7305, 4829, 7978, 8520, 6020, 7477, 6050, 11440, 10712, 4937, 6850, 10241, 6999, 7936, 12662, 6440, 6794, 5752, 6541, 5483, 9530, 8862, 6367, 7326, 7026, 6722], [3853, 933, 10547, 0, 3735, 4101, 4977, 2925, 3687, 3806, 6149, 5801, 828, 3189, 6774, 4662, 4849, 5164, 1916, 3287, 3225, 2349, 3279, 1281, 4155, 6211, 4778, 2744, 5245, 6189, 5338, 3944, 3103, 2444, 3586, 4686, 4633, 3746, 4174, 2775, 6365, 3273, 6511, 3655, 3397, 4555, 3437, 4794, 5083, 3210, 5740, 3835, 2641, 3560, 3716, 3330, 4120, 3762, 4904, 4122, 6501, 2622, 1802, 4294, 3479, 3943, 3853], [321, 3029, 6900, 3735, 0, 603, 1440, 1258, 1306, 322, 2578, 3522, 3991, 670, 3052, 1001, 1148, 1431, 1819, 1554, 617, 1498, 2633, 2586, 832, 2572, 3950, 992, 1559, 2458, 3811, 6225, 1913, 2333, 785, 984, 1084, 550, 1011, 985, 2941, 510, 3681, 1776, 2202, 906, 815, 2123, 6647, 4213, 2012, 184, 4426, 440, 1782, 5888, 586, 458, 1173, 391, 3083, 3775, 2326, 1510, 582, 794, 321], [303, 3476, 6456, 4101, 603, 0, 902, 1316, 989, 333, 2571, 3935, 4255, 913, 2700, 1082, 1116, 1186, 2213, 2154, 1190, 1766, 3234, 3037, 256, 2114, 3568, 1424, 1157, 2148, 4323, 6222, 2515, 2350, 618, 984, 543, 1110, 457, 1472, 3016, 858, 3080, 2357, 2800, 472, 1415, 1559, 6512, 4808, 1701, 697, 4439, 544, 2358, 6439, 45, 340, 927, 549, 3154, 3750, 2520, 982, 1183, 1299, 303], [1192, 4375, 5571, 4977, 1440, 902, 0, 2107, 1515, 1229, 2286, 4221, 5080, 1803, 1921, 1279, 1144, 833, 3106, 2916, 2054, 2631, 3993, 3937, 826, 1242, 3656, 2325, 496, 1457, 4790, 6799, 3299, 3040, 1403, 1131, 362, 1832, 853, 2370, 2815, 1759, 2405, 3040, 3534, 556, 2195, 1327, 6926, 5629, 1064, 1461, 5060, 1440, 3027, 7323, 895, 1233, 740, 1180, 2937, 4347, 3330, 1090, 1983, 1924, 1192], [1173, 2473, 7651, 2925, 1258, 1316, 2107, 0, 789, 1124, 3804, 4638, 2975, 609, 3995, 2233, 2341, 2495, 1225, 2215, 1233, 635, 3128, 2075, 1289, 3347, 3004, 860, 2456, 3459, 4747, 4973, 2433, 1078, 713, 2185, 1791, 1660, 1268, 1030, 4192, 795, 3694, 2583, 2819, 1785, 1663, 1948, 5402, 4381, 3014, 1435, 3177, 864, 2615, 5661, 1349, 1010, 2232, 1592, 4334, 2518, 1224, 1386, 1491, 1943, 1173], [1047, 3261, 6951, 3687, 1306, 989, 1515, 789, 0, 1017, 3544, 4825, 3662, 964, 3433, 2067, 2102, 2105, 2005, 2681, 1617, 1422, 3695, 2861, 817, 2716, 2645, 1477, 1949, 2956, 5095, 5306, 2971, 1536, 529, 1973, 1277, 1842, 685, 1618, 4002, 1094, 2908, 2989, 3326, 1375, 2002, 1164, 5534, 5076, 2534, 1480, 3551, 889, 3007, 6438, 1033, 865, 1866, 1480, 4138, 2842, 1926, 607, 1779, 2099, 1047], [52, 3158, 6766, 3806, 322, 333, 1229, 1124, 1017, 0, 2685, 3812, 3997, 626, 2973, 1124, 1219, 1399, 1905, 1862, 865, 1494, 2936, 2717, 527, 2424, 3658, 1101, 1440, 2402, 4128, 6088, 2212, 2194, 521, 1065, 869, 870, 695, 1142, 3090, 540, 3386, 2096, 2513, 751, 1126, 1803, 6450, 4488, 1951, 474, 4294, 267, 2103, 6107, 336, 154, 1133, 490, 3230, 3623, 2284, 1189, 891, 1102, 52], [2636, 5319, 5270, 6149, 2578, 2571, 2286, 3804, 3544, 2685, 0, 2597, 6515, 3245, 1670, 1579, 1468, 1482, 4282, 3058, 2952, 4062, 3825, 4897, 2730, 2043, 5937, 3488, 1801, 1300, 3518, 8771, 3402, 4877, 3168, 1621, 2335, 2412, 2889, 3412, 556, 3086, 4256, 2861, 3379, 2178, 2715, 3610, 9076, 5521, 1356, 2423, 6978, 2941, 2809, 7576, 2528, 2812, 1688, 2215, 660, 6304, 4899, 3311, 2678, 2208, 2636], [3787, 4868, 7704, 5801, 3522, 3935, 4221, 4638, 4825, 3812, 2597, 0, 6437, 4047, 4262, 2967, 3078, 3455, 4387, 2655, 3412, 4523, 2591, 4571, 4184, 4506, 7468, 3902, 3871, 3819, 1065, 9284, 2723, 5605, 4306, 3110, 4058, 3008, 4386, 3742, 2205, 3864, 6555, 2238, 2404, 3809, 2985, 5429, 9959, 3853, 3698, 3346, 7534, 3954, 2184, 6010, 3894, 3963, 3483, 3389, 2228, 6995, 5283, 4910, 3149, 2735, 3787], [4047, 1644, 10610, 828, 3991, 4255, 5080, 2975, 3662, 3997, 6515, 6437, 0, 3372, 6953, 4970, 5136, 5392, 2242, 3838, 3565, 2506, 3989, 1869, 4260, 6321, 4275, 3031, 5410, 6395, 6053, 3123, 3715, 2219, 3681, 4971, 4759, 4109, 4239, 3105, 6788, 3494, 6329, 4233, 4047, 4724, 3851, 4678, 4260, 4036, 5945, 4119, 1860, 3734, 4293, 4037, 4281, 3923, 5126, 4379, 6927, 1967, 1752, 4257, 3846, 4340, 4047], [676, 2578, 7367, 3189, 670, 913, 1803, 609, 964, 626, 3245, 4047, 3372, 0, 3597, 1667, 1799, 2021, 1305, 1732, 681, 868, 2732, 2143, 1000, 3026, 3504, 567, 2059, 3027, 4208, 5557, 2009, 1671, 519, 1637, 1450, 1054, 1076, 677, 3610, 187, 3747, 2064, 2370, 1369, 1099, 2045, 6010, 4144, 2577, 839, 3758, 371, 2088, 5624, 932, 574, 1755, 1036, 3752, 3114, 1672, 1415, 904, 1337, 676], [2925, 6076, 3912, 6774, 3052, 2700, 1921, 3995, 3433, 2973, 1670, 4262, 6953, 3597, 0, 2257, 2036, 1632, 4863, 4147, 3620, 4461, 5103, 5634, 2710, 820, 5259, 4039, 1544, 617, 5148, 8692, 4534, 4959, 3283, 2179, 2206, 3190, 2769, 4034, 2146, 3502, 2931, 4087, 4630, 2232, 3572, 2950, 8726, 6826, 1044, 2978, 6971, 3228, 4048, 8751, 2674, 3034, 1881, 2674, 2188, 6255, 5213, 2959, 3431, 3116, 2925], [1078, 3890, 6167, 4662, 1001, 1082, 1279, 2233, 2067, 1124, 1579, 2967, 4970, 1667, 2257, 0, 225, 695, 2760, 1906, 1439, 2493, 2918, 3453, 1297, 1992, 4631, 1943, 1048, 1642, 3513, 7205, 2298, 3309, 1630, 148, 1092, 948, 1490, 1890, 1967, 1509, 3675, 1910, 2443, 846, 1321, 2469, 7566, 4624, 1243, 854, 5408, 1371, 1883, 6499, 1037, 1262, 575, 641, 2108, 4743, 3325, 1994, 1205, 862, 1078], [1170, 4091, 5945, 4849, 1148, 1116, 1144, 2341, 2102, 1219, 1468, 3078, 5136, 1799, 2036, 225, 0, 478, 2940, 2130, 1632, 2644, 3139, 3652, 1302, 1773, 4612, 2117, 855, 1421, 3673, 7304, 2522, 3412, 1703, 166, 1015, 1160, 1483, 2076, 1901, 1654, 3516, 2129, 2664, 791, 1538, 2394, 7626, 4847, 1018, 1020, 5512, 1479, 2100, 6723, 1072, 1345, 409, 765, 2039, 4837, 3468, 1963, 1411, 1086, 1170], [1348, 4447, 5521, 5164, 1431, 1186, 833, 2495, 2105, 1399, 1482, 3455, 5392, 2021, 1632, 695, 478, 0, 3249, 2589, 1989, 2887, 3611, 4005, 1292, 1298, 4460, 2422, 417, 1029, 4109, 7395, 2982, 3535, 1803, 580, 858, 1574, 1430, 2407, 1994, 1904, 3104, 2603, 3137, 735, 1960, 2155, 7626, 5314, 589, 1347, 5619, 1664, 2576, 7164, 1150, 1490, 267, 1047, 2120, 4924, 3680, 1831, 1806, 1540, 1348], [1950, 1282, 8667, 1916, 1819, 2213, 3106, 1225, 2005, 1905, 4282, 4387, 2242, 1305, 4863, 2760, 2940, 3249, 0, 1734, 1332, 595, 2302, 861, 2299, 4325, 3957, 829, 3341, 4274, 4222, 4898, 1753, 1492, 1761, 2776, 2753, 1872, 2352, 873, 4547, 1367, 4912, 2152, 2148, 2654, 1614, 3168, 5638, 3260, 3827, 1923, 3158, 1670, 2205, 4437, 2228, 1876, 2989, 2207, 4687, 2681, 936, 2583, 1607, 2099, 1950], [1871, 2380, 8056, 3287, 1554, 2154, 2916, 2215, 2681, 1862, 3058, 2655, 3838, 1732, 4147, 1906, 2130, 2589, 1734, 0, 1066, 1935, 1083, 2010, 2384, 3878, 5212, 1372, 2881, 3533, 2560, 6631, 394, 3039, 2177, 2010, 2586, 1085, 2555, 1199, 3163, 1588, 5231, 419, 654, 2361, 740, 3656, 7343, 2734, 3147, 1473, 4888, 1839, 472, 4608, 2134, 1967, 2406, 1737, 3290, 4375, 2642, 3028, 974, 1050, 1871], [888, 2464, 7494, 3225, 617, 1190, 2054, 1233, 1617, 865, 2952, 3412, 3565, 681, 3620, 1439, 1632, 1989, 1332, 1066, 0, 1185, 2107, 2023, 1387, 3178, 4183, 557, 2161, 3015, 3531, 6024, 1378, 2210, 1112, 1471, 1697, 548, 1536, 461, 3235, 524, 4244, 1384, 1715, 1521, 431, 2613, 6576, 3625, 2577, 646, 4232, 785, 1409, 5272, 1182, 939, 1745, 954, 3376, 3634, 2019, 1979, 297, 803, 888], [1543, 1841, 8200, 2349, 1498, 1766, 2631, 635, 1422, 1494, 4062, 4523, 2506, 868, 4461, 2493, 2644, 2887, 595, 1935, 1185, 0, 2704, 1441, 1807, 3867, 3441, 636, 2920, 3894, 4492, 4841, 2065, 1105, 1240, 2480, 2290, 1718, 1831, 784, 4389, 993, 4328, 2342, 2465, 2230, 1575, 2582, 5437, 3816, 3444, 1641, 3052, 1234, 2386, 5029, 1789, 1429, 2622, 1882, 4531, 2476, 843, 2012, 1481, 1986, 1543], [2948, 2358, 8990, 3279, 2633, 3234, 3993, 3128, 3695, 2936, 3825, 2591, 3989, 2732, 5103, 2918, 3139, 3611, 2302, 1083, 2107, 2704, 0, 2148, 3461, 4908, 6120, 2272, 3931, 4500, 2065, 7006, 730, 3771, 3212, 3037, 3667, 2164, 3627, 2107, 3797, 2612, 6312, 1018, 477, 3439, 1821, 4718, 7885, 1724, 4144, 2555, 5363, 2892, 1056, 3758, 3215, 3033, 3450, 2815, 3906, 4958, 3227, 4085, 2052, 2093, 2948], [2760, 444, 9478, 1281, 2586, 3037, 3937, 2075, 2861, 2717, 4897, 4571, 1869, 2143, 5634, 3453, 3652, 4005, 861, 2010, 2023, 1441, 2148, 0, 3142, 5138, 4616, 1617, 4138, 5033, 4203, 4862, 1852, 2094, 2616, 3493, 3579, 2516, 3205, 1602, 5094, 2180, 5768, 2387, 2179, 3460, 2184, 4022, 5796, 2643, 4591, 2659, 3263, 2499, 2449, 3597, 3048, 2705, 3754, 2960, 5229, 2953, 1392, 3443, 2252, 2692, 2760], [514, 3575, 6393, 4155, 832, 256, 826, 1289, 817, 527, 2730, 4184, 4260, 1000, 2710, 1297, 1302, 1292, 2299, 2384, 1387, 1807, 3461, 3142, 0, 2066, 3336, 1547, 1179, 2190, 4578, 6107, 2737, 2270, 580, 1186, 505, 1357, 204, 1619, 3196, 990, 2860, 2601, 3033, 559, 1646, 1306, 6349, 5011, 1753, 944, 4337, 658, 2604, 6597, 293, 462, 1050, 801, 3331, 3637, 2511, 729, 1411, 1553, 514], [2380, 5579, 4344, 6211, 2572, 2114, 1242, 3347, 2716, 2424, 2043, 4506, 6321, 3026, 820, 1992, 1773, 1298, 4325, 3878, 3178, 3867, 4908, 5138, 2066, 0, 4440, 3522, 1020, 751, 5281, 7918, 4271, 4251, 2645, 1874, 1579, 2834, 2086, 3546, 2588, 2962, 2245, 3900, 4434, 1679, 3220, 2138, 7917, 6608, 828, 2540, 6219, 2657, 3872, 8424, 2097, 2452, 1476, 2232, 2666, 5499, 4570, 2198, 3042, 2830, 2380], [3684, 4860, 7818, 4778, 3950, 3568, 3656, 3004, 2645, 3658, 5937, 7468, 4275, 3504, 5259, 4631, 4612, 4460, 3957, 5212, 4183, 3441, 6120, 4616, 3336, 4440, 0, 3862, 4150, 4997, 7709, 4075, 5435, 2523, 3168, 4513, 3623, 4480, 3141, 4033, 6452, 3672, 2990, 5564, 5822, 3823, 4599, 2357, 3631, 7208, 4684, 4123, 2920, 3525, 5590, 8053, 3611, 3506, 4283, 4099, 6579, 2392, 3232, 2651, 4390, 4742, 3684], [1144, 2058, 7863, 2744, 992, 1424, 2325, 860, 1477, 1101, 3488, 3902, 3031, 567, 4039, 1943, 2117, 2422, 829, 1372, 557, 636, 2272, 1617, 1547, 3522, 3862, 0, 2526, 3448, 3925, 5476, 1575, 1705, 1082, 1953, 1965, 1101, 1638, 174, 3787, 566, 4310, 1759, 1962, 1845, 940, 2598, 6061, 3601, 3001, 1098, 3688, 893, 1797, 5060, 1433, 1097, 2163, 1379, 3928, 3106, 1464, 1973, 853, 1360, 1144], [1393, 4580, 5343, 5245, 1559, 1157, 496, 2456, 1949, 1440, 1801, 3871, 5410, 2059, 1544, 1048, 855, 417, 3341, 2881, 2161, 2920, 3931, 4138, 1179, 1020, 4150, 2526, 0, 1013, 4517, 7253, 3273, 3446, 1745, 911, 679, 1821, 1266, 2540, 2337, 1976, 2688, 2937, 3460, 692, 2207, 1810, 7411, 5614, 587, 1522, 5498, 1690, 2914, 7407, 1132, 1493, 483, 1213, 2456, 4790, 3672, 1575, 2024, 1840, 1393], [2352, 5475, 4527, 6189, 2458, 2148, 1457, 3459, 2956, 2402, 1300, 3819, 6395, 3027, 617, 1642, 1421, 1029, 4274, 3533, 3015, 3894, 4500, 5033, 2190, 751, 4997, 3448, 1013, 0, 4649, 8254, 3922, 4458, 2750, 1565, 1691, 2576, 2276, 3435, 1840, 2922, 2990, 3483, 4025, 1677, 2957, 2645, 8368, 6221, 451, 2375, 6506, 2662, 3445, 8136, 2119, 2475, 1286, 2075, 1917, 5796, 4667, 2540, 2819, 2500, 2352], [4114, 4422, 8718, 5338, 3811, 4323, 4790, 4747, 5095, 4128, 3518, 1065, 6053, 4208, 5148, 3513, 3673, 4109, 4222, 2560, 3531, 4492, 2065, 4203, 4578, 5281, 7709, 3925, 4517, 4649, 0, 9046, 2469, 5596, 4567, 3661, 4563, 3263, 4777, 3752, 3195, 4039, 7186, 2167, 2078, 4307, 3112, 5875, 9859, 2957, 4456, 3658, 7363, 4208, 2133, 5081, 4288, 4268, 4076, 3785, 3238, 6900, 5155, 5299, 3322, 3031, 4114], [6136, 4731, 11783, 3944, 6225, 6222, 6799, 4973, 5306, 6088, 8771, 9284, 3123, 5557, 8692, 7205, 7304, 7395, 4898, 6631, 6024, 4841, 7006, 4862, 6107, 7918, 4075, 5476, 7253, 8254, 9046, 0, 6608, 3897, 5611, 7152, 6582, 6547, 5991, 5612, 9164, 5732, 6998, 7048, 6981, 6661, 6410, 5836, 1457, 7152, 7838, 6396, 1800, 5835, 7102, 6814, 6262, 5960, 7143, 6564, 9305, 2473, 4025, 5735, 6320, 6821, 6136], [2225, 2176, 8442, 3103, 1913, 2515, 3299, 2433, 2971, 2212, 3402, 2723, 3715, 2009, 4534, 2298, 2522, 2982, 1753, 394, 1378, 2065, 730, 1852, 2737, 4271, 5435, 1575, 3273, 3922, 2469, 6608, 0, 3160, 2484, 2403, 2964, 1470, 2901, 1405, 3471, 1885, 5593, 580, 402, 2744, 1108, 3989, 7390, 2342, 3539, 1847, 4900, 2163, 641, 4225, 2498, 2306, 2799, 2120, 3593, 4432, 2687, 3357, 1334, 1443, 2225], [2243, 2354, 8456, 2444, 2333, 2350, 3040, 1078, 1536, 2194, 4877, 5605, 2219, 1671, 4959, 3309, 3412, 3535, 1492, 3039, 2210, 1105, 3771, 2094, 2270, 4251, 2523, 1705, 3446, 4458, 5596, 3897, 3160, 0, 1734, 3258, 2768, 2696, 2191, 1869, 5269, 1851, 4117, 3444, 3561, 2807, 2629, 2465, 4367, 4701, 4022, 2507, 2101, 1939, 3487, 5586, 2388, 2071, 3276, 2668, 5410, 1444, 717, 2093, 2495, 2978, 2243], [561, 3042, 6965, 3586, 785, 618, 1403, 713, 529, 521, 3168, 4306, 3681, 519, 3283, 1630, 1703, 1803, 1761, 2177, 1112, 1240, 3212, 2616, 580, 2645, 3168, 1082, 1745, 2750, 4567, 5611, 2484, 1734, 0, 1557, 1080, 1315, 594, 1194, 3593, 602, 3230, 2470, 2826, 1080, 1481, 1531, 5937, 4658, 2306, 963, 3825, 361, 2486, 6132, 655, 372, 1543, 1007, 3732, 3140, 1933, 899, 1255, 1575, 561], [1017, 3933, 6084, 4686, 984, 984, 1131, 2185, 1973, 1065, 1621, 3110, 4971, 1637, 2179, 148, 166, 580, 2776, 2010, 1471, 2480, 3037, 3493, 1186, 1874, 4513, 1953, 911, 1565, 3661, 7152, 2403, 3258, 1557, 0, 952, 1012, 1375, 1913, 2038, 1490, 3528, 2034, 2563, 711, 1394, 2332, 7488, 4736, 1150, 856, 5358, 1322, 2009, 6591, 940, 1195, 433, 603, 2177, 4685, 3305, 1870, 1258, 961, 1017], [831, 4018, 5918, 4633, 1084, 543, 362, 1791, 1277, 869, 2335, 4058, 4759, 1450, 2206, 1092, 1015, 858, 2753, 2586, 1697, 2290, 3667, 3579, 505, 1579, 3623, 1965, 679, 1691, 4563, 6582, 2964, 2768, 1080, 952, 0, 1505, 592, 2009, 2835, 1400, 2678, 2734, 3215, 257, 1857, 1382, 6775, 5286, 1260, 1119, 4822, 1084, 2725, 6964, 534, 878, 661, 856, 2965, 4116, 3013, 979, 1639, 1625, 831], [862, 2950, 7092, 3746, 550, 1110, 1832, 1660, 1842, 870, 2412, 3008, 4109, 1054, 3190, 948, 1160, 1574, 1872, 1085, 548, 1718, 2164, 2516, 1357, 2834, 4480, 1101, 1821, 2576, 3263, 6547, 1470, 2696, 1315, 1012, 1505, 0, 1546, 1006, 2688, 868, 4167, 1249, 1711, 1277, 388, 2659, 7055, 3808, 2156, 414, 4751, 956, 1249, 5596, 1083, 1006, 1360, 653, 2829, 4134, 2557, 2055, 268, 284, 862], [691, 3633, 6385, 4174, 1011, 457, 853, 1268, 685, 695, 2889, 4386, 4239, 1076, 2769, 1490, 1483, 1430, 2352, 2555, 1536, 1831, 3627, 3205, 204, 2086, 3141, 1638, 1266, 2276, 4777, 5991, 2901, 2191, 594, 1375, 592, 1546, 0, 1727, 3367, 1099, 2711, 2786, 3207, 713, 1820, 1114, 6197, 5153, 1850, 1135, 4233, 771, 2790, 6697, 495, 598, 1203, 1003, 3501, 3526, 2488, 527, 1584, 1750, 691], [1180, 2045, 7881, 2775, 985, 1472, 2370, 1030, 1618, 1142, 3412, 3742, 3105, 677, 4034, 1890, 2076, 2407, 873, 1199, 461, 784, 2107, 1602, 1619, 3546, 4033, 174, 2540, 3435, 3752, 5612, 1405, 1869, 1194, 1913, 2009, 1006, 1727, 0, 3691, 631, 4419, 1588, 1790, 1869, 799, 2721, 6219, 3469, 2992, 1065, 3829, 963, 1627, 4978, 1477, 1161, 2154, 1361, 3832, 3259, 1592, 2091, 746, 1249, 1180], [3044, 5501, 5525, 6365, 2941, 3016, 2815, 4192, 4002, 3090, 556, 2205, 6788, 3610, 2146, 1967, 1901, 1994, 4547, 3163, 3235, 4389, 3797, 5094, 3196, 2588, 6452, 3787, 2337, 1840, 3195, 9164, 3471, 5269, 3593, 2038, 2835, 2688, 3367, 3691, 0, 3440, 4809, 2902, 3383, 2657, 2942, 4141, 9525, 5445, 1911, 2773, 7365, 3335, 2844, 7550, 2972, 3227, 2177, 2605, 143, 6707, 5231, 3812, 2947, 2449, 3044], [585, 2620, 7305, 3273, 510, 858, 1759, 795, 1094, 540, 3086, 3864, 3494, 187, 3502, 1509, 1654, 1904, 1367, 1588, 524, 993, 2612, 2180, 990, 2962, 3672, 566, 1976, 2922, 4039, 5732, 1885, 1851, 602, 1490, 1400, 868, 1099, 631, 3440, 0, 3800, 1904, 2234, 1288, 928, 2126, 6195, 4070, 2472, 668, 3933, 333, 1926, 5608, 869, 534, 1641, 890, 3582, 3294, 1817, 1491, 724, 1151, 585], [3370, 6163, 4829, 6511, 3681, 3080, 2405, 3694, 2908, 3386, 4256, 6555, 6329, 3747, 2931, 3675, 3516, 3104, 4912, 5231, 4244, 4328, 6312, 5768, 2860, 2245, 2990, 4310, 2688, 2990, 7186, 6998, 5593, 4117, 3230, 3528, 2678, 4167, 2711, 4419, 4809, 3800, 0, 5408, 5873, 2927, 4492, 1747, 6614, 7863, 2924, 3762, 5570, 3479, 5401, 9340, 3099, 3307, 3111, 3528, 4897, 4889, 4710, 2343, 4261, 4302, 3370], [2096, 2735, 7978, 3655, 1776, 2357, 3040, 2583, 2989, 2096, 2861, 2238, 4233, 2064, 4087, 1910, 2129, 2603, 2152, 419, 1384, 2342, 1018, 2387, 2601, 3900, 5564, 1759, 2937, 3483, 2167, 7048, 580, 3444, 2470, 2034, 2734, 1249, 2786, 1588, 2902, 1904, 5408, 0, 544, 2493, 990, 3898, 7759, 2740, 3129, 1661, 5306, 2118, 63, 4725, 2331, 2218, 2455, 1881, 3023, 4791, 3060, 3282, 1220, 1117, 2096], [2521, 2465, 8520, 3397, 2202, 2800, 3534, 2819, 3326, 2513, 3379, 2404, 4047, 2370, 4630, 2443, 2664, 3137, 2148, 654, 1715, 2465, 477, 2179, 3033, 4434, 5822, 1962, 3460, 4025, 2078, 6981, 402, 3561, 2826, 2563, 3215, 1711, 3207, 1790, 3383, 2234, 5873, 544, 0, 2982, 1388, 4309, 7783, 2197, 3668, 2112, 5286, 2492, 585, 4198, 2778, 2620, 2978, 2360, 3497, 4828, 3083, 3681, 1624, 1624, 2521], [705, 3902, 6020, 4555, 906, 472, 556, 1785, 1375, 751, 2178, 3809, 4724, 1369, 2232, 846, 791, 735, 2654, 2361, 1521, 2230, 3439, 3460, 559, 1679, 3823, 1845, 692, 1677, 4307, 6661, 2744, 2807, 1080, 711, 257, 1277, 713, 1869, 2657, 1288, 2927, 2493, 2982, 0, 1641, 1624, 6904, 5075, 1230, 910, 4886, 999, 2482, 6791, 444, 803, 493, 625, 2790, 4190, 2991, 1173, 1431, 1379, 705], [1133, 2610, 7477, 3437, 815, 1415, 2195, 1663, 2002, 1126, 2715, 2985, 3851, 1099, 3572, 1321, 1538, 1960, 1614, 740, 431, 1575, 1821, 2184, 1646, 3220, 4599, 940, 2207, 2957, 3112, 6410, 1108, 2629, 1481, 1394, 1857, 388, 1820, 799, 2942, 928, 4492, 990, 1388, 1641, 0, 2926, 6993, 3435, 2541, 739, 4625, 1130, 1006, 5208, 1395, 1238, 1748, 1020, 3081, 4042, 2390, 2303, 237, 509, 1133], [1803, 4418, 6050, 4794, 2123, 1559, 1327, 1948, 1164, 1803, 3610, 5429, 4678, 2045, 2950, 2469, 2394, 2155, 3168, 3656, 2613, 2582, 4718, 4022, 1306, 2138, 2357, 2598, 1810, 2645, 5875, 5836, 3989, 2465, 1531, 2332, 1382, 2659, 1114, 2721, 4141, 2126, 1747, 3898, 4309, 1624, 2926, 0, 5780, 6188, 2329, 2247, 4207, 1828, 3903, 7599, 1591, 1690, 2018, 2092, 4262, 3489, 3000, 636, 2691, 2857, 1803], [6493, 5754, 11440, 5083, 6647, 6512, 6926, 5402, 5534, 6450, 9076, 9959, 4260, 6010, 8726, 7566, 7626, 7626, 5638, 7343, 6576, 5437, 7885, 5796, 6349, 7917, 3631, 6061, 7411, 8368, 9859, 1457, 7390, 4367, 5937, 7488, 6775, 7055, 6197, 6219, 9525, 6195, 6614, 7759, 7783, 6904, 6993, 5780, 0, 8267, 7990, 6828, 2533, 6222, 7806, 8148, 6555, 6306, 7396, 6938, 9664, 2969, 4708, 5838, 6860, 7337, 6493], [4509, 2546, 10712, 3210, 4213, 4808, 5629, 4381, 5076, 4488, 5521, 3853, 4036, 4144, 6826, 4624, 4847, 5314, 3260, 2734, 3625, 3816, 1724, 2643, 5011, 6608, 7208, 3601, 5614, 6221, 2957, 7152, 2342, 4701, 4658, 4736, 5286, 3808, 5153, 3469, 5445, 4070, 7863, 2740, 2197, 5075, 3435, 6188, 8267, 0, 5858, 4169, 5766, 4386, 2779, 2161, 4797, 4558, 5139, 4453, 5542, 5559, 4022, 5556, 3649, 3780, 4509], [1902, 5034, 4937, 5740, 2012, 1701, 1064, 3014, 2534, 1951, 1356, 3698, 5945, 2577, 1044, 1243, 1018, 589, 3827, 3147, 2577, 3444, 4144, 4591, 1753, 828, 4684, 3001, 587, 451, 4456, 7838, 3539, 4022, 2306, 1150, 1260, 2156, 1850, 2992, 1911, 2472, 2924, 3129, 3668, 1230, 2541, 2329, 7990, 5858, 0, 1935, 6081, 2212, 3096, 7738, 1670, 2026, 839, 1632, 2013, 5375, 4219, 2153, 2392, 2103, 1902], [458, 3101, 6850, 3835, 184, 697, 1461, 1435, 1480, 474, 2423, 3346, 4119, 839, 2978, 854, 1020, 1347, 1923, 1473, 646, 1641, 2555, 2659, 944, 2540, 4123, 1098, 1522, 2375, 3658, 6396, 1847, 2507, 963, 856, 1119, 414, 1135, 1065, 2773, 668, 3762, 1661, 2112, 910, 739, 2247, 6828, 4169, 1935, 0, 4596, 622, 1662, 5893, 671, 621, 1101, 310, 2915, 3950, 2476, 1648, 522, 630, 458], [4343, 3233, 10241, 2641, 4426, 4439, 5060, 3177, 3551, 4294, 6978, 7534, 1860, 3758, 6971, 5408, 5512, 5619, 3158, 4888, 4232, 3052, 5363, 3263, 4337, 6219, 2920, 3688, 5498, 6506, 7363, 1800, 4900, 2101, 3825, 5358, 4822, 4751, 4233, 3829, 7365, 3933, 5570, 5306, 5286, 4886, 4625, 4207, 2533, 5766, 6081, 4596, 0, 4039, 5357, 5891, 4478, 4169, 5364, 4768, 7507, 721, 2253, 4022, 4527, 5026, 4343], [318, 2937, 6999, 3560, 440, 544, 1440, 864, 889, 267, 2941, 3954, 3734, 371, 3228, 1371, 1479, 1664, 1670, 1839, 785, 1234, 2892, 2499, 658, 2657, 3525, 893, 1690, 2662, 4208, 5835, 2163, 1939, 361, 1322, 1084, 956, 771, 963, 3335, 333, 3479, 2118, 2492, 999, 1130, 1828, 6222, 4386, 2212, 622, 4039, 0, 2133, 5940, 562, 207, 1398, 731, 3476, 3373, 2018, 1195, 900, 1220, 318], [2102, 2797, 7936, 3716, 1782, 2358, 3027, 2615, 3007, 2103, 2809, 2184, 4293, 2088, 4048, 1883, 2100, 2576, 2205, 472, 1409, 2386, 1056, 2449, 2604, 3872, 5590, 1797, 2914, 3445, 2133, 7102, 641, 3487, 2486, 2009, 2725, 1249, 2790, 1627, 2844, 1926, 5401, 63, 585, 2482, 1006, 3903, 7806, 2779, 3096, 1662, 5357, 2133, 0, 4774, 2331, 2227, 2432, 1874, 2964, 4839, 3110, 3290, 1234, 1104, 2102], [6140, 3249, 12662, 3330, 5888, 6439, 7323, 5661, 6438, 6107, 7576, 6010, 4037, 5624, 8751, 6499, 6723, 7164, 4437, 4608, 5272, 5029, 3758, 3597, 6597, 8424, 8053, 5060, 7407, 8136, 5081, 6814, 4225, 5586, 6132, 6591, 6964, 5596, 6697, 4978, 7550, 5608, 9340, 4725, 4198, 6791, 5208, 7599, 8148, 2161, 7738, 5893, 5891, 5940, 4774, 0, 6439, 6138, 6955, 6199, 7654, 5949, 4873, 7000, 5384, 5639, 6140], [300, 3488, 6440, 4120, 586, 45, 895, 1349, 1033, 336, 2528, 3894, 4281, 932, 2674, 1037, 1072, 1150, 2228, 2134, 1182, 1789, 3215, 3048, 293, 2097, 3611, 1433, 1132, 2119, 4288, 6262, 2498, 2388, 655, 940, 534, 1083, 495, 1477, 2972, 869, 3099, 2331, 2778, 444, 1395, 1591, 6555, 4797, 1670, 671, 4478, 562, 2331, 6439, 0, 362, 889, 510, 3110, 3790, 2550, 1021, 1164, 1267, 300], [190, 3143, 6794, 3762, 458, 340, 1233, 1010, 865, 154, 2812, 3963, 3923, 574, 3034, 1262, 1345, 1490, 1876, 1967, 939, 1429, 3033, 2705, 462, 2452, 3506, 1097, 1493, 2475, 4268, 5960, 2306, 2071, 372, 1195, 878, 1006, 598, 1161, 3227, 534, 3307, 2218, 2620, 803, 1238, 1690, 6306, 4558, 2026, 621, 4169, 207, 2227, 6138, 362, 0, 1225, 636, 3367, 3492, 2196, 1066, 1003, 1247, 190], [1082, 4197, 5752, 4904, 1173, 927, 740, 2232, 1866, 1133, 1688, 3483, 5126, 1755, 1881, 575, 409, 267, 2989, 2406, 1745, 2622, 3450, 3754, 1050, 1476, 4283, 2163, 483, 1286, 4076, 7143, 2799, 3276, 1543, 433, 661, 1360, 1203, 2154, 2177, 1641, 3111, 2455, 2978, 493, 1748, 2018, 7396, 5139, 839, 1101, 5364, 1398, 2432, 6955, 889, 1225, 0, 795, 2308, 4672, 3415, 1637, 1579, 1361, 1082], [447, 3403, 6541, 4122, 391, 549, 1180, 1592, 1480, 490, 2215, 3389, 4379, 1036, 2674, 641, 765, 1047, 2207, 1737, 954, 1882, 2815, 2960, 801, 2232, 4099, 1379, 1213, 2075, 3785, 6564, 2120, 2668, 1007, 603, 856, 653, 1003, 1361, 2605, 890, 3528, 1881, 2360, 625, 1020, 2092, 6938, 4453, 1632, 310, 4768, 731, 1874, 6199, 510, 636, 795, 0, 2746, 4103, 2704, 1529, 819, 781, 447], [3184, 5634, 5483, 6501, 3083, 3154, 2937, 4334, 4138, 3230, 660, 2228, 6927, 3752, 2188, 2108, 2039, 2120, 4687, 3290, 3376, 4531, 3906, 5229, 3331, 2666, 6579, 3928, 2456, 1917, 3238, 9305, 3593, 5410, 3732, 2177, 2965, 2829, 3501, 3832, 143, 3582, 4897, 3023, 3497, 2790, 3081, 4262, 9664, 5542, 2013, 2915, 7507, 3476, 2964, 7654, 3110, 3367, 2308, 2746, 0, 6848, 5373, 3942, 3087, 2588, 3184], [3670, 3019, 9530, 2622, 3775, 3750, 4347, 2518, 2842, 3623, 6304, 6995, 1967, 3114, 6255, 4743, 4837, 4924, 2681, 4375, 3634, 2476, 4958, 2953, 3637, 5499, 2392, 3106, 4790, 5796, 6900, 2473, 4432, 1444, 3140, 4685, 4116, 4134, 3526, 3259, 6707, 3294, 4889, 4791, 4828, 4190, 4042, 3489, 2969, 5559, 5375, 3950, 721, 3373, 4839, 5949, 3790, 3492, 4672, 4103, 6848, 0, 1746, 3303, 3924, 4414, 3670], [2334, 1638, 8862, 1802, 2326, 2520, 3330, 1224, 1926, 2284, 4899, 5283, 1752, 1672, 5213, 3325, 3468, 3680, 936, 2642, 2019, 843, 3227, 1392, 2511, 4570, 3232, 1464, 3672, 4667, 5155, 4025, 2687, 717, 1933, 3305, 3013, 2557, 2488, 1592, 5231, 1817, 4710, 3060, 3083, 2991, 2390, 3000, 4708, 4022, 4219, 2476, 2253, 2018, 3110, 4873, 2550, 2196, 3415, 2704, 5373, 1746, 0, 2528, 2315, 2821, 2334], [1194, 3851, 6367, 4294, 1510, 982, 1090, 1386, 607, 1189, 3311, 4910, 4257, 1415, 2959, 1994, 1963, 1831, 2583, 3028, 1979, 2012, 4085, 3443, 729, 2198, 2651, 1973, 1575, 2540, 5299, 5735, 3357, 2093, 899, 1870, 979, 2055, 527, 2091, 3812, 1491, 2343, 3282, 3681, 1173, 2303, 636, 5838, 5556, 2153, 1648, 4022, 1195, 3290, 7000, 1021, 1066, 1637, 1529, 3942, 3303, 2528, 0, 2068, 2269, 1194], [898, 2688, 7326, 3479, 582, 1183, 1983, 1491, 1779, 891, 2678, 3149, 3846, 904, 3431, 1205, 1411, 1806, 1607, 974, 297, 1481, 2052, 2252, 1411, 3042, 4390, 853, 2024, 2819, 3322, 6320, 1334, 2495, 1255, 1258, 1639, 268, 1584, 746, 2947, 724, 4261, 1220, 1624, 1431, 237, 2691, 6860, 3649, 2392, 522, 4527, 900, 1234, 5384, 1164, 1003, 1579, 819, 3087, 3924, 2315, 2068, 0, 508, 898], [1086, 3118, 7026, 3943, 794, 1299, 1924, 1943, 2099, 1102, 2208, 2735, 4340, 1337, 3116, 862, 1086, 1540, 2099, 1050, 803, 1986, 2093, 2692, 1553, 2830, 4742, 1360, 1840, 2500, 3031, 6821, 1443, 2978, 1575, 961, 1625, 284, 1750, 1249, 2449, 1151, 4302, 1117, 1624, 1379, 509, 2857, 7337, 3780, 2103, 630, 5026, 1220, 1104, 5639, 1267, 1247, 1361, 781, 2588, 4414, 2821, 2269, 508, 0, 1086], [1, 3201, 6722, 3853, 321, 303, 1192, 1173, 1047, 52, 2636, 3787, 4047, 676, 2925, 1078, 1170, 1348, 1950, 1871, 888, 1543, 2948, 2760, 514, 2380, 3684, 1144, 1393, 2352, 4114, 6136, 2225, 2243, 561, 1017, 831, 862, 691, 1180, 3044, 585, 3370, 2096, 2521, 705, 1133, 1803, 6493, 4509, 1902, 458, 4343, 318, 2102, 6140, 300, 190, 1082, 447, 3184, 3670, 2334, 1194, 898, 1086, 0]], 'ttd': [[0, 1601, 3362, 1927, 161, 152, 596, 587, 524, 26, 1319, 1894, 2024, 338, 1463, 539, 586, 675, 976, 936, 445, 772, 1474, 1380, 258, 1190, 1843, 572, 697, 1177, 2058, 3069, 1113, 1122, 281, 509, 416, 431, 346, 590, 1522, 293, 1686, 1049, 1261, 353, 567, 902, 3247, 2255, 951, 229, 2172, 159, 1051, 3070, 151, 95, 542, 224, 1593, 1836, 1168, 597, 450, 543, 1], [1601, 0, 4961, 467, 1515, 1739, 2188, 1237, 1631, 1579, 2660, 2435, 822, 1289, 3039, 1946, 2046, 2224, 641, 1190, 1232, 921, 1180, 223, 1788, 2790, 2431, 1030, 2291, 2738, 2211, 2366, 1089, 1178, 1521, 1967, 2009, 1476, 1817, 1023, 2751, 1311, 3082, 1368, 1233, 1951, 1306, 2209, 2878, 1274, 2517, 1551, 1617, 1469, 1399, 1625, 1744, 1572, 2099, 1702, 2818, 1510, 819, 1926, 1344, 1560, 1601], [3362, 4961, 0, 5274, 3451, 3229, 2786, 3826, 3476, 3384, 2636, 3852, 5305, 3684, 1957, 3084, 2973, 2761, 4334, 4029, 3747, 4100, 4495, 4739, 3197, 2173, 3910, 3932, 2672, 2264, 4360, 5892, 4222, 4229, 3483, 3042, 2960, 3547, 3193, 3941, 2763, 3653, 2415, 3990, 4261, 3010, 3739, 3026, 5721, 5356, 2469, 3425, 5121, 3500, 3969, 6331, 3221, 3398, 2877, 3271, 2742, 4765, 4432, 3184, 3663, 3514, 3362], [1927, 467, 5274, 0, 1868, 2051, 2489, 1463, 1844, 1904, 3075, 2901, 415, 1595, 3388, 2332, 2425, 2582, 959, 1644, 1613, 1175, 1640, 641, 2078, 3106, 2390, 1372, 2623, 3095, 2669, 1973, 1552, 1223, 1794, 2344, 2317, 1874, 2088, 1388, 3183, 1637, 3256, 1828, 1699, 2278, 1719, 2398, 2542, 1606, 2871, 1918, 1321, 1780, 1859, 1666, 2061, 1881, 2453, 2061, 3251, 1311, 901, 2147, 1740, 1972, 1927], [161, 1515, 3451, 1868, 0, 302, 720, 630, 654, 162, 1289, 1761, 1996, 336, 1526, 501, 575, 716, 910, 777, 309, 749, 1317, 1293, 417, 1286, 1975, 496, 780, 1229, 1906, 3113, 957, 1167, 393, 492, 543, 275, 506, 493, 1471, 255, 1841, 889, 1102, 453, 408, 1062, 3324, 2107, 1006, 92, 2213, 220, 892, 2944, 294, 229, 587, 196, 1542, 1888, 1163, 755, 291, 398, 161], [152, 1739, 3229, 2051, 302, 0, 451, 658, 495, 167, 1286, 1968, 2128, 457, 1350, 541, 558, 594, 1107, 1077, 595, 884, 1617, 1519, 128, 1057, 1784, 712, 579, 1075, 2162, 3111, 1258, 1176, 309, 493, 272, 556, 229, 737, 1509, 430, 1540, 1179, 1400, 237, 708, 780, 3256, 2405, 851, 349, 2220, 273, 1179, 3220, 23, 171, 464, 275, 1577, 1875, 1261, 492, 592, 650, 152], [596, 2188, 2786, 2489, 720, 451, 0, 1054, 758, 615, 1144, 2111, 2541, 902, 961, 640, 573, 417, 1554, 1458, 1027, 1316, 1997, 1969, 413, 622, 1829, 1163, 249, 729, 2395, 3400, 1650, 1520, 702, 566, 181, 916, 427, 1186, 1408, 880, 1203, 1521, 1768, 279, 1098, 664, 3464, 2815, 533, 731, 2530, 720, 1514, 3662, 448, 617, 370, 591, 1469, 2174, 1665, 545, 992, 963, 596], [587, 1237, 3826, 1463, 630, 658, 1054, 0, 395, 562, 1903, 2319, 1488, 305, 1998, 1117, 1171, 1248, 613, 1108, 617, 318, 1565, 1038, 645, 1674, 1503, 430, 1228, 1730, 2374, 2487, 1217, 539, 357, 1093, 896, 830, 635, 516, 2097, 398, 1847, 1292, 1410, 893, 832, 974, 2702, 2191, 1507, 718, 1589, 433, 1308, 2831, 675, 506, 1116, 797, 2167, 1259, 613, 693, 746, 972, 587], [524, 1631, 3476, 1844, 654, 495, 758, 395, 0, 509, 1772, 2413, 1832, 482, 1717, 1034, 1051, 1053, 1003, 1341, 809, 712, 1848, 1431, 409, 1359, 1323, 739, 975, 1479, 2548, 2654, 1486, 768, 265, 987, 639, 921, 343, 810, 2001, 548, 1455, 1495, 1664, 688, 1002, 582, 2767, 2538, 1267, 740, 1776, 445, 1504, 3219, 517, 433, 934, 740, 2070, 1422, 963, 304, 890, 1050, 524], [26, 1579, 3384, 1904, 162, 167, 615, 562, 509, 0, 1343, 1906, 1999, 314, 1487, 562, 610, 700, 953, 931, 433, 747, 1469, 1359, 264, 1212, 1829, 551, 720, 1201, 2064, 3044, 1106, 1097, 261, 533, 435, 435, 348, 571, 1545, 270, 1694, 1049, 1257, 376, 564, 902, 3225, 2244, 976, 237, 2148, 134, 1052, 3054, 168, 77, 567, 245, 1616, 1812, 1142, 595, 446, 552, 26], [1319, 2660, 2636, 3075, 1289, 1286, 1144, 1903, 1772, 1343, 0, 1299, 3258, 1623, 835, 790, 735, 741, 2141, 1529, 1476, 2032, 1913, 2449, 1365, 1022, 2969, 1744, 901, 651, 1760, 4386, 1702, 2439, 1585, 811, 1168, 1206, 1445, 1706, 279, 1543, 2129, 1431, 1690, 1089, 1358, 1805, 4539, 2761, 679, 1212, 3489, 1471, 1405, 3789, 1265, 1407, 844, 1108, 331, 3152, 2450, 1656, 1340, 1104, 1319], [1894, 2435, 3852, 2901, 1761, 1968, 2111, 2319, 2413, 1906, 1299, 0, 3219, 2024, 2131, 1484, 1540, 1728, 2194, 1328, 1707, 2262, 1296, 2286, 2092, 2254, 3735, 1951, 1936, 1910, 533, 4642, 1362, 2803, 2153, 1555, 2030, 1505, 2194, 1871, 1103, 1932, 3278, 1120, 1203, 1905, 1493, 2715, 4980, 1927, 1850, 1674, 3767, 1977, 1092, 3005, 1948, 1982, 1742, 1695, 1115, 3498, 2642, 2456, 1575, 1368, 1894], [2024, 822, 5305, 415, 1996, 2128, 2541, 1488, 1832, 1999, 3258, 3219, 0, 1687, 3477, 2486, 2568, 2696, 1121, 1919, 1783, 1253, 1995, 935, 2130, 3161, 2138, 1516, 2706, 3198, 3027, 1562, 1858, 1110, 1841, 2486, 2380, 2055, 2120, 1553, 3394, 1747, 3165, 2117, 2024, 2363, 1926, 2339, 2130, 2019, 2973, 2060, 930, 1868, 2147, 2019, 2141, 1962, 2564, 2190, 3464, 984, 877, 2129, 1924, 2170, 2024], [338, 1289, 3684, 1595, 336, 457, 902, 305, 482, 314, 1623, 2024, 1687, 0, 1799, 834, 900, 1011, 653, 866, 341, 435, 1367, 1072, 500, 1513, 1752, 284, 1030, 1514, 2105, 2779, 1005, 836, 260, 819, 726, 528, 539, 339, 1805, 94, 1874, 1032, 1185, 685, 550, 1023, 3005, 2072, 1289, 420, 1880, 186, 1045, 2813, 467, 288, 878, 518, 1876, 1557, 836, 708, 452, 669, 338], [1463, 3039, 1957, 3388, 1526, 1350, 961, 1998, 1717, 1487, 835, 2131, 3477, 1799, 0, 1129, 1019, 817, 2432, 2074, 1811, 2231, 2552, 2817, 1355, 410, 2630, 2020, 773, 309, 2574, 4347, 2268, 2480, 1642, 1090, 1104, 1595, 1385, 2017, 1073, 1752, 1466, 2044, 2316, 1117, 1786, 1476, 4364, 3413, 523, 1489, 3486, 1615, 2025, 4376, 1338, 1518, 941, 1338, 1095, 3128, 2607, 1480, 1716, 1558, 1463], [539, 1946, 3084, 2332, 501, 541, 640, 1117, 1034, 562, 790, 1484, 2486, 834, 1129, 0, 113, 348, 1380, 953, 720, 1247, 1460, 1727, 649, 996, 2316, 972, 524, 821, 1757, 3603, 1150, 1655, 816, 75, 547, 475, 746, 946, 984, 755, 1838, 955, 1222, 424, 661, 1235, 3784, 2313, 622, 428, 2705, 686, 942, 3250, 519, 632, 288, 321, 1054, 2372, 1663, 997, 603, 431, 539], [586, 2046, 2973, 2425, 575, 558, 573, 1171, 1051, 610, 735, 1540, 2568, 900, 1019, 113, 0, 240, 1471, 1065, 816, 1323, 1570, 1826, 652, 887, 2307, 1059, 428, 711, 1837, 3653, 1262, 1707, 852, 83, 508, 581, 742, 1038, 951, 827, 1759, 1065, 1332, 396, 769, 1198, 3814, 2424, 510, 511, 2757, 740, 1051, 3362, 537, 673, 205, 383, 1020, 2419, 1735, 982, 706, 543, 586], [675, 2224, 2761, 2582, 716, 594, 417, 1248, 1053, 700, 741, 1728, 2696, 1011, 817, 348, 240, 0, 1625, 1295, 995, 1444, 1806, 2003, 647, 650, 2230, 1211, 209, 515, 2055, 3698, 1492, 1768, 902, 290, 430, 787, 716, 1204, 998, 953, 1552, 1302, 1569, 368, 981, 1078, 3814, 2658, 295, 674, 2810, 833, 1288, 3583, 575, 745, 134, 524, 1061, 2462, 1841, 916, 903, 771, 675], [976, 641, 4334, 959, 910, 1107, 1554, 613, 1003, 953, 2141, 2194, 1121, 653, 2432, 1380, 1471, 1625, 0, 868, 666, 298, 1151, 431, 1150, 2163, 1979, 415, 1671, 2138, 2111, 2449, 877, 746, 881, 1389, 1377, 936, 1177, 437, 2274, 684, 2457, 1077, 1075, 1327, 808, 1584, 2820, 1630, 1914, 962, 1580, 835, 1103, 2219, 1115, 938, 1495, 1104, 2344, 1341, 468, 1292, 804, 1050, 976], [936, 1190, 4029, 1644, 777, 1077, 1458, 1108, 1341, 931, 1529, 1328, 1919, 866, 2074, 953, 1065, 1295, 868, 0, 534, 968, 542, 1006, 1193, 1939, 2606, 686, 1441, 1767, 1280, 3316, 198, 1520, 1089, 1005, 1294, 543, 1278, 600, 1582, 794, 2616, 210, 328, 1181, 371, 1828, 3672, 1368, 1574, 737, 2444, 920, 236, 2304, 1067, 984, 1203, 869, 1646, 2188, 1322, 1514, 487, 525, 936], [445, 1232, 3747, 1613, 309, 595, 1027, 617, 809, 433, 1476, 1707, 1783, 341, 1811, 720, 816, 995, 666, 534, 0, 593, 1054, 1012, 694, 1589, 2092, 279, 1081, 1508, 1766, 3013, 690, 1106, 557, 736, 849, 274, 768, 231, 1618, 263, 2122, 693, 858, 761, 216, 1307, 3288, 1813, 1289, 323, 2117, 393, 705, 2637, 592, 470, 873, 477, 1688, 1817, 1010, 990, 149, 402, 445], [772, 921, 4100, 1175, 749, 884, 1316, 318, 712, 747, 2032, 2262, 1253, 435, 2231, 1247, 1323, 1444, 298, 968, 593, 0, 1353, 721, 904, 1934, 1721, 319, 1461, 1948, 2246, 2421, 1033, 553, 620, 1241, 1145, 859, 916, 393, 2195, 497, 2165, 1171, 1233, 1116, 788, 1292, 2719, 1909, 1722, 821, 1527, 618, 1193, 2515, 895, 715, 1311, 941, 2266, 1238, 422, 1006, 741, 993, 772], [1474, 1180, 4495, 1640, 1317, 1617, 1997, 1565, 1848, 1469, 1913, 1296, 1995, 1367, 2552, 1460, 1570, 1806, 1151, 542, 1054, 1353, 0, 1075, 1731, 2455, 3060, 1137, 1966, 2250, 1033, 3504, 365, 1886, 1607, 1519, 1834, 1082, 1814, 1054, 1899, 1307, 3157, 510, 239, 1720, 911, 2359, 3943, 862, 2073, 1278, 2682, 1446, 529, 1880, 1608, 1517, 1726, 1408, 1953, 2480, 1614, 2043, 1027, 1047, 1474], [1380, 223, 4739, 641, 1293, 1519, 1969, 1038, 1431, 1359, 2449, 2286, 935, 1072, 2817, 1727, 1826, 2003, 431, 1006, 1012, 721, 1075, 0, 1571, 2569, 2308, 809, 2069, 2517, 2102, 2432, 927, 1047, 1309, 1747, 1790, 1258, 1603, 802, 2548, 1091, 2884, 1194, 1090, 1730, 1