{'nodes': [(0, 0, 0, 0, 48000, 0, False), (1, 0.2512164567716242, 1.0360147662228911, 22007, 28569, 30, True), (2, -1.3441512569499263, -3.3437505603200277, 31833, 37660, 10, True), (3, -3.742386762548391, 1.7724034886690339, 6719, 10614, 30, True), (4, -1.3802514767452163, -0.6871044311926425, 11316, 17944, 10, True), (5, -11.777926847350587, -2.2871782702186025, 36724, 40990, 20, True), (6, -6.303543277004047, 7.036390093984099, 30951, 38306, 40, True), (7, -0.22369573407283097, -1.4309093933344148, 5251, 15794, 20, True), (8, -6.560337725420221, -0.675725597937733, 12181, 18763, 50, True), (9, 5.423956973570073, 5.2892217641561246, 16991, 26404, 50, True), (10, -1.4661140056678206, 1.6877922434213914, 21049, 24228, 40, True), (11, 0.41930816288414247, 7.813687378836946, 41852, 46737, 20, True), (12, -9.328016773836158, 0.7860761083383848, 7379, 13270, 20, True), (13, 17.70766729455461, 12.402456539927217, 14716, 21991, 40, True), (14, -6.836343249169644, 5.593554602356518, 40436, 43351, 20, True), (15, 3.266109814772838, 6.1873048149357155, 31428, 37015, 40, True), (16, -2.2282520299576847, 0.75637817300558, 38156, 43132, 40, True), (17, -18.722893093391352, -1.2287970613827155, 30704, 38248, 10, True), (18, -8.558870501379458, 5.737418981194629, 31074, 36092, 30, True), (19, 0.29725862506017914, -0.8258606831134235, 20931, 25288, 50, True), (20, 6.255398423373097, 8.875965894869264, 35265, 43871, 10, True), (21, -2.7719619183684583, 3.3967528271608582, 29326, 35275, 40, True), (22, -17.26987422782148, -15.28801877261169, 15210, 22134, 40, True), (23, -1.8702704070340503, -4.237283157690769, 39846, 47361, 50, True), (24, -1.4078666077086663, 4.202387574142893, 21589, 28260, 10, True), (25, 10.672046726167165, 2.0468381423575326, 32452, 42079, 10, True), (26, -5.96223483260308, -2.2090185002708767, 33507, 40227, 20, False), (27, -6.407582620681242, 3.8925542382181466, 20002, 30802, 30, True), (28, -4.196702478399925, -0.8879911670392031, 44199, 47513, 40, True), (29, 4.7076712106734435, -12.878720630632442, 39540, 46575, 10, True), (30, -1.8395132065102051, 6.499661245023661, 20585, 25659, 20, True), (31, -17.118842255703218, 1.359928323059605, 34500, 40061, 20, True), (32, -11.805412594948614, -3.6824773866033396, 26415, 30580, 30, True), (33, -5.656068373457863, -12.810215457205771, 34471, 39594, 30, True), (34, 4.846462540892775, -9.643157597890392, 22744, 27762, 30, False), (35, -3.926702722287154, -6.4569439171146445, 34313, 41343, 40, False), (36, 8.961668842287624, 0.8159313912657808, 21228, 21754, 40, True), (37, -8.70609417054098, 2.99368249204871, 29579, 35720, 50, True), (38, 6.947571623139675, 1.9452157481919805, 22799, 30624, 50, True), (39, 4.015522614843746, 5.238247549133674, 25441, 33773, 20, False), (40, -25.640457673337053, -7.039022862702508, 24243, 30139, 50, True), (41, -1.8619942204810402, 4.117821167334354, 27835, 33746, 50, True), (42, 4.650343014836632, 2.1352406187007933, 42704, 46987, 40, True), (43, 9.70807334988999, -9.76887088926472, 41597, 43604, 20, True), (44, -1.9394700635377715, 1.6355119414920603, 39870, 43085, 50, True), (45, -0.2533225362996378, -3.736964022266364, 39124, 43678, 30, True), (46, 18.1627380505862, -4.117997744932936, 30590, 37287, 40, True), (47, -8.076906241837115, -4.2705115665306375, 25983, 30400, 10, True), (48, 0.29751109298776185, 2.591781332245895, 36540, 44056, 30, False), (49, -2.213287727728375, -3.4913847771070197, 13624, 21717, 30, True), (50, -17.09566989934809, -0.787452178122798, 10092, 19414, 40, True), (51, 1.3858246874932447, 0.7865867713032976, 17835, 27672, 10, True), (52, 2.804878770524674, -1.3668216926932537, 31326, 33643, 20, True), (53, 0.38092048649429655, -1.0706344860996853, 9593, 14908, 40, True), (54, 0.45671420466231744, 8.03347982116397, 7358, 16709, 10, True), (55, -6.809775986093612, -11.694684308974441, 8275, 14679, 30, True), (56, -0.8514516507236816, 3.3927435042229495, 21947, 24129, 20, True), (57, 13.567630321228824, -2.334624003136994, 11208, 14337, 30, True), (58, 9.506628583432743, 14.299471079979881, 13377, 24360, 20, True), (59, -1.4459832764112455, 1.1567758938686785, 28096, 36567, 30, True), (60, 6.485073329675964, -1.0711009094102708, 11339, 17919, 40, False), (61, -7.414596995235675, -5.19971884747829, 36913, 46228, 50, True), (62, 8.310268468665717, -6.198107979291316, 28467, 32775, 10, True), (63, -4.061430765331668, 1.9938833590085407, 41661, 48000, 30, True), (64, 4.093105258728879, 2.1918114899165966, 8555, 12479, 20, True), (65, 6.011579096061359, -0.34248652227443693, 9466, 14029, 50, True), (66, 0, 0, 0, 48000, 0, False)], 'F': 20.0, 'ct': 0.083, 'cd': 0.021, 'truck_cap': 100, 'drone_cap': 20, 'truck_speed': 40, 'drone_speed': 40, 'a': 1, 'b': 2, 'max_flight_time': 30, 'ttt': [[0, 321, 1082, 1243, 464, 3600, 2835, 435, 1980, 2274, 672, 2348, 2809, 6487, 2651, 2100, 707, 5630, 3092, 264, 3259, 1316, 6920, 1391, 1331, 3261, 1908, 2250, 1288, 4115, 2027, 5153, 3711, 4202, 3239, 2268, 2701, 2763, 2165, 1981, 7978, 1357, 1536, 4133, 762, 1125, 5588, 2742, 784, 1241, 5135, 479, 937, 342, 2415, 4061, 1050, 4131, 5152, 557, 1973, 2718, 3111, 1358, 1394, 1807, 1], [321, 0, 1399, 1219, 713, 3745, 2667, 755, 2108, 2010, 552, 2035, 2876, 6250, 2529, 1792, 750, 5734, 2997, 560, 2963, 1152, 7185, 1706, 1073, 3142, 2104, 2175, 1455, 4384, 1756, 5213, 3885, 4517, 3489, 2575, 2615, 2752, 2028, 1694, 8138, 1122, 1361, 4309, 682, 1441, 5592, 2964, 468, 1547, 5234, 350, 1053, 634, 2101, 4368, 782, 4122, 4853, 511, 1975, 2966, 3250, 1326, 1205, 1778, 321], [1082, 1399, 0, 1696, 798, 3147, 3452, 666, 1759, 3292, 1511, 3390, 2698, 7416, 3148, 3177, 1259, 5253, 3480, 903, 4318, 2068, 5973, 312, 2265, 3952, 1428, 2651, 1130, 3389, 2958, 4939, 3141, 3122, 2651, 1214, 3335, 2915, 2951, 3036, 7374, 2245, 2437, 3836, 1505, 349, 5858, 2040, 1849, 265, 4788, 1486, 1380, 857, 3457, 2995, 2027, 4485, 6215, 1352, 2447, 1905, 3021, 1798, 2329, 2384, 1082], [1243, 1219, 1696, 0, 1024, 2702, 1757, 1429, 1121, 2946, 684, 2202, 1703, 7183, 1476, 2486, 548, 4584, 1873, 1442, 3680, 569, 6533, 1889, 1012, 4326, 1369, 1023, 811, 5075, 1530, 4016, 2921, 4413, 4287, 2470, 3823, 1535, 3208, 2550, 7082, 903, 2521, 5318, 543, 1957, 6806, 2232, 1238, 1645, 4080, 1568, 2179, 1504, 2263, 4145, 995, 5338, 5471, 714, 3186, 2365, 4336, 118, 2355, 2995, 1243], [464, 713, 798, 1024, 0, 3157, 2749, 414, 1555, 2718, 714, 2608, 2426, 6944, 2497, 2490, 503, 5206, 2891, 506, 3672, 1295, 6475, 1076, 1468, 3709, 1449, 2041, 848, 4089, 2161, 4762, 3255, 3858, 3273, 1893, 3136, 2461, 2621, 2405, 7524, 1450, 1999, 4301, 718, 976, 5954, 2280, 1106, 879, 4716, 941, 1273, 542, 2675, 3683, 1235, 4513, 5558, 555, 2363, 2262, 3345, 1138, 1856, 2221, 464], [3600, 3745, 3147, 2702, 3157, 0, 3245, 3477, 1639, 5640, 3316, 4752, 1180, 9884, 2792, 5181, 3008, 2109, 2595, 3650, 6364, 3196, 4235, 3030, 3671, 6860, 1746, 2457, 2314, 5879, 3981, 1941, 420, 3653, 5455, 2668, 6292, 1834, 5760, 5249, 4397, 3542, 5105, 6826, 3178, 3486, 9000, 1261, 3908, 2893, 1659, 4056, 4385, 3667, 4803, 3193, 3695, 7605, 8096, 3268, 5492, 1575, 6141, 2648, 4948, 5370, 3600], [2835, 2667, 3452, 1757, 2749, 3245, 0, 3128, 2316, 3558, 2165, 2031, 2084, 7382, 462, 2883, 2247, 4476, 782, 3081, 3809, 1522, 7463, 3635, 1698, 5309, 2777, 945, 2461, 6828, 1350, 3665, 3616, 5958, 6020, 4111, 4946, 1412, 4260, 3143, 7176, 1595, 3601, 6965, 2084, 3708, 8068, 3435, 2388, 3389, 4000, 2974, 3719, 3153, 2051, 5622, 1968, 6592, 5221, 2289, 4544, 3687, 5916, 1657, 3442, 4308, 2835], [435, 755, 666, 1429, 414, 3477, 3128, 0, 1915, 2634, 1008, 2781, 2812, 6795, 2895, 2515, 891, 5551, 3299, 241, 3653, 1639, 6591, 977, 1728, 3432, 1738, 2449, 1204, 3740, 2429, 5138, 3541, 3784, 2896, 1874, 2838, 2871, 2379, 2372, 7809, 1737, 1813, 3891, 1055, 693, 5576, 2506, 1218, 860, 5066, 823, 910, 212, 2848, 3660, 1460, 4147, 5550, 860, 2017, 2437, 2934, 1544, 1692, 1900, 435], [1980, 2108, 1759, 1121, 1555, 1639, 2316, 1915, 0, 4017, 1686, 3298, 940, 8271, 1884, 3597, 1370, 3654, 2016, 2059, 4796, 1670, 5436, 1768, 2130, 5235, 495, 1372, 713, 4984, 2578, 3227, 1815, 3651, 4354, 1907, 4679, 1276, 4129, 3636, 6035, 2015, 3468, 5592, 1551, 2104, 7489, 1171, 2280, 1555, 3162, 2425, 2818, 2087, 3356, 3308, 2104, 6060, 6590, 1631, 3916, 1382, 4760, 1098, 3311, 3774, 1980], [2274, 2010, 3292, 2946, 2718, 5640, 3558, 2634, 4017, 0, 2333, 1683, 4628, 4259, 3680, 702, 2669, 7504, 4198, 2395, 1106, 2524, 9191, 3601, 2076, 1852, 4091, 3575, 3431, 5456, 2210, 6866, 5829, 6367, 4484, 4505, 1712, 4296, 1103, 424, 10027, 2215, 975, 4698, 2467, 3200, 4752, 4964, 1739, 3492, 6999, 1815, 2147, 2436, 1703, 6280, 1968, 3348, 2969, 2406, 1935, 4975, 3554, 3013, 1012, 1700, 2274], [672, 552, 1511, 684, 714, 3316, 2165, 1008, 1686, 2333, 0, 1924, 2375, 6590, 1993, 1960, 362, 5251, 2451, 922, 3166, 646, 6959, 1783, 756, 3644, 1786, 1624, 1127, 4747, 1449, 4698, 3496, 4528, 3892, 2553, 3140, 2208, 2526, 1960, 7711, 740, 1841, 4802, 144, 1669, 6142, 2671, 596, 1571, 4748, 898, 1576, 997, 1990, 4324, 545, 4670, 5016, 160, 2526, 2731, 3769, 785, 1676, 2326, 672], [2348, 2035, 3390, 2202, 2608, 4752, 2031, 2781, 3298, 1683, 1924, 0, 3606, 5367, 2277, 985, 2262, 6352, 2766, 2593, 1781, 1636, 8730, 3681, 1215, 3530, 3566, 2363, 2956, 6341, 785, 5607, 5035, 6451, 5404, 4476, 3314, 3097, 2634, 1328, 9000, 1304, 2125, 5967, 1985, 3472, 6416, 4433, 1568, 3483, 5855, 2129, 2847, 2666, 68, 6242, 1381, 4984, 3350, 2075, 3228, 4558, 4825, 2204, 2016, 2968, 2348], [2809, 2876, 2698, 1703, 2426, 1180, 2084, 2812, 940, 4628, 2375, 3606, 0, 8829, 1625, 4112, 2131, 2884, 1504, 2929, 5268, 2118, 5380, 2699, 2589, 6013, 1353, 1280, 1620, 5878, 2827, 2345, 1534, 4226, 5280, 2712, 5488, 689, 4896, 4221, 5429, 2454, 4214, 6531, 2232, 3043, 8378, 1564, 2939, 2491, 2379, 3215, 3698, 2966, 3654, 3821, 2661, 6933, 6955, 2368, 4778, 1886, 5692, 1622, 4049, 4615, 2809], [6487, 6250, 7416, 7183, 6944, 9884, 7382, 6795, 8271, 4259, 6590, 5367, 8829, 0, 7642, 4718, 6928, 11670, 8131, 6561, 3596, 6713, 13384, 7709, 6241, 3757, 8346, 7673, 7687, 8529, 6127, 10962, 10085, 10313, 7658, 8611, 4356, 8413, 4502, 4637, 14253, 6376, 4984, 7072, 6722, 7245, 4959, 9213, 5996, 7646, 11167, 6011, 6088, 6586, 5340, 10314, 6190, 4593, 2526, 6664, 5262, 9204, 6253, 7240, 5106, 5190, 6487], [2651, 2529, 3148, 1476, 2497, 2792, 462, 2895, 1884, 3680, 1993, 2277, 1625, 7642, 0, 3037, 2005, 4113, 520, 2880, 4050, 1387, 7004, 3305, 1682, 5360, 2356, 527, 2101, 6536, 1524, 3337, 3158, 5533, 5761, 3720, 4952, 962, 4279, 3258, 6797, 1558, 3600, 6774, 1890, 3427, 8047, 2984, 2323, 3059, 3626, 2858, 3568, 2948, 2308, 5187, 1914, 6568, 5556, 2095, 4470, 3244, 5760, 1365, 3435, 4247, 2651], [2100, 1792, 3177, 2486, 2490, 5181, 2883, 2515, 3597, 702, 1960, 985, 4112, 4718, 3037, 0, 2319, 6963, 3551, 2286, 1207, 1997, 8915, 3487, 1524, 2546, 3744, 2984, 3086, 5737, 1536, 6286, 5406, 6298, 4774, 4365, 2350, 3718, 1686, 364, 9538, 1660, 1286, 5163, 2075, 3160, 5435, 4629, 1400, 3338, 6458, 1717, 2271, 2344, 1010, 6159, 1494, 4012, 3071, 2069, 2383, 4685, 4013, 2534, 1225, 2126, 2100], [707, 750, 1259, 548, 503, 3008, 2247, 891, 1370, 2669, 362, 2262, 2131, 6928, 2005, 2319, 0, 4985, 2418, 895, 3524, 810, 6599, 1503, 1064, 3890, 1431, 1569, 770, 4590, 1728, 4472, 3168, 4199, 3774, 2224, 3358, 2057, 2777, 2307, 7404, 1015, 2106, 4775, 279, 1473, 6291, 2315, 938, 1275, 4485, 1085, 1640, 957, 2328, 3981, 893, 4830, 5377, 265, 2672, 2370, 3789, 665, 1946, 2495, 707], [5630, 5734, 5253, 4584, 5206, 2109, 4476, 5551, 3654, 7504, 5251, 6352, 2884, 11670, 4113, 6963, 4985, 0, 3698, 5708, 8084, 4983, 4241, 5137, 5445, 8874, 3840, 4002, 4360, 7851, 5571, 915, 2203, 5239, 7509, 4709, 8329, 3262, 7761, 7093, 2711, 5307, 7085, 8907, 5109, 5593, 11101, 3323, 5821, 5000, 507, 6064, 6459, 5732, 6391, 4758, 5539, 9694, 9667, 5233, 7564, 3597, 8247, 4504, 6922, 7426, 5630], [3092, 2997, 3480, 1873, 2891, 2595, 782, 3299, 2016, 4198, 2451, 2766, 1504, 8131, 520, 3551, 2418, 3698, 0, 3308, 4544, 1874, 6829, 3604, 2195, 5876, 2509, 851, 2381, 6859, 2030, 2885, 2990, 5633, 6122, 3914, 5461, 825, 4790, 3776, 6400, 2068, 4108, 7189, 2337, 3781, 8545, 3007, 2821, 3361, 3224, 3334, 4022, 3372, 2792, 5257, 2418, 7067, 5999, 2539, 4955, 3300, 6200, 1756, 3943, 4737, 3092], [264, 560, 903, 1442, 506, 3650, 3081, 241, 2059, 2395, 922, 2593, 2929, 6561, 2880, 2286, 895, 5708, 3308, 0, 3417, 1567, 6827, 1214, 1594, 3231, 1924, 2461, 1349, 3851, 2290, 5267, 3732, 4015, 2978, 2113, 2647, 2935, 2162, 2135, 8002, 1619, 1580, 3896, 999, 890, 5451, 2717, 1026, 1100, 5219, 585, 771, 79, 2659, 3897, 1313, 4008, 5314, 793, 1859, 2661, 2895, 1558, 1456, 1721, 264], [3259, 2963, 4318, 3680, 3672, 6364, 3809, 3653, 4796, 1106, 3166, 1781, 5268, 3596, 4050, 1207, 3524, 8084, 4544, 3417, 0, 3169, 10118, 4629, 2694, 2441, 4950, 4083, 4292, 6544, 2532, 7367, 6600, 7424, 5573, 5523, 2552, 4824, 2091, 1283, 10695, 2824, 2080, 5690, 3282, 4259, 5288, 5836, 2599, 4498, 7582, 2834, 3244, 3467, 1759, 7312, 2694, 4016, 1898, 3272, 2986, 5887, 4565, 3721, 2109, 2768, 3259], [1316, 1152, 2068, 569, 1295, 3196, 1522, 1639, 1670, 2524, 646, 1636, 2118, 6713, 1387, 1997, 810, 4983, 1874, 1567, 3169, 0, 7096, 2307, 476, 4054, 1936, 1102, 1356, 5375, 973, 4348, 3444, 4939, 4532, 2977, 3605, 1785, 2949, 2111, 7542, 349, 2260, 5443, 585, 2271, 6674, 2798, 953, 2074, 4478, 1474, 2201, 1641, 1696, 4688, 577, 5196, 4927, 782, 3085, 2932, 4399, 573, 2092, 2865, 1316], [6920, 7185, 5973, 6533, 6475, 4235, 7463, 6591, 5436, 9191, 6959, 8730, 5380, 13384, 7004, 8915, 6599, 4241, 6829, 6827, 10118, 7096, 0, 5687, 7540, 9866, 5188, 6614, 5836, 6634, 8010, 4996, 3849, 3564, 6849, 4801, 9235, 6057, 8918, 8872, 3527, 7435, 8401, 8262, 6851, 6171, 11146, 4306, 7521, 5739, 4351, 7389, 7330, 6800, 8789, 3319, 7462, 10035, 11972, 6847, 8306, 4232, 8145, 6526, 8282, 8301, 6920], [1391, 1706, 312, 1889, 1076, 3030, 3635, 977, 1768, 3601, 1783, 3681, 2699, 7709, 3305, 3487, 1503, 5137, 3604, 1214, 4629, 2307, 5687, 0, 2537, 4210, 1371, 2794, 1224, 3259, 3222, 4874, 2986, 2812, 2588, 909, 3587, 2986, 3232, 3347, 7181, 2508, 2736, 3851, 1763, 509, 6011, 1863, 2150, 247, 4684, 1797, 1647, 1167, 3748, 2684, 2310, 4667, 6526, 1624, 2682, 1689, 3111, 1983, 2632, 2638, 1391], [1331, 1073, 2265, 1012, 1468, 3671, 1698, 1728, 2130, 2076, 756, 1215, 2589, 6241, 1682, 1524, 1064, 5445, 2195, 1594, 2694, 476, 7540, 2537, 0, 3682, 2360, 1504, 1742, 5444, 702, 4791, 3916, 5261, 4559, 3287, 3274, 2220, 2597, 1657, 8015, 140, 1921, 5357, 787, 2408, 6381, 3236, 705, 2322, 4940, 1325, 2096, 1671, 1279, 5038, 296, 4903, 4462, 915, 2849, 3348, 4271, 1037, 1758, 2611, 1331], [3261, 3142, 3952, 4326, 3709, 6860, 5309, 3432, 5235, 1852, 3644, 3530, 6013, 3757, 5360, 2546, 3890, 8874, 5876, 3231, 2441, 4054, 9866, 4210, 3682, 0, 5152, 5155, 4548, 4823, 3985, 8341, 6960, 6624, 3919, 5069, 633, 5821, 1119, 2216, 11231, 3812, 1808, 3557, 3786, 3710, 2911, 5936, 3118, 4209, 8375, 2812, 2574, 3227, 3553, 6672, 3482, 1577, 3693, 3646, 1567, 5846, 2574, 4421, 1975, 1572, 3261], [1908, 2104, 1428, 1369, 1449, 1746, 2777, 1738, 495, 4091, 1786, 3566, 1353, 8346, 2356, 3744, 1431, 3840, 2509, 1924, 4950, 1936, 5188, 1371, 2360, 5152, 0, 1836, 663, 4528, 2892, 3515, 1809, 3183, 3937, 1414, 4569, 1766, 4070, 3736, 6080, 2263, 3441, 5221, 1670, 1774, 7261, 887, 2368, 1190, 3368, 2382, 2643, 1934, 3627, 2858, 2276, 5860, 6788, 1691, 3751, 998, 4447, 1385, 3294, 3637, 1908], [2250, 2175, 2651, 1023, 2041, 2457, 945, 2449, 1372, 3575, 1624, 2363, 1280, 7673, 527, 2984, 1569, 4002, 851, 2461, 4083, 1102, 6614, 2794, 1504, 5155, 1836, 0, 1581, 6037, 1579, 3303, 2791, 5017, 5282, 3194, 4703, 741, 4050, 3154, 6638, 1366, 3360, 6339, 1503, 2942, 7754, 2501, 2050, 2549, 3501, 2518, 3183, 2524, 2406, 4679, 1675, 6278, 5705, 1701, 4146, 2745, 5354, 906, 3192, 3937, 2250], [1288, 1455, 1130, 811, 848, 2314, 2461, 1204, 713, 3431, 1127, 2956, 1620, 7687, 2101, 3086, 770, 4360, 2381, 1349, 4292, 1356, 5836, 1224, 1742, 4548, 663, 1581, 0, 4482, 2327, 3936, 2433, 3604, 3777, 1674, 3981, 1786, 3451, 3075, 6694, 1658, 2806, 4951, 1017, 1460, 6778, 1545, 1706, 983, 3871, 1749, 2106, 1375, 3020, 3336, 1631, 5348, 6138, 1029, 3206, 1615, 4077, 867, 2654, 3068, 1288], [4115, 4384, 3389, 5075, 4089, 5879, 6828, 3740, 4984, 5456, 4747, 6341, 5878, 8529, 6536, 5737, 4590, 7851, 6859, 3851, 6544, 5375, 6634, 3259, 5444, 4823, 4528, 6037, 4482, 0, 6137, 7819, 5671, 3110, 973, 3229, 4303, 6235, 4499, 5440, 9272, 5468, 4505, 1768, 4790, 3121, 4818, 4625, 4827, 3500, 7480, 4220, 3501, 3774, 6403, 3474, 5159, 4133, 8281, 4599, 3583, 4306, 2278, 5181, 4526, 3782, 4115], [2027, 1756, 2958, 1530, 2161, 3981, 1350, 2429, 2578, 2210, 1449, 785, 2827, 6127, 1524, 1536, 1728, 5571, 2030, 2290, 2532, 973, 8010, 3222, 702, 3985, 2892, 1579, 2327, 6137, 0, 4837, 4275, 5906, 5243, 3938, 3663, 2314, 2970, 1798, 8216, 716, 2347, 5986, 1461, 3109, 6795, 3735, 1337, 3000, 5073, 1969, 2742, 2368, 829, 5659, 979, 5329, 4132, 1608, 3377, 3889, 4878, 1508, 2201, 3125, 2027], [5153, 5213, 4939, 4016, 4762, 1941, 3665, 5138, 3227, 6866, 4698, 5607, 2345, 10962, 3337, 6286, 4472, 915, 2885, 5267, 7367, 4348, 4996, 4874, 4791, 8341, 3515, 3303, 3936, 7819, 4837, 0, 2199, 5469, 7371, 4601, 7827, 2572, 7223, 6447, 3590, 4652, 6536, 8714, 4556, 5287, 10712, 3197, 5239, 4704, 645, 5555, 6034, 5301, 5641, 4991, 4919, 9273, 8882, 4703, 7120, 3515, 7960, 3923, 6369, 6959, 5153], [3711, 3885, 3141, 2921, 3255, 420, 3616, 3541, 1815, 5829, 3496, 5035, 1534, 10085, 3158, 5406, 3168, 2203, 2990, 3732, 6600, 3444, 3849, 2986, 3916, 6960, 1809, 2791, 2433, 5671, 4275, 2199, 0, 3303, 5307, 2507, 6376, 2209, 5875, 5450, 4272, 3792, 5237, 6708, 3363, 3467, 8992, 1133, 4091, 2879, 1810, 4179, 4439, 3740, 5089, 2834, 3913, 7624, 8366, 3431, 5544, 1395, 6083, 2881, 5086, 5439, 3711], [4202, 4517, 3122, 4413, 3858, 3653, 5958, 3784, 3651, 6367, 4528, 6451, 4226, 10313, 5533, 6298, 4199, 5239, 5633, 4015, 7424, 4939, 3564, 2812, 5261, 6624, 3183, 5017, 3604, 3110, 5906, 5469, 3303, 0, 3292, 1976, 5996, 4830, 5823, 6144, 6241, 5205, 5447, 4700, 4476, 3169, 7608, 2664, 4955, 2981, 4980, 4595, 4270, 3961, 6517, 482, 5071, 6569, 9320, 4377, 5067, 2344, 4637, 4468, 5368, 5124, 4202], [3239, 3489, 2651, 4287, 3273, 5455, 6020, 2896, 4354, 4484, 3892, 5404, 5280, 7658, 5761, 4774, 3774, 7509, 6122, 2978, 5573, 4532, 6849, 2588, 4559, 3919, 3937, 5282, 3777, 973, 5243, 7371, 5307, 3292, 0, 2801, 3373, 5560, 3534, 4472, 9180, 4594, 3535, 1460, 3950, 2342, 4326, 4200, 3917, 2810, 7100, 3298, 2558, 2901, 5465, 3552, 4269, 3415, 7319, 3751, 2619, 3913, 1467, 4398, 3559, 2813, 3239], [2268, 2575, 1214, 2470, 1893, 2668, 4111, 1874, 1907, 4505, 2553, 4476, 2712, 8611, 3720, 4365, 2224, 4709, 3914, 2113, 5523, 2977, 4801, 909, 3287, 5069, 1414, 3194, 1674, 3229, 3938, 4601, 2507, 1976, 2801, 0, 4441, 3178, 4124, 4242, 6517, 3233, 3643, 4210, 2501, 1372, 6665, 1408, 2997, 1028, 4302, 2696, 2533, 2070, 4543, 1795, 3097, 5393, 7418, 2403, 3518, 1113, 3673, 2537, 3539, 3502, 2268], [2701, 2615, 3335, 3823, 3136, 6292, 4946, 2838, 4679, 1712, 3140, 3314, 5488, 4356, 4952, 2350, 3358, 8329, 5461, 2647, 2552, 3605, 9235, 3587, 3274, 633, 4569, 4703, 3981, 4303, 3663, 7827, 6376, 5996, 3373, 4441, 0, 5341, 694, 1991, 10646, 3396, 1354, 3184, 3281, 3085, 3133, 5335, 2654, 3594, 7833, 2274, 1961, 2637, 3347, 6040, 3045, 1675, 4049, 3125, 935, 5235, 2114, 3924, 1519, 952, 2701], [2763, 2752, 2915, 1535, 2461, 1834, 1412, 2871, 1276, 4296, 2208, 3097, 689, 8413, 962, 3718, 2057, 3262, 825, 2935, 4824, 1785, 6057, 2986, 2220, 5821, 1766, 741, 1786, 6235, 2314, 2572, 2209, 4830, 5560, 3178, 5341, 0, 4708, 3876, 5906, 2082, 4016, 6722, 2071, 3243, 8339, 2188, 2705, 2754, 2762, 3100, 3694, 2987, 3138, 4444, 2360, 6872, 6432, 2248, 4719, 2489, 5803, 1426, 3848, 4528, 2763], [2165, 2028, 2951, 3208, 2621, 5760, 4260, 2379, 4129, 1103, 2526, 2634, 4896, 4502, 4279, 1686, 2777, 7761, 4790, 2162, 2091, 2949, 8918, 3232, 2597, 1119, 4070, 4050, 3451, 4499, 2970, 7223, 5875, 5823, 3534, 4124, 694, 4708, 0, 1324, 10142, 2723, 693, 3611, 2669, 2753, 3826, 4879, 2005, 3197, 7260, 1705, 1592, 2169, 2671, 5813, 2381, 2366, 3786, 2530, 916, 4813, 2478, 3304, 861, 743, 2165], [1981, 1694, 3036, 2550, 2405, 5249, 3143, 2372, 3636, 424, 1960, 1328, 4221, 4637, 3258, 364, 2307, 7093, 3776, 2135, 1283, 2111, 8872, 3347, 1657, 2216, 3736, 3154, 3075, 5440, 1798, 6447, 5450, 6144, 4472, 4242, 1991, 3876, 1324, 0, 9630, 1796, 951, 4816, 2089, 2983, 5089, 4616, 1370, 3218, 6587, 1552, 2016, 2185, 1359, 6030, 1563, 3658, 3180, 2046, 2034, 4645, 3666, 2612, 915, 1779, 1981], [7978, 8138, 7374, 7082, 7524, 4397, 7176, 7809, 6035, 10027, 7711, 9000, 5429, 14253, 6797, 9538, 7404, 2711, 6400, 8002, 10695, 7542, 3527, 7181, 8015, 11231, 6080, 6638, 6694, 9272, 8216, 3590, 4272, 6241, 9180, 6517, 10646, 5906, 10142, 9630, 0, 7881, 9496, 10637, 7573, 7681, 13171, 5335, 8301, 7109, 3177, 8442, 8703, 8010, 9042, 5820, 8069, 11848, 12336, 7664, 9804, 5497, 10189, 7019, 9341, 9707, 7978], [1357, 1122, 2245, 903, 1450, 3542, 1595, 1737, 2015, 2215, 740, 1304, 2454, 6376, 1558, 1660, 1015, 5307, 2068, 1619, 2824, 349, 7435, 2508, 140, 3812, 2263, 1366, 1658, 5468, 716, 4652, 3792, 5205, 4594, 3233, 3396, 2082, 2723, 1796, 7881, 0, 2043, 5424, 746, 2406, 6497, 3133, 794, 2286, 4802, 1397, 2161, 1697, 1366, 4972, 374, 5018, 4579, 898, 2950, 3255, 4347, 918, 1879, 2716, 1357], [1536, 1361, 2437, 2521, 1999, 5105, 3601, 1813, 3468, 975, 1841, 2125, 4214, 4984, 3600, 1286, 2106, 7085, 4108, 1580, 2080, 2260, 8401, 2736, 1921, 1808, 3441, 3360, 2806, 4505, 2347, 6536, 5237, 5447, 3535, 3643, 1354, 4016, 693, 951, 9496, 2043, 0, 3881, 1984, 2296, 4468, 4276, 1314, 2664, 6583, 1061, 1189, 1603, 2172, 5389, 1694, 2993, 3930, 1853, 1109, 4237, 2731, 2615, 169, 849, 1536], [4133, 4309, 3836, 5318, 4301, 6826, 6965, 3891, 5592, 4698, 4802, 5967, 6531, 7072, 6774, 5163, 4775, 8907, 7189, 3896, 5690, 5443, 8262, 3851, 5357, 3557, 5221, 6339, 4951, 1768, 5986, 8714, 6708, 4700, 1460, 4210, 3184, 6722, 3611, 4816, 10637, 5424, 3881, 0, 4891, 3495, 3052, 5586, 4662, 4043, 8482, 4033, 3263, 3827, 6020, 4990, 5063, 2514, 7222, 4685, 2784, 5318, 1151, 5434, 3965, 3039, 4133], [762, 682, 1505, 543, 718, 3178, 2084, 1055, 1551, 2467, 144, 1985, 2232, 6722, 1890, 2075, 279, 5109, 2337, 999, 3282, 585, 6851, 1763, 787, 3786, 1670, 1503, 1017, 4790, 1461, 4556, 3363, 4476, 3950, 2501, 3281, 2071, 2669, 2089, 7573, 746, 1984, 4891, 0, 1690, 6274, 2556, 731, 1541, 4606, 1031, 1685, 1070, 2051, 4259, 621, 4803, 5122, 207, 2656, 2628, 3871, 647, 1818, 2459, 762], [1125, 1441, 349, 1957, 976, 3486, 3708, 693, 2104, 3200, 1669, 3472, 3043, 7245, 3427, 3160, 1473, 5593, 3781, 890, 4259, 2271, 6171, 509, 2408, 3710, 1774, 2942, 1460, 3121, 3109, 5287, 3467, 3169, 2342, 1372, 3085, 3243, 2753, 2983, 7681, 2406, 2296, 3495, 1690, 0, 5527, 2354, 1907, 594, 5131, 1444, 1162, 823, 3539, 3094, 2147, 4169, 6153, 1512, 2175, 2194, 2674, 2065, 2206, 2139, 1125], [5588, 5592, 5858, 6806, 5954, 9000, 8068, 5576, 7489, 4752, 6142, 6416, 8378, 4959, 8047, 5435, 6291, 11101, 8545, 5451, 5288, 6674, 11146, 6011, 6381, 2911, 7261, 7754, 6778, 4818, 6795, 10712, 8992, 7608, 4326, 6665, 3133, 8339, 3826, 5089, 13171, 6497, 4468, 3052, 6274, 5527, 0, 7873, 5726, 6117, 10626, 5245, 4682, 5413, 6443, 7830, 6134, 1480, 6106, 6093, 3622, 7681, 3022, 6916, 4627, 3818, 5588], [2742, 2964, 2040, 2232, 2280, 1261, 3435, 2506, 1171, 4964, 2671, 4433, 1564, 9213, 2984, 4629, 2315, 3323, 3007, 2717, 5836, 2798, 4306, 1863, 3236, 5936, 887, 2501, 1545, 4625, 3735, 3197, 1133, 2664, 4200, 1408, 5335, 2188, 4879, 4616, 5335, 3133, 4276, 5586, 2556, 2354, 7873, 0, 3249, 1776, 2901, 3220, 3380, 2714, 4493, 2260, 3161, 6520, 7673, 2572, 4474, 343, 4951, 2233, 4135, 4389, 2742], [784, 468, 1849, 1238, 1106, 3908, 2388, 1218, 2280, 1739, 596, 1568, 2939, 5996, 2323, 1400, 938, 5821, 2821, 1026, 2599, 953, 7521, 2150, 705, 3118, 2368, 2050, 1706, 4827, 1337, 5239, 4091, 4955, 3917, 2997, 2654, 2705, 2005, 1370, 8301, 794, 1314, 4662, 731, 1907, 5726, 3249, 0, 1975, 5317, 633, 1407, 1100, 1634, 4788, 421, 4248, 4470, 678, 2158, 3290, 3569, 1321, 1146, 1928, 784], [1241, 1547, 265, 1645, 879, 2893, 3389, 860, 1555, 3492, 1571, 3483, 2491, 7646, 3059, 3338, 1275, 5000, 3361, 1100, 4498, 2074, 5739, 247, 2322, 4209, 1190, 2549, 983, 3500, 3000, 4704, 2879, 2981, 2810, 1028, 3594, 2754, 3197, 3218, 7109, 2286, 2664, 4043, 1541, 594, 6117, 1776, 1975, 0, 4539, 1678, 1636, 1065, 3550, 2822, 2106, 4748, 6392, 1414, 2710, 1643, 3261, 1737, 2548, 2643, 1241], [5135, 5234, 4788, 4080, 4716, 1659, 4000, 5066, 3162, 6999, 4748, 5855, 2379, 11167, 3626, 6458, 4485, 507, 3224, 5219, 7582, 4478, 4351, 4684, 4940, 8375, 3368, 3501, 3871, 7480, 5073, 645, 1810, 4980, 7100, 4302, 7833, 2762, 7260, 6587, 3177, 4802, 6583, 8482, 4606, 5131, 10626, 2901, 5317, 4539, 0, 5566, 5974, 5245, 5894, 4499, 5033, 9212, 9176, 4732, 7076, 3193, 7794, 3999, 6420, 6934, 5135], [479, 350, 1486, 1568, 941, 4056, 2974, 823, 2425, 1815, 898, 2129, 3215, 6011, 2858, 1717, 1085, 6064, 3334, 585, 2834, 1474, 7389, 1797, 1325, 2812, 2382, 2518, 1749, 4220, 1969, 5555, 4179, 4595, 3298, 2696, 2274, 3100, 1705, 1552, 8442, 1397, 1061, 4033, 1031, 1444, 5245, 3220, 633, 1678, 5566, 0, 775, 634, 2193, 4480, 1031, 3774, 4731, 858, 1629, 3194, 2952, 1675, 916, 1429, 479], [937, 1053, 1380, 2179, 1273, 4385, 3719, 910, 2818, 2147, 1576, 2847, 3698, 6088, 3568, 2271, 1640, 6459, 4022, 771, 3244, 2201, 7330, 1647, 2096, 2574, 2643, 3183, 2106, 3501, 2742, 6034, 4439, 4270, 2558, 2533, 1961, 3694, 1592, 2016, 8703, 2161, 1189, 3263, 1685, 1162, 4682, 3380, 1407, 1636, 5974, 775, 0, 734, 2908, 4234, 1802, 3243, 5113, 1484, 1109, 3275, 2198, 2294, 1136, 1011, 937], [342, 634, 857, 1504, 542, 3667, 3153, 212, 2087, 2436, 997, 2666, 2966, 6586, 2948, 2344, 957, 5732, 3372, 79, 3467, 1641, 6800, 1167, 1671, 3227, 1934, 2524, 1375, 3774, 2368, 5301, 3740, 3961, 2901, 2070, 2637, 2987, 2169, 2185, 8010, 1697, 1603, 3827, 1070, 823, 5413, 2714, 1100, 1065, 5245, 634, 734, 0, 2732, 3850, 1390, 3975, 5364, 865, 1832, 2647, 2834, 1620, 1484, 1704, 342], [2415, 2101, 3457, 2263, 2675, 4803, 2051, 2848, 3356, 1703, 1990, 68, 3654, 5340, 2308, 1010, 2328, 6391, 2792, 2659, 1759, 1696, 8789, 3748, 1279, 3553, 3627, 2406, 3020, 6403, 829, 5641, 5089, 6517, 5465, 4543, 3347, 3138, 2671, 1359, 9042, 1366, 2172, 6020, 2051, 3539, 6443, 4493, 1634, 3550, 5894, 2193, 2908, 2732, 0, 6308, 1447, 5016, 3303, 2142, 3277, 4620, 4877, 2264, 2065, 3016, 2415], [4061, 4368, 2995, 4145, 3683, 3193, 5622, 3660, 3308, 6280, 4324, 6242, 3821, 10314, 5187, 6159, 3981, 4758, 5257, 3897, 7312, 4688, 3319, 2684, 5038, 6672, 2858, 4679, 3336, 3474, 5659, 4991, 2834, 482, 3552, 1795, 6040, 4444, 5813, 6030, 5820, 4972, 5389, 4990, 4259, 3094, 7830, 2260, 4788, 2822, 4499, 4480, 4234, 3850, 6308, 0, 4867, 6728, 9208, 4179, 5106, 1958, 4827, 4190, 5298, 5138, 4061], [1050, 782, 2027, 995, 1235, 3695, 1968, 1460, 2104, 1968, 545, 1381, 2661, 6190, 1914, 1494, 893, 5539, 2418, 1313, 2694, 577, 7462, 2310, 296, 3482, 2276, 1675, 1631, 5159, 979, 4919, 3913, 5071, 4269, 3097, 3045, 2360, 2381, 1563, 8069, 374, 1694, 5063, 621, 2147, 6134, 3161, 421, 2106, 5033, 1031, 1802, 1390, 1447, 4867, 0, 4655, 4513, 695, 2577, 3245, 3980, 1051, 1527, 2345, 1050], [4131, 4122, 4485, 5338, 4513, 7605, 6592, 4147, 6060, 3348, 4670, 4984, 6933, 4593, 6568, 4012, 4830, 9694, 7067, 4008, 4016, 5196, 10035, 4667, 4903, 1577, 5860, 6278, 5348, 4133, 5329, 9273, 7624, 6569, 3415, 5393, 1675, 6872, 2366, 3658, 11848, 5018, 2993, 2514, 4803, 4169, 1480, 6520, 4248, 4748, 9212, 3774, 3243, 3975, 5016, 6728, 4655, 0, 5138, 4625, 2159, 6354, 1958, 5447, 3151, 2345, 4131], [5152, 4853, 6215, 5471, 5558, 8096, 5221, 5550, 6590, 2969, 5016, 3350, 6955, 2526, 5556, 3071, 5377, 9667, 5999, 5314, 1898, 4927, 11972, 6526, 4462, 3693, 6788, 5705, 6138, 8281, 4132, 8882, 8366, 9320, 7319, 7418, 4049, 6432, 3786, 3180, 12336, 4579, 3930, 7222, 5122, 6153, 6106, 7673, 4470, 6392, 9176, 4731, 5113, 5364, 3303, 9208, 4513, 5138, 0, 5133, 4700, 7746, 6161, 5496, 3980, 4517, 5152], [557, 511, 1352, 714, 555, 3268, 2289, 860, 1631, 2406, 160, 2075, 2368, 6664, 2095, 2069, 265, 5233, 2539, 793, 3272, 782, 6847, 1624, 915, 3646, 1691, 1701, 1029, 4599, 1608, 4703, 3431, 4377, 3751, 2403, 3125, 2248, 2530, 2046, 7664, 898, 1853, 4685, 207, 1512, 6093, 2572, 678, 1414, 4732, 858, 1484, 865, 2142, 4179, 695, 4625, 5133, 0, 2472, 2617, 3666, 825, 1691, 2283, 557], [1973, 1975, 2447, 3186, 2363, 5492, 4544, 2017, 3916, 1935, 2526, 3228, 4778, 5262, 4470, 2383, 2672, 7564, 4955, 1859, 2986, 3085, 8306, 2682, 2849, 1567, 3751, 4146, 3206, 3583, 3377, 7120, 5544, 5067, 2619, 3518, 935, 4719, 916, 2034, 9804, 2950, 1109, 2784, 2656, 2175, 3622, 4474, 2158, 2710, 7076, 1629, 1109, 1832, 3277, 5106, 2577, 2159, 4700, 2472, 0, 4351, 1634, 3296, 1215, 262, 1973], [2718, 2966, 1905, 2365, 2262, 1575, 3687, 2437, 1382, 4975, 2731, 4558, 1886, 9204, 3244, 4685, 2370, 3597, 3300, 2661, 5887, 2932, 4232, 1689, 3348, 5846, 998, 2745, 1615, 4306, 3889, 3515, 1395, 2344, 3913, 1113, 5235, 2489, 4813, 4645, 5497, 3255, 4237, 5318, 2628, 2194, 7681, 343, 3290, 1643, 3193, 3194, 3275, 2647, 4620, 1958, 3245, 6354, 7746, 2617, 4351, 0, 4728, 2382, 4104, 4284, 2718], [3111, 3250, 3021, 4336, 3345, 6141, 5916, 2934, 4760, 3554, 3769, 4825, 5692, 6253, 5760, 4013, 3789, 8247, 6200, 2895, 4565, 4399, 8145, 3111, 4271, 2574, 4447, 5354, 4077, 2278, 4878, 7960, 6083, 4637, 1467, 3673, 2114, 5803, 2478, 3666, 10189, 4347, 2731, 1151, 3871, 2674, 3022, 4951, 3569, 3261, 7794, 2952, 2198, 2834, 4877, 4827, 3980, 1958, 6161, 3666, 1634, 4728, 0, 4452, 2818, 1888, 3111], [1358, 1326, 1798, 118, 1138, 2648, 1657, 1544, 1098, 3013, 785, 2204, 1622, 7240, 1365, 2534, 665, 4504, 1756, 1558, 3721, 573, 6526, 1983, 1037, 4421, 1385, 906, 867, 5181, 1508, 3923, 2881, 4468, 4398, 2537, 3924, 1426, 3304, 2612, 7019, 918, 2615, 5434, 647, 2065, 6916, 2233, 1321, 1737, 3999, 1675, 2294, 1620, 2264, 4190, 1051, 5447, 5496, 825, 3296, 2382, 4452, 0, 2448, 3103, 1358], [1394, 1205, 2329, 2355, 1856, 4948, 3442, 1692, 3311, 1012, 1676, 2016, 4049, 5106, 3435, 1225, 1946, 6922, 3943, 1456, 2109, 2092, 8282, 2632, 1758, 1975, 3294, 3192, 2654, 4526, 2201, 6369, 5086, 5368, 3559, 3539, 1519, 3848, 861, 915, 9341, 1879, 169, 3965, 1818, 2206, 4627, 4135, 1146, 2548, 6420, 916, 1136, 1484, 2065, 5298, 1527, 3151, 3980, 1691, 1215, 4104, 2818, 2448, 0, 955, 1394], [1807, 1778, 2384, 2995, 2221, 5370, 4308, 1900, 3774, 1700, 2326, 2968, 4615, 5190, 4247, 2126, 2495, 7426, 4737, 1721, 2768, 2865, 8301, 2638, 2611, 1572, 3637, 3937, 3068, 3782, 3125, 6959, 5439, 5124, 2813, 3502, 952, 4528, 743, 1779, 9707, 2716, 849, 3039, 2459, 2139, 3818, 4389, 1928, 2643, 6934, 1429, 1011, 1704, 3016, 5138, 2345, 2345, 4517, 2283, 262, 4284, 1888, 3103, 955, 0, 1807], [1, 321, 1082, 1243, 464, 3600, 2835, 435, 1980, 2274, 672, 2348, 2809, 6487, 2651, 2100, 707, 5630, 3092, 264, 3259, 1316, 6920, 1391, 1331, 3261, 1908, 2250, 1288, 4115, 2027, 5153, 3711, 4202, 3239, 2268, 2701, 2763, 2165, 1981, 7978, 1357, 1536, 4133, 762, 1125, 5588, 2742, 784, 1241, 5135, 479, 937, 342, 2415, 4061, 1050, 4131, 5152, 557, 1973, 2718, 3111, 1358, 1394, 1807, 0]], 'ttd': [[0, 161, 542, 622, 232, 1801, 1418, 218, 990, 1137, 336, 1175, 1405, 3244, 1326, 1050, 354, 2815, 1547, 133, 1630, 659, 3461, 696, 666, 1631, 955, 1126, 644, 2058, 1014, 2577, 1856, 2101, 1620, 1135, 1351, 1382, 1083, 991, 3989, 679, 769, 2067, 382, 563, 2795, 1371, 392, 621, 2568, 240, 469, 171, 1208, 2031, 526, 2066, 2577, 279, 987, 1359, 1556, 680, 697, 904, 1], [161, 0, 700, 610, 357, 1873, 1334, 378, 1055, 1006, 277, 1018, 1438, 3126, 1265, 896, 375, 2867, 1499, 280, 1482, 576, 3593, 854, 537, 1571, 1052, 1088, 728, 2193, 879, 2607, 1943, 2259, 1745, 1288, 1308, 1376, 1015, 847, 4069, 562, 681, 2155, 342, 721, 2797, 1482, 234, 774, 2617, 175, 527, 318, 1051, 2185, 391, 2061, 2427, 256, 988, 1483, 1625, 664, 603, 889, 161], [542, 700, 0, 849, 400, 1574, 1727, 334, 880, 1646, 756, 1695, 1349, 3709, 1574, 1589, 630, 2627, 1741, 452, 2160, 1035, 2987, 157, 1133, 1976, 714, 1326, 566, 1695, 1479, 2470, 1571, 1561, 1326, 608, 1668, 1458, 1476, 1519, 3687, 1123, 1219, 1919, 753, 175, 2929, 1020, 925, 133, 2395, 744, 690, 429, 1729, 1498, 1014, 2243, 3108, 676, 1224, 953, 1511, 899, 1165, 1193, 542], [622, 610, 849, 0, 513, 1351, 879, 715, 561, 1474, 343, 1101, 852, 3592, 739, 1243, 275, 2293, 937, 721, 1841, 285, 3267, 945, 506, 2164, 685, 512, 406, 2538, 765, 2008, 1461, 2207, 2144, 1236, 1912, 768, 1605, 1276, 3542, 452, 1261, 2659, 272, 979, 3403, 1117, 619, 823, 2040, 784, 1090, 752, 1132, 2073, 498, 2670, 2736, 358, 1593, 1183, 2168, 59, 1178, 1498, 622], [232, 357, 400, 513, 0, 1579, 1375, 207, 778, 1359, 357, 1304, 1213, 3473, 1249, 1246, 252, 2604, 1446, 253, 1837, 648, 3238, 539, 734, 1855, 725, 1021, 425, 2045, 1081, 2382, 1628, 1929, 1637, 947, 1569, 1231, 1311, 1203, 3763, 725, 1000, 2151, 359, 489, 2977, 1140, 553, 440, 2358, 471, 637, 271, 1338, 1842, 618, 2257, 2780, 278, 1182, 1131, 1673, 570, 929, 1111, 232], [1801, 1873, 1574, 1351, 1579, 0, 1623, 1739, 820, 2820, 1659, 2377, 591, 4942, 1396, 2591, 1504, 1055, 1298, 1825, 3182, 1598, 2118, 1516, 1836, 3431, 873, 1229, 1157, 2940, 1991, 971, 210, 1827, 2728, 1334, 3147, 917, 2881, 2625, 2199, 1772, 2553, 3414, 1590, 1743, 4500, 631, 1955, 1447, 830, 2029, 2193, 1834, 2402, 1597, 1848, 3803, 4049, 1635, 2747, 788, 3071, 1325, 2475, 2685, 1801], [1418, 1334, 1727, 879, 1375, 1623, 0, 1565, 1158, 1780, 1083, 1016, 1043, 3692, 232, 1442, 1124, 2239, 391, 1541, 1905, 762, 3732, 1818, 850, 2655, 1389, 473, 1231, 3414, 675, 1833, 1808, 2980, 3010, 2056, 2474, 706, 2130, 1572, 3589, 798, 1801, 3483, 1043, 1854, 4034, 1718, 1195, 1695, 2000, 1487, 1860, 1577, 1026, 2812, 985, 3296, 2611, 1145, 2272, 1844, 2958, 829, 1721, 2154, 1418], [218, 378, 334, 715, 207, 1739, 1565, 0, 958, 1318, 505, 1391, 1407, 3398, 1448, 1258, 446, 2776, 1650, 121, 1827, 820, 3296, 489, 864, 1717, 870, 1225, 602, 1871, 1215, 2570, 1771, 1892, 1449, 937, 1419, 1436, 1190, 1186, 3905, 869, 907, 1946, 528, 347, 2788, 1254, 609, 431, 2534, 412, 455, 107, 1424, 1830, 731, 2074, 2775, 430, 1009, 1219, 1467, 773, 846, 950, 218], [990, 1055, 880, 561, 778, 820, 1158, 958, 0, 2009, 843, 1650, 471, 4136, 942, 1799, 685, 1827, 1009, 1030, 2399, 835, 2718, 884, 1065, 2618, 248, 687, 357, 2492, 1289, 1614, 908, 1826, 2177, 954, 2340, 639, 2065, 1819, 3018, 1008, 1735, 2797, 776, 1053, 3745, 586, 1140, 778, 1581, 1213, 1410, 1044, 1679, 1654, 1053, 3030, 3296, 816, 1959, 692, 2380, 550, 1656, 1887, 990], [1137, 1006, 1646, 1474, 1359, 2820, 1780, 1318, 2009, 0, 1167, 842, 2315, 2130, 1841, 352, 1335, 3753, 2100, 1198, 553, 1263, 4596, 1801, 1039, 926, 2046, 1788, 1716, 2728, 1106, 3433, 2915, 3184, 2243, 2253, 856, 2148, 552, 212, 5014, 1108, 488, 2349, 1234, 1600, 2376, 2482, 870, 1747, 3500, 908, 1074, 1218, 852, 3141, 984, 1674, 1485, 1204, 968, 2488, 1778, 1507, 507, 850, 1137], [336, 277, 756, 343, 357, 1659, 1083, 505, 843, 1167, 0, 962, 1188, 3296, 997, 980, 182, 2626, 1226, 462, 1583, 324, 3480, 892, 378, 1823, 893, 813, 564, 2374, 725, 2349, 1749, 2265, 1947, 1277, 1571, 1105, 1264, 981, 3856, 370, 921, 2402, 72, 835, 3071, 1336, 298, 786, 2375, 450, 789, 499, 996, 2162, 273, 2335, 2509, 81, 1263, 1366, 1885, 393, 838, 1163, 336], [1175, 1018, 1695, 1101, 1304, 2377, 1016, 1391, 1650, 842, 962, 0, 1803, 2684, 1139, 493, 1132, 3177, 1383, 1297, 891, 818, 4365, 1841, 608, 1765, 1783, 1182, 1479, 3171, 393, 2804, 2518, 3226, 2702, 2239, 1657, 1549, 1318, 664, 4500, 652, 1063, 2984, 993, 1737, 3208, 2217, 784, 1742, 2928, 1065, 1424, 1334, 34, 3122, 691, 2492, 1676, 1038, 1615, 2279, 2413, 1103, 1008, 1484, 1175], [1405, 1438, 1349, 852, 1213, 591, 1043, 1407, 471, 2315, 1188, 1803, 0, 4415, 813, 2057, 1066, 1442, 753, 1465, 2635, 1060, 2690, 1350, 1295, 3007, 677, 641, 811, 2939, 1414, 1173, 767, 2114, 2641, 1356, 2744, 345, 2449, 2111, 2715, 1227, 2107, 3266, 1117, 1522, 4190, 782, 1470, 1246, 1190, 1608, 1849, 1484, 1827, 1911, 1331, 3467, 3478, 1185, 2389, 944, 2847, 811, 2025, 2308, 1405], [3244, 3126, 3709, 3592, 3473, 4942, 3692, 3398, 4136, 2130, 3296, 2684, 4415, 0, 3822, 2359, 3464, 5836, 4066, 3281, 1798, 3357, 6693, 3855, 3121, 1879, 4173, 3837, 3844, 4265, 3064, 5481, 5043, 5157, 3829, 4306, 2179, 4207, 2252, 2319, 7127, 3189, 2493, 3537, 3362, 3623, 2480, 4607, 2999, 3824, 5584, 3006, 3045, 3293, 2670, 5158, 3096, 2297, 1264, 3333, 2631, 4602, 3127, 3620, 2554, 2596, 3244], [1326, 1265, 1574, 739, 1249, 1396, 232, 1448, 942, 1841, 997, 1139, 813, 3822, 0, 1519, 1003, 2057, 260, 1441, 2026, 694, 3502, 1653, 842, 2681, 1179, 264, 1051, 3268, 763, 1669, 1579, 2767, 2881, 1861, 2477, 481, 2140, 1630, 3399, 779, 1800, 3388, 945, 1714, 4024, 1492, 1162, 1530, 1813, 1430, 1785, 1475, 1155, 2594, 958, 3285, 2779, 1048, 2235, 1622, 2880, 683, 1718, 2124, 1326], [1050, 896, 1589, 1243, 1246, 2591, 1442, 1258, 1799, 352, 980, 493, 2057, 2359, 1519, 0, 1160, 3482, 1776, 1143, 604, 999, 4458, 1744, 763, 1274, 1872, 1492, 1544, 2869, 768, 3143, 2703, 3149, 2387, 2183, 1175, 1860, 844, 182, 4769, 830, 643, 2582, 1038, 1580, 2718, 2315, 700, 1669, 3229, 859, 1136, 1173, 505, 3080, 747, 2006, 1536, 1035, 1192, 2343, 2007, 1267, 613, 1064, 1050], [354, 375, 630, 275, 252, 1504, 1124, 446, 685, 1335, 182, 1132, 1066, 3464, 1003, 1160, 0, 2493, 1209, 448, 1762, 405, 3300, 752, 532, 1946, 716, 785, 386, 2296, 864, 2236, 1584, 2100, 1888, 1113, 1680, 1029, 1389, 1154, 3702, 508, 1053, 2388, 140, 737, 3146, 1158, 469, 638, 2243, 543, 820, 479, 1164, 1991, 447, 2415, 2689, 133, 1336, 1186, 1895, 333, 973, 1248, 354], [2815, 2867, 2627, 2293, 2604, 1055, 2239, 2776, 1827, 3753, 2626, 3177, 1442, 5836, 2057, 3482, 2493, 0, 1849, 2855, 4043, 2492, 2121, 2569, 2723, 4438, 1921, 2002, 2181, 3926, 2786, 458, 1102, 2620, 3755, 2355, 4165, 1632, 3881, 3547, 1356, 2654, 3543, 4454, 2555, 2797, 5551, 1662, 2911, 2501, 254, 3032, 3230, 2867, 3196, 2380, 2770, 4847, 4834, 2617, 3782, 1799, 4124, 2253, 3462, 3714, 2815], [1547, 1499, 1741, 937, 1446, 1298, 391, 1650, 1009, 2100, 1226, 1383, 753, 4066, 260, 1776, 1209, 1849, 0, 1654, 2272, 937, 3415, 1802, 1098, 2938, 1255, 426, 1191, 3430, 1015, 1443, 1496, 2817, 3061, 1958, 2731, 413, 2396, 1889, 3201, 1034, 2055, 3595, 1169, 1891, 4273, 1504, 1411, 1681, 1613, 1667, 2011, 1687, 1397, 2629, 1209, 3534, 3000, 1270, 2478, 1651, 3101, 879, 1972, 2369, 1547], [133, 280, 452, 721, 253, 1825, 1541, 121, 1030, 1198, 462, 1297, 1465, 3281, 1441, 1143, 448, 2855, 1654, 0, 1709, 784, 3414, 607, 797, 1616, 963, 1231, 675, 1926, 1146, 2634, 1866, 2008, 1489, 1057, 1324, 1468, 1082, 1068, 4002, 810, 791, 1948, 500, 445, 2726, 1359, 514, 550, 2610, 293, 386, 40, 1330, 1949, 657, 2004, 2657, 397, 930, 1331, 1448, 780, 728, 861, 133], [1630, 1482, 2160, 1841, 1837, 3182, 1905, 1827, 2399, 553, 1583, 891, 2635, 1798, 2026, 604, 1762, 4043, 2272, 1709, 0, 1585, 5060, 2315, 1347, 1221, 2476, 2042, 2146, 3272, 1266, 3684, 3301, 3712, 2787, 2762, 1276, 2412, 1046, 642, 5348, 1412, 1040, 2845, 1641, 2130, 2645, 2918, 1300, 2249, 3792, 1417, 1622, 1734, 880, 3656, 1347, 2009, 950, 1637, 1493, 2944, 2283, 1861, 1055, 1384, 1630], [659, 576, 1035, 285, 648, 1598, 762, 820, 835, 1263, 324, 818, 1060, 3357, 694, 999, 405, 2492, 937, 784, 1585, 0, 3548, 1154, 239, 2028, 969, 551, 678, 2688, 487, 2175, 1723, 2470, 2266, 1489, 1803, 893, 1475, 1056, 3772, 175, 1130, 2722, 293, 1136, 3337, 1400, 477, 1038, 2239, 737, 1101, 821, 849, 2344, 289, 2598, 2464, 391, 1543, 1467, 2200, 287, 1047, 1433, 659], [3461, 3593, 2987, 3267, 3238, 2118, 3732, 3296, 2718, 4596, 3480, 4365, 2690, 6693, 3502, 4458, 3300, 2121, 3415, 3414, 5060, 3548, 0, 2844, 3770, 4933, 2594, 3307, 2918, 3317, 4006, 2498, 1925, 1782, 3425, 2401, 4618, 3029, 4459, 4437, 1764, 3718, 4201, 4132, 3426, 3086, 5574, 2153, 3761, 2870, 21