{'nodes': [(0, 0.5, 7.5, 0, 48000, 0, False), (1, 1.0, 1.5, 27029, 31882, 40, True), (2, 7.0, 6.5, 22048, 28086, 30, True), (3, 15.0, 9.5, 14725, 20500, 40, True), (4, 7.5, 9.5, 19556, 24804, 30, True), (5, 14.5, 14.0, 24893, 33764, 20, True), (6, 10.0, 0.5, 3811, 11495, 20, True), (7, 4.5, 0.5, 25712, 32741, 20, True), (8, 7.0, 2.5, 382, 7682, 10, True), (9, 10.5, 1.5, 1732, 5519, 40, True), (10, 4.5, 3.5, 4758, 12633, 40, True), (11, 11.5, 14.0, 15317, 20051, 50, True), (12, 0, 6.0, 16874, 22457, 50, True), (13, 14.5, 14.0, 21265, 29724, 20, True), (14, 2.0, 5.5, 5707, 9099, 50, True), (15, 0, 11.0, 36981, 39790, 40, True), (16, 12.0, 11.5, 23157, 27046, 20, True), (17, 10.0, 10.5, 35176, 44755, 40, True), (18, 13.0, 0.5, 22620, 28561, 30, False), (19, 2.5, 6.5, 7677, 15204, 50, True), (20, 12.5, 14.5, 39666, 44667, 10, True), (21, 9.5, 13.5, 26207, 28680, 40, True), (22, 5.5, 3.5, 13997, 20636, 10, True), (23, 2.0, 9.5, 24536, 32330, 10, True), (24, 13.5, 2.5, 22704, 28232, 50, True), (25, 3.5, 11.5, 29899, 37262, 40, True), (26, 1.0, 6.0, 5342, 9702, 10, True), (27, 4.0, 13.5, 38200, 45511, 50, True), (28, 7.5, 2.0, 22447, 30054, 20, False), (29, 8.0, 8.5, 21010, 25325, 10, True), (30, 11.0, 10.0, 2959, 7908, 40, True), (31, 4.5, 8.5, 7823, 13278, 10, True), (32, 11.0, 6.0, 34049, 36469, 10, True), (33, 4.5, 15.0, 18328, 24784, 40, True), (34, 6.0, 12.0, 24802, 30018, 20, True), (35, 14.0, 0, 25818, 31319, 20, False), (36, 8.0, 7.0, 16039, 21430, 40, True), (37, 3.5, 5.0, 413, 2657, 10, True), (38, 7.5, 12.5, 1125, 5278, 30, False), (39, 4.5, 9.0, 38872, 42674, 50, True), (40, 11.0, 6.0, 23467, 31373, 50, True), (41, 12.5, 11.5, 35126, 40848, 30, False), (42, 0.5, 10.0, 32918, 37064, 10, True), (43, 12.0, 4.0, 26648, 33470, 10, True), (44, 8.0, 10.5, 15239, 19302, 20, True), (45, 7.0, 1.5, 30721, 36257, 20, True), (46, 9.5, 4.5, 22907, 27994, 30, True), (47, 10.5, 3.5, 24643, 27582, 50, True), (48, 0.5, 14.0, 19154, 21606, 40, True), (49, 9.5, 8.5, 29769, 34750, 10, True), (50, 11.0, 10.0, 37395, 43366, 30, True), (51, 8.0, 12.5, 37948, 45330, 50, True), (52, 12.0, 4.5, 39781, 43573, 10, True), (53, 15.0, 11.0, 4482, 9501, 20, True), (54, 2.5, 2.0, 23048, 29022, 40, True), (55, 12.0, 0, 16001, 21419, 40, True), (56, 15.0, 8.0, 10385, 14930, 30, True), (57, 2.0, 15.0, 22496, 30477, 10, True), (58, 10.5, 5.5, 1080, 7844, 50, True), (59, 13.0, 12.5, 1743, 10488, 10, True), (60, 15.0, 9.5, 28516, 36386, 30, True), (61, 9.5, 10.5, 33776, 41672, 10, True), (62, 5.5, 9.5, 23614, 30350, 20, True), (63, 13.5, 13.0, 33623, 36142, 10, False), (64, 3.0, 7.5, 39882, 47231, 10, True), (65, 13.5, 1.5, 6199, 13914, 50, True), (66, 0.5, 7.5, 0, 48000, 0, False)], 'F': 20.0, 'ct': 0.083, 'cd': 0.021, 'truck_cap': 100, 'drone_cap': 20, 'truck_speed': 40, 'drone_speed': 40, 'a': 1, 'b': 2, 'max_flight_time': 3000, 'ttt': [[0, 1807, 1974, 4392, 2185, 4632, 3541, 2420, 2461, 3500, 1698, 3834, 475, 4632, 751, 1062, 3654, 2990, 4299, 672, 4169, 3246, 1922, 751, 4180, 1501, 475, 2085, 2672, 2271, 3239, 1238, 3183, 2551, 2133, 4634, 2256, 1173, 2582, 1283, 3183, 3796, 751, 3607, 2424, 2655, 2847, 3232, 1951, 2718, 3239, 2705, 3566, 4476, 1757, 4120, 4354, 2296, 3060, 4040, 4392, 2847, 1617, 4236, 751, 4296, 1], [1807, 0, 2344, 4838, 3093, 5521, 2718, 1093, 1826, 2851, 1210, 4898, 1384, 5521, 1238, 2867, 4461, 3819, 3613, 1567, 5208, 4413, 1478, 2420, 3763, 3093, 1351, 3712, 1957, 2971, 3938, 2349, 3291, 4185, 3490, 3927, 2672, 1291, 3834, 2484, 3291, 4573, 2555, 3385, 3422, 1801, 2705, 2913, 3754, 3304, 3938, 3913, 3422, 5077, 475, 3332, 4632, 4062, 3093, 4885, 4838, 3715, 2755, 5097, 1898, 3751, 1807], [1974, 2344, 0, 2564, 913, 3183, 2013, 1951, 1201, 1832, 1173, 2625, 2106, 3183, 1531, 2497, 2122, 1501, 2547, 1351, 2913, 2231, 1007, 1750, 2291, 1832, 1807, 2286, 1359, 672, 1596, 961, 1210, 2659, 1678, 2867, 336, 1143, 1807, 1062, 1210, 2231, 2216, 1678, 1238, 1501, 961, 1384, 2978, 961, 1596, 1826, 1617, 2755, 1910, 2461, 2443, 2959, 1093, 2547, 2564, 1416, 1007, 2759, 1238, 2461, 1974], [4392, 4838, 2564, 0, 2251, 1359, 3090, 4150, 3190, 2755, 3629, 1711, 4622, 1359, 4081, 4523, 1083, 1531, 2767, 3857, 1678, 2041, 3372, 3901, 2149, 3503, 4330, 3512, 3183, 2122, 1210, 3165, 1596, 3557, 2803, 2867, 2231, 3706, 2424, 3155, 1596, 961, 4354, 1880, 2122, 3395, 2231, 2251, 4556, 1678, 1210, 2286, 1750, 451, 4374, 2990, 451, 4236, 1807, 1083, 1, 1678, 2851, 1143, 3651, 2443, 4392], [2185, 3093, 913, 2251, 0, 2497, 2803, 2847, 2106, 2564, 2013, 1807, 2484, 2497, 2041, 2296, 1478, 809, 3165, 1750, 2122, 1343, 1898, 1651, 2767, 1343, 2216, 1596, 2251, 336, 1062, 950, 1486, 1880, 876, 3454, 766, 1807, 901, 913, 1486, 1617, 2106, 2133, 336, 2406, 1617, 2013, 2497, 672, 1062, 913, 2019, 2296, 2705, 3155, 2296, 2334, 1501, 1880, 2251, 672, 601, 2085, 1478, 3001, 2185], [4632, 5521, 3183, 1359, 2497, 0, 4270, 5041, 4120, 3938, 4351, 901, 4969, 1, 4536, 4443, 1062, 1711, 4076, 4246, 619, 1508, 4150, 3987, 3464, 3385, 4709, 3155, 4169, 2555, 1596, 3425, 2621, 3016, 2621, 4204, 2867, 4265, 2149, 3355, 2621, 961, 4369, 3093, 2216, 4374, 3222, 3372, 4201, 2231, 1596, 2002, 2948, 913, 5092, 4267, 1807, 3763, 2819, 637, 1359, 1832, 3020, 425, 3964, 3763, 4632], [3541, 2718, 2013, 3090, 2803, 4270, 0, 1651, 1083, 336, 1880, 4076, 3425, 4270, 2831, 4351, 3355, 3001, 901, 2882, 4267, 3904, 1623, 3613, 1210, 3834, 3165, 4296, 876, 2475, 2867, 2913, 1678, 4653, 3654, 1210, 2041, 2373, 3678, 3038, 1678, 3385, 4032, 1210, 3060, 950, 1210, 913, 4953, 2406, 2867, 3651, 1343, 3490, 2296, 619, 2705, 4969, 1508, 3712, 3090, 3005, 3020, 3895, 2971, 1093, 3541], [2420, 1093, 1951, 4150, 2847, 5041, 1651, 0, 961, 1826, 901, 4563, 2133, 5041, 1678, 3428, 3995, 3425, 2551, 1898, 4838, 4180, 950, 2803, 2767, 3315, 1957, 3904, 1007, 2621, 3454, 2401, 2555, 4351, 3480, 2855, 2216, 1384, 3712, 2551, 2555, 4081, 3093, 2484, 3179, 809, 1922, 2013, 4225, 2831, 3454, 3751, 2551, 4456, 751, 2256, 3872, 4415, 2344, 4413, 4150, 3355, 2718, 4622, 2149, 2718, 2420], [2461, 1826, 1201, 3190, 2106, 4120, 1083, 961, 0, 1093, 809, 3706, 2349, 4120, 1750, 3304, 3090, 2564, 1898, 1807, 3961, 3385, 542, 2582, 1951, 2898, 2085, 3422, 213, 1826, 2551, 1951, 1596, 3825, 2867, 2231, 1384, 1291, 3005, 2090, 1596, 3165, 2978, 1567, 2420, 301, 961, 1093, 3964, 1951, 2551, 3016, 1617, 3503, 1359, 1678, 2913, 4040, 1384, 3500, 3190, 2515, 2149, 3706, 1922, 1974, 2461], [3500, 2851, 1832, 2755, 2564, 3938, 336, 1826, 1093, 0, 1898, 3763, 3428, 3938, 2819, 4249, 3035, 2705, 809, 2831, 3947, 3613, 1617, 3503, 950, 3663, 3155, 4095, 913, 2231, 2555, 2767, 1359, 4433, 3428, 1143, 1813, 2349, 3422, 2882, 1359, 3060, 3938, 876, 2803, 1051, 950, 601, 4803, 2122, 2555, 3385, 1007, 3155, 2406, 637, 2373, 4787, 1201, 3385, 2755, 2718, 2831, 3566, 2882, 901, 3500], [1698, 1210, 1173, 3629, 2013, 4351, 1880, 901, 809, 1898, 0, 3787, 1545, 4351, 961, 2625, 3291, 2672, 2705, 1083, 4081, 3355, 301, 1951, 2718, 2420, 1291, 3005, 1007, 1832, 2759, 1501, 2090, 3451, 2590, 3038, 1486, 542, 2847, 1651, 2090, 3395, 2291, 2256, 2349, 961, 1531, 1801, 3372, 2122, 2759, 2898, 2271, 3872, 751, 2484, 3428, 3532, 1898, 3715, 3629, 2582, 1826, 3927, 1283, 2767, 1698], [3834, 4898, 2625, 1711, 1807, 901, 4076, 4563, 3706, 3763, 3787, 0, 4204, 901, 3825, 3566, 766, 1143, 4076, 3516, 336, 619, 3629, 3155, 3503, 2515, 3961, 2256, 3796, 1957, 1210, 2672, 2406, 2122, 1757, 4267, 2349, 3613, 1283, 2582, 2406, 809, 3512, 3005, 1486, 3987, 2913, 3165, 3301, 1757, 1210, 1143, 2855, 1384, 4501, 4204, 2085, 2867, 2569, 637, 1711, 1210, 2251, 672, 3211, 3799, 3834], [475, 1384, 2106, 4622, 2484, 4969, 3425, 2133, 2349, 3428, 1545, 4204, 0, 4969, 619, 1501, 3961, 3291, 4236, 766, 4536, 3632, 1813, 1210, 4185, 1957, 301, 2551, 2551, 2515, 3512, 1545, 3301, 3020, 2547, 4570, 2420, 1093, 2978, 1623, 3301, 4098, 1210, 3651, 2755, 2497, 2886, 3239, 2406, 2948, 3512, 3093, 3629, 4744, 1416, 4026, 4541, 2767, 3155, 4361, 4622, 3155, 1957, 4563, 1007, 4270, 475], [4632, 5521, 3183, 1359, 2497, 1, 4270, 5041, 4120, 3938, 4351, 901, 4969, 0, 4536, 4443, 1062, 1711, 4076, 4246, 619, 1508, 4150, 3987, 3464, 3385, 4709, 3155, 4169, 2555, 1596, 3425, 2621, 3016, 2621, 4204, 2867, 4265, 2149, 3355, 2621, 961, 4369, 3093, 2216, 4374, 3222, 3372, 4201, 2231, 1596, 2002, 2948, 913, 5092, 4267, 1807, 3763, 2819, 637, 1359, 1832, 3020, 425, 3964, 3763, 4632], [751, 1238, 1531, 4081, 2041, 4536, 2831, 1678, 1750, 2819, 961, 3825, 619, 4536, 0, 1757, 3500, 2831, 3626, 336, 4150, 3291, 1210, 1201, 3566, 1856, 336, 2475, 1957, 2013, 3020, 1173, 2705, 2948, 2291, 3961, 1856, 475, 2672, 1291, 2705, 3629, 1424, 3035, 2344, 1922, 2271, 2621, 2590, 2424, 3020, 2767, 3016, 4236, 1062, 3425, 3972, 2851, 2551, 3913, 4081, 2705, 1596, 4120, 672, 3654, 751], [1062, 2867, 2497, 4523, 2296, 4443, 4351, 3428, 3304, 4249, 2625, 3566, 1501, 4443, 1757, 0, 3604, 3005, 5014, 1545, 3895, 2948, 2791, 751, 4787, 1062, 1531, 1416, 3516, 2515, 3315, 1545, 3626, 1807, 1826, 5342, 2684, 2085, 2296, 1478, 3626, 3754, 336, 4169, 2406, 3541, 3454, 3872, 913, 2948, 3315, 2443, 4095, 4501, 2803, 4885, 4590, 1343, 3557, 3927, 4523, 2855, 1711, 4095, 1384, 4953, 1062], [3654, 4461, 2122, 1083, 1478, 1062, 3355, 3995, 3090, 3035, 3291, 766, 3961, 1062, 3500, 3604, 0, 672, 3315, 3222, 913, 961, 3093, 3060, 2738, 2551, 3691, 2475, 3155, 1501, 542, 2424, 1678, 2484, 1807, 3503, 1807, 3211, 1384, 2373, 1678, 151, 3480, 2251, 1238, 3355, 2231, 2443, 3532, 1173, 542, 1238, 2101, 913, 4032, 3451, 1384, 3179, 1856, 425, 1083, 809, 2041, 637, 2956, 3035, 3654], [2990, 3819, 1501, 1531, 809, 1711, 3001, 3425, 2564, 2705, 2672, 1143, 3291, 1711, 2831, 3005, 672, 0, 3133, 2551, 1416, 913, 2497, 2420, 2621, 1974, 3020, 2013, 2659, 850, 336, 1757, 1384, 2133, 1283, 3372, 1210, 2555, 961, 1711, 1384, 809, 2855, 2041, 601, 2847, 1807, 2106, 3038, 619, 336, 850, 1898, 1508, 3402, 3208, 1678, 2755, 1508, 1083, 1531, 151, 1384, 1291, 2286, 2898, 2990], [4299, 3613, 2547, 2767, 3165, 4076, 901, 2551, 1898, 809, 2705, 4076, 4236, 4076, 3626, 5014, 3315, 3133, 0, 3629, 4204, 4040, 2424, 4265, 619, 4361, 3961, 4744, 1711, 2831, 2913, 3503, 1757, 5043, 4040, 336, 2461, 3155, 3961, 3607, 1757, 3304, 4711, 1093, 3355, 1826, 1596, 1173, 5521, 2621, 2913, 3901, 1238, 3208, 3183, 336, 2330, 5461, 1678, 3601, 2767, 3179, 3516, 3754, 3663, 336, 4299], [672, 1567, 1351, 3857, 1750, 4246, 2882, 1898, 1807, 2831, 1083, 3516, 766, 4246, 336, 1545, 3222, 2551, 3629, 0, 3843, 2971, 1274, 913, 3512, 1531, 475, 2149, 2019, 1757, 2759, 850, 2555, 2621, 1957, 3964, 1658, 542, 2344, 961, 2555, 3355, 1210, 2948, 2041, 2019, 2185, 2564, 2330, 2185, 2759, 2443, 2913, 3987, 1351, 3454, 3778, 2555, 2420, 3629, 3857, 2420, 1274, 3834, 336, 3626, 672], [4169, 5208, 2913, 1678, 2122, 619, 4267, 4838, 3961, 3947, 4081, 336, 4536, 619, 4150, 3895, 913, 1416, 4204, 3843, 0, 950, 3913, 3490, 3613, 2847, 4291, 2569, 4040, 2251, 1424, 3001, 2590, 2406, 2090, 4374, 2625, 3927, 1617, 2913, 2590, 901, 3846, 3155, 1807, 4236, 3133, 3355, 3604, 2013, 1424, 1478, 3005, 1291, 4803, 4354, 2090, 3155, 2767, 619, 1678, 1501, 2582, 542, 3541, 3913, 4169], [3246, 4413, 2231, 2041, 1343, 1508, 3904, 4180, 3385, 3613, 3355, 619, 3632, 1508, 3291, 2948, 961, 913, 4040, 2971, 950, 0, 3232, 2551, 3512, 1898, 3402, 1651, 3503, 1567, 1143, 2122, 2296, 1567, 1143, 4270, 2002, 3122, 672, 2019, 2296, 1083, 2898, 2948, 1007, 3678, 2701, 3016, 2705, 1501, 1143, 542, 2803, 1813, 4040, 4120, 2334, 2296, 2420, 1093, 2041, 901, 1698, 1210, 2655, 3796, 3246], [1922, 1478, 1007, 3372, 1898, 4150, 1623, 950, 542, 1617, 301, 3629, 1813, 4150, 1210, 2791, 3093, 2497, 2424, 1274, 3913, 3232, 0, 2085, 2420, 2475, 1545, 3035, 751, 1678, 2555, 1531, 1813, 3464, 2555, 2759, 1291, 751, 2767, 1678, 1813, 3190, 2461, 1957, 2231, 751, 1238, 1501, 3490, 1922, 2555, 2803, 1974, 3632, 1007, 2216, 3155, 3607, 1617, 3516, 3372, 2420, 1801, 3727, 1416, 2475, 1922], [751, 2420, 1750, 3901, 1651, 3987, 3613, 2803, 2582, 3503, 1951, 3155, 1210, 3987, 1201, 751, 3060, 2420, 4265, 913, 3490, 2551, 2085, 0, 4040, 751, 1093, 1343, 2791, 1826, 2705, 809, 2898, 1813, 1416, 4593, 1951, 1424, 1880, 766, 2898, 3208, 475, 3425, 1826, 2831, 2705, 3122, 1424, 2271, 2705, 2013, 3355, 3927, 2256, 4139, 3927, 1651, 2819, 3422, 3901, 2271, 1051, 3607, 672, 4204, 751], [4180, 3763, 2291, 2149, 2767, 3464, 1210, 2767, 1951, 950, 2718, 3503, 4185, 3464, 3566, 4787, 2738, 2621, 619, 3512, 3613, 3512, 2420, 4040, 0, 4037, 3895, 4361, 1807, 2443, 2373, 3246, 1291, 4622, 3632, 766, 2133, 3093, 3500, 3332, 1291, 2718, 4503, 637, 2913, 1974, 1343, 950, 5208, 2164, 2373, 3425, 751, 2590, 3304, 876, 1711, 5097, 1274, 3005, 2149, 2684, 3190, 3151, 3490, 301, 4180], [1501, 3093, 1832, 3503, 1343, 3385, 3834, 3315, 2898, 3663, 2420, 2515, 1957, 3385, 1856, 1062, 2551, 1974, 4361, 1531, 2847, 1898, 2475, 751, 4037, 0, 1813, 619, 3093, 1623, 2296, 950, 2791, 1093, 766, 4673, 1910, 1951, 1238, 809, 2791, 2701, 1007, 3402, 1384, 3179, 2767, 3190, 1173, 2013, 2296, 1384, 3304, 3454, 2867, 4291, 3607, 1143, 2767, 2867, 3503, 1826, 850, 3035, 1210, 4244, 1501], [475, 1351, 1807, 4330, 2216, 4709, 3165, 1957, 2085, 3155, 1291, 3961, 301, 4709, 336, 1531, 3691, 3020, 3961, 475, 4291, 3402, 1545, 1093, 3895, 1813, 0, 2424, 2291, 2231, 3232, 1291, 3001, 2898, 2344, 4296, 2122, 809, 2759, 1384, 3001, 3825, 1210, 3355, 2497, 2251, 2590, 2948, 2406, 2659, 3232, 2867, 3332, 4461, 1283, 3760, 4244, 2718, 2855, 4095, 4330, 2886, 1711, 4299, 751, 3987, 475], [2085, 3712, 2286, 3512, 1596, 3155, 4296, 3904, 3422, 4095, 3005, 2256, 2551, 3155, 2475, 1416, 2475, 2013, 4744, 2149, 2569, 1651, 3035, 1343, 4361, 619, 2424, 0, 3607, 1922, 2349, 1508, 3079, 475, 751, 5041, 2291, 2555, 1093, 1359, 3079, 2621, 1486, 3727, 1501, 3712, 3165, 3579, 1062, 2231, 2349, 1238, 3613, 3385, 3480, 4709, 3691, 751, 3093, 2718, 3512, 1880, 1283, 2855, 1826, 4593, 2085], [2672, 1957, 1359, 3183, 2251, 4169, 876, 1007, 213, 913, 1007, 3796, 2551, 4169, 1957, 3516, 3155, 2659, 1711, 2019, 4040, 3503, 751, 2791, 1807, 3093, 2291, 3607, 0, 1957, 2621, 2149, 1596, 4003, 3035, 2041, 1508, 1501, 3151, 2286, 1596, 3222, 3190, 1478, 2555, 213, 961, 1007, 4169, 2041, 2621, 3155, 1545, 3516, 1501, 1478, 2882, 4236, 1384, 3557, 3183, 2621, 2330, 3760, 2133, 1807, 2672], [2271, 2971, 672, 2122, 336, 2555, 2475, 2621, 1826, 2231, 1832, 1957, 2515, 2555, 2013, 2515, 1501, 850, 2831, 1757, 2251, 1567, 1678, 1826, 2443, 1623, 2231, 1922, 1957, 0, 1007, 1051, 1173, 2216, 1210, 3122, 451, 1711, 1210, 1062, 1173, 1623, 2296, 1807, 601, 2122, 1283, 1678, 2791, 451, 1007, 1201, 1698, 2231, 2555, 2819, 2106, 2655, 1173, 1922, 2122, 751, 809, 2133, 1531, 2672, 2271], [3239, 3938, 1596, 1210, 1062, 1596, 2867, 3454, 2551, 2555, 2759, 1210, 3512, 1596, 3020, 3315, 542, 336, 2913, 2759, 1424, 1143, 2555, 2705, 2373, 2296, 3232, 2349, 2621, 1007, 0, 2002, 1201, 2461, 1617, 3133, 1274, 2705, 1291, 1974, 1201, 637, 3151, 1826, 913, 2819, 1711, 1957, 3372, 637, 1, 1173, 1678, 1238, 3503, 3016, 1343, 3090, 1359, 961, 1210, 475, 1658, 1173, 2515, 2659, 3239], [1238, 2349, 961, 3165, 950, 3425, 2913, 2401, 1951, 2767, 1501, 2672, 1545, 3425, 1173, 1545, 2424, 1757, 3503, 850, 3001, 2122, 1531, 809, 3246, 950, 1291, 1508, 2149, 1051, 2002, 0, 2090, 1951, 1143, 3825, 1143, 1093, 1501, 151, 2090, 2564, 1283, 2625, 1210, 2231, 1922, 2344, 2041, 1501, 2002, 1596, 2551, 3239, 2041, 3402, 3155, 2090, 2013, 2819, 3165, 1617, 425, 3020, 542, 3422, 1238], [3183, 3291, 1210, 1596, 1486, 2621, 1678, 2555, 1596, 1359, 2090, 2406, 3301, 2621, 2705, 3626, 1678, 1384, 1757, 2555, 2590, 2296, 1813, 2898, 1291, 2791, 3001, 3079, 1596, 1173, 1201, 2090, 0, 3332, 2344, 2013, 950, 2271, 2216, 2149, 1, 1711, 3372, 672, 1623, 1807, 637, 766, 3961, 876, 1201, 2149, 542, 1922, 2819, 1826, 1343, 3819, 213, 2041, 1596, 1424, 1957, 2231, 2443, 1545, 3183], [2551, 4185, 2659, 3557, 1880, 3016, 4653, 4351, 3825, 4433, 3451, 2122, 3020, 3016, 2948, 1807, 2484, 2133, 5043, 2621, 2406, 1567, 3464, 1813, 4622, 1093, 2898, 475, 4003, 2216, 2461, 1951, 3332, 0, 1007, 5328, 2621, 3016, 1173, 1801, 3332, 2621, 1922, 3995, 1711, 4120, 3490, 3892, 1238, 2461, 2461, 1291, 3872, 3372, 3947, 5032, 3787, 751, 3372, 2659, 3557, 2019, 1678, 2767, 2296, 4868, 2551], [2133, 3490, 1678, 2803, 876, 2621, 3654, 3480, 2867, 3428, 2590, 1757, 2547, 2621, 2291, 1826, 1807, 1283, 4040, 1957, 2090, 1143, 2555, 1416, 3632, 766, 2344, 751, 3035, 1210, 1617, 1143, 2344, 1007, 0, 4328, 1617, 2231, 475, 1007, 2344, 1957, 1757, 3001, 751, 3165, 2484, 2886, 1757, 1486, 1617, 619, 2882, 2718, 3179, 4026, 2956, 1501, 2373, 2106, 2803, 1143, 766, 2271, 1623, 3872, 2133], [4634, 3927, 2867, 2867, 3454, 4204, 1210, 2855, 2231, 1143, 3038, 4267, 4570, 4204, 3961, 5342, 3503, 3372, 336, 3964, 4374, 4270, 2759, 4593, 766, 4673, 4296, 5041, 2041, 3122, 3133, 3825, 2013, 5328, 4328, 0, 2767, 3490, 4228, 3927, 2013, 3480, 5041, 1343, 3629, 2149, 1910, 1486, 5836, 2886, 3133, 4161, 1478, 3315, 3503, 601, 2420, 5764, 1957, 3763, 2867, 3428, 3825, 3904, 3995, 475, 4634], [2256, 2672, 336, 2231, 766, 2867, 2041, 2216, 1384, 1813, 1486, 2349, 2420, 2867, 1856, 2684, 1807, 1210, 2461, 1658, 2625, 2002, 1291, 1951, 2133, 1910, 2122, 2291, 1508, 451, 1274, 1143, 950, 2621, 1617, 2767, 0, 1478, 1658, 1210, 950, 1910, 2424, 1501, 1051, 1678, 876, 1291, 3079, 637, 1274, 1651, 1416, 2420, 2231, 2420, 2122, 3001, 876, 2231, 2231, 1143, 1062, 2443, 1508, 2334, 2256], [1173, 1291, 1143, 3706, 1807, 4265, 2373, 1384, 1291, 2349, 542, 3613, 1093, 4265, 475, 2085, 3211, 2555, 3155, 542, 3927, 3122, 751, 1424, 3093, 1951, 809, 2555, 1501, 1711, 2705, 1093, 2271, 3016, 2231, 3490, 1478, 0, 2551, 1238, 2271, 3332, 1750, 2569, 2133, 1486, 1807, 2149, 2847, 2085, 2705, 2625, 2555, 3892, 950, 2959, 3566, 3035, 2106, 3632, 3706, 2443, 1478, 3843, 766, 3179, 1173], [2582, 3834, 1807, 2424, 901, 2149, 3678, 3712, 3005, 3422, 2847, 1283, 2978, 2149, 2672, 2296, 1384, 961, 3961, 2344, 1617, 672, 2767, 1880, 3500, 1238, 2759, 1093, 3151, 1210, 1291, 1501, 2216, 1173, 475, 4228, 1658, 2551, 0, 1384, 2216, 1531, 2231, 2886, 619, 3304, 2475, 2847, 2149, 1343, 1291, 151, 2755, 2296, 3490, 3987, 2625, 1813, 2286, 1651, 2424, 850, 1083, 1807, 2019, 3760, 2582], [1283, 2484, 1062, 3155, 913, 3355, 3038, 2551, 2090, 2882, 1651, 2582, 1623, 3355, 1291, 1478, 2373, 1711, 3607, 961, 2913, 2019, 1678, 766, 3332, 809, 1384, 1359, 2286, 1062, 1974, 151, 2149, 1801, 1007, 3927, 1210, 1238, 1384, 0, 2149, 2515, 1238, 2705, 1143, 2373, 2019, 2443, 1922, 1508, 1974, 1486, 2625, 3208, 2185, 3516, 3165, 1951, 2085, 2759, 3155, 1567, 336, 2956, 637, 3516, 1283], [3183, 3291, 1210, 1596, 1486, 2621, 1678, 2555, 1596, 1359, 2090, 2406, 3301, 2621, 2705, 3626, 1678, 1384, 1757, 2555, 2590, 2296, 1813, 2898, 1291, 2791, 3001, 3079, 1596, 1173, 1201, 2090, 1, 3332, 2344, 2013, 950, 2271, 2216, 2149, 0, 1711, 3372, 672, 1623, 1807, 637, 766, 3961, 876, 1201, 2149, 542, 1922, 2819, 1826, 1343, 3819, 213, 2041, 1596, 1424, 1957, 2231, 2443, 1545, 3183], [3796, 4573, 2231, 961, 1617, 961, 3385, 4081, 3165, 3060, 3395, 809, 4098, 961, 3629, 3754, 151, 809, 3304, 3355, 901, 1083, 3190, 3208, 2718, 2701, 3825, 2621, 3222, 1623, 637, 2564, 1711, 2621, 1957, 3480, 1910, 3332, 1531, 2515, 1711, 0, 3629, 2256, 1384, 3425, 2286, 2475, 3678, 1274, 637, 1384, 2106, 766, 4139, 3454, 1291, 3321, 1898, 336, 961, 950, 2185, 542, 3093, 3016, 3796], [751, 2555, 2216, 4354, 2106, 4369, 4032, 3093, 2978, 3938, 2291, 3512, 1210, 4369, 1424, 336, 3480, 2855, 4711, 1210, 3846, 2898, 2461, 475, 4503, 1007, 1210, 1486, 3190, 2296, 3151, 1283, 3372, 1922, 1757, 5041, 2424, 1750, 2231, 1238, 3372, 3629, 0, 3892, 2256, 3211, 3165, 3579, 1201, 2738, 3151, 2373, 3825, 4361, 2475, 4573, 4392, 1567, 3291, 3825, 4354, 2705, 1508, 4003, 1062, 4661, 751], [3607, 3385, 1678, 1880, 2133, 3093, 1210, 2484, 1567, 876, 2256, 3005, 3651, 3093, 3035, 4169, 2251, 2041, 1093, 2948, 3155, 2948, 1957, 3425, 637, 3402, 3355, 3727, 1478, 1807, 1826, 2625, 672, 3995, 3001, 1343, 1501, 2569, 2886, 2705, 672, 2256, 3892, 0, 2291, 1678, 766, 475, 4573, 1545, 1826, 2819, 151, 2286, 2913, 1201, 1501, 4461, 637, 2569, 1880, 2090, 2555, 2738, 2898, 876, 3607], [2424, 3422, 1238, 2122, 336, 2216, 3060, 3179, 2420, 2803, 2349, 1486, 2755, 2216, 2344, 2406, 1238, 601, 3355, 2041, 1807, 1007, 2231, 1826, 2913, 1384, 2497, 1501, 2555, 601, 913, 1210, 1623, 1711, 751, 3629, 1051, 2133, 619, 1143, 1623, 1384, 2256, 2291, 0, 2718, 1856, 2231, 2484, 751, 913, 601, 2164, 2106, 3038, 3372, 2231, 2251, 1678, 1617, 2122, 451, 809, 1813, 1750, 3165, 2424], [2655, 1801, 1501, 3395, 2406, 4374, 950, 809, 301, 1051, 961, 3987, 2497, 4374, 1922, 3541, 3355, 2847, 1826, 2019, 4236, 3678, 751, 2831, 1974, 3179, 2251, 3712, 213, 2122, 2819, 2231, 1807, 4120, 3165, 2149, 1678, 1486, 3304, 2373, 1807, 3425, 3211, 1678, 2718, 0, 1173, 1210, 4228, 2231, 2819, 3315, 1750, 3727, 1359, 1567, 3093, 4320, 1596, 3760, 3395, 2803, 2443, 3964, 2164, 1951, 2655], [2847, 2705, 961, 2231, 1617, 3222, 1210, 1922, 961, 950, 1531, 2913, 2886, 3222, 2271, 3454, 2231, 1807, 1596, 2185, 3133, 2701, 1238, 2705, 1343, 2767, 2590, 3165, 961, 1283, 1711, 1922, 637, 3490, 2484, 1910, 876, 1807, 2475, 2019, 637, 2286, 3165, 766, 1856, 1173, 0, 425, 3927, 1201, 1711, 2443, 751, 2555, 2231, 1545, 1957, 3872, 425, 2621, 2231, 1801, 1922, 2819, 2149, 1501, 2847], [3232, 2913, 1384, 2251, 2013, 3372, 913, 2013, 1093, 601, 1801, 3165, 3239, 3372, 2621, 3872, 2443, 2106, 1173, 2564, 3355, 3016, 1501, 3122, 950, 3190, 2948, 3579, 1007, 1678, 1957, 2344, 766, 3892, 2886, 1486, 1291, 2149, 2847, 2443, 766, 2475, 3579, 475, 2231, 1210, 425, 0, 4351, 1531, 1957, 2803, 542, 2625, 2443, 1143, 1910, 4291, 601, 2803, 2251, 2122, 2344, 2990, 2551, 1083, 3232], [1951, 3754, 2978, 4556, 2497, 4201, 4953, 4225, 3964, 4803, 3372, 3301, 2406, 4201, 2590, 913, 3532, 3038, 5521, 2330, 3604, 2705, 3490, 1424, 5208, 1173, 2406, 1062, 4169, 2791, 3372, 2041, 3961, 1238, 1757, 5836, 3079, 2847, 2149, 1922, 3961, 3678, 1201, 4573, 2484, 4228, 3927, 4351, 0, 3165, 3372, 2296, 4476, 4443, 3651, 5436, 4709, 542, 3938, 3778, 4556, 2898, 2019, 3913, 2090, 5411, 1951], [2718, 3304, 961, 1678, 672, 2231, 2406, 2831, 1951, 2122, 2122, 1757, 2948, 2231, 2424, 2948, 1173, 619, 2621, 2185, 2013, 1501, 1922, 2271, 2164, 2013, 2659, 2231, 2041, 451, 637, 1501, 876, 2461, 1486, 2886, 637, 2085, 1343, 1508, 876, 1274, 2738, 1545, 751, 2231, 1201, 1531, 3165, 0, 637, 1283, 1416, 1813, 2867, 2659, 1658, 2978, 950, 1596, 1678, 601, 1238, 1807, 1974, 2420, 2718], [3239, 3938, 1596, 1210, 1062, 1596, 2867, 3454, 2551, 2555, 2759, 1210, 3512, 1596, 3020, 3315, 542, 336, 2913, 2759, 1424, 1143, 2555, 2705, 2373, 2296, 3232, 2349, 2621, 1007, 1, 2002, 1201, 2461, 1617, 3133, 1274, 2705, 1291, 1974, 1201, 637, 3151, 1826, 913, 2819, 1711, 1957, 3372, 637, 0, 1173, 1678, 1238, 3503, 3016, 1343, 3090, 1359, 961, 1210, 475, 1658, 1173, 2515, 2659, 3239], [2705, 3913, 1826, 2286, 913, 2002, 3651, 3751, 3016, 3385, 2898, 1143, 3093, 2002, 2767, 2443, 1238, 850, 3901, 2443, 1478, 542, 2803, 2013, 3425, 1384, 2867, 1238, 3155, 1201, 1173, 1596, 2149, 1291, 619, 4161, 1651, 2625, 151, 1486, 2149, 1384, 2373, 2819, 601, 3315, 2443, 2803, 2296, 1283, 1173, 0, 2684, 2149, 3557, 3938, 2497, 1951, 2231, 1501, 2286, 751, 1173, 1658, 2122, 3691, 2705], [3566, 3422, 1617, 1750, 2019, 2948, 1343, 2551, 1617, 1007, 2271, 2855, 3629, 2948, 3016, 4095, 2101, 1898, 1238, 2913, 3005, 2803, 1974, 3355, 751, 3304, 3332, 3613, 1545, 1698, 1678, 2551, 542, 3872, 2882, 1478, 1416, 2555, 2755, 2625, 542, 2106, 3825, 151, 2164, 1750, 751, 542, 4476, 1416, 1678, 2684, 0, 2149, 2948, 1351, 1384, 4351, 542, 2420, 1750, 1951, 2461, 2590, 2847, 1007, 3566], [4476, 5077, 2755, 451, 2296, 913, 3490, 4456, 3503, 3155, 3872, 1384, 4744, 913, 4236, 4501, 913, 1508, 3208, 3987, 1291, 1813, 3632, 3927, 2590, 3454, 4461, 3385, 3516, 2231, 1238, 3239, 1922, 3372, 2718, 3315, 2420, 3892, 2296, 3208, 1922, 766, 4361, 2286, 2106, 3727, 2555, 2625, 4443, 1813, 1238, 2149, 2149, 0, 4622, 3422, 901, 4081, 2133, 751, 451, 1658, 2886, 751, 3751, 2886, 4476], [1757, 475, 1910, 4374, 2705, 5092, 2296, 751, 1359, 2406, 751, 4501, 1416, 5092, 1062, 2803, 4032, 3402, 3183, 1351, 4803, 4040, 1007, 2256, 3304, 2867, 1283, 3480, 1501, 2555, 3503, 2041, 2819, 3947, 3179, 3503, 2231, 950, 3490, 2185, 2819, 4139, 2475, 2913, 3038, 1359, 2231, 2443, 3651, 2867, 3503, 3557, 2948, 4622, 0, 2913, 4161, 3904, 2621, 4456, 4374, 3304, 2424, 4668, 1658, 3304, 1757], [4120, 3332, 2461, 2990, 3155, 4267, 619, 2256, 1678, 637, 2484, 4204, 4026, 4267, 3425, 4885, 3451, 3208, 336, 3454, 4354, 4120, 2216, 4139, 876, 4291, 3760, 4709, 1478, 2819, 3016, 3402, 1826, 5032, 4026, 601, 2420, 2959, 3987, 3516, 1826, 3454, 4573, 1201, 3372, 1567, 1545, 1143, 5436, 2659, 3016, 3938, 1351, 3422, 2913, 0, 2564, 5409, 1711, 3763, 2990, 3239, 3454, 3927, 3516, 637, 4120], [4354, 4632, 2443, 451, 2296, 1807, 2705, 3872, 2913, 2373, 3428, 2085, 4541, 1807, 3972, 4590, 1384, 1678, 2330, 3778, 2090, 2334, 3155, 3927, 1711, 3607, 4244, 3691, 2882, 2106, 1343, 3155, 1343, 3787, 2956, 2420, 2122, 3566, 2625, 3165, 1343, 1291, 4392, 1501, 2231, 3093, 1957, 1910, 4709, 1658, 1343, 2497, 1384, 901, 4161, 2564, 0, 4430, 1545, 1478, 451, 1813, 2886, 1567, 3604, 2002, 4354], [2296, 4062, 2959, 4236, 2334, 3763, 4969, 4415, 4040, 4787, 3532, 2867, 2767, 3763, 2851, 1343, 3179, 2755, 5461, 2555, 3155, 2296, 3607, 1651, 5097, 1143, 2718, 751, 4236, 2655, 3090, 2090, 3819, 751, 1501, 5764, 3001, 3035, 1813, 1951, 3819, 3321, 1567, 4461, 2251, 4320, 3872, 4291, 542, 2978, 3090, 1951, 4351, 4081, 3904, 5409, 4430, 0, 3825, 3385, 4236, 2625, 1957, 3503, 2271, 5321, 2296], [3060, 3093, 1093, 1807, 1501, 2819, 1508, 2344, 1384, 1201, 1898, 2569, 3155, 2819, 2551, 3557, 1856, 1508, 1678, 2420, 2767, 2420, 1617, 2819, 1274, 2767, 2855, 3093, 1384, 1173, 1359, 2013, 213, 3372, 2373, 1957, 876, 2106, 2286, 2085, 213, 1898, 3291, 637, 1678, 1596, 425, 601, 3938, 950, 1359, 2231, 542, 2133, 2621, 1711, 1545, 3825, 0, 2231, 1807, 1531, 1922, 2424, 2330, 1501, 3060], [4040, 4885, 2547, 1083, 1880, 637, 3712, 4413, 3500, 3385, 3715, 637, 4361, 637, 3913, 3927, 425, 1083, 3601, 3629, 619, 1093, 3516, 3422, 3005, 2867, 4095, 2718, 3557, 1922, 961, 2819, 2041, 2659, 2106, 3763, 2231, 3632, 1651, 2759, 2041, 336, 3825, 2569, 1617, 3760, 2621, 2803, 3778, 1596, 961, 1501, 2420, 751, 4456, 3763, 1478, 3385, 2231, 0, 1083, 1210, 2424, 213, 3355, 3304, 4040], [4392, 4838, 2564, 1, 2251, 1359, 3090, 4150, 3190, 2755, 3629, 1711, 4622, 1359, 4081, 4523, 1083, 1531, 2767, 3857, 1678, 2041, 3372, 3901, 2149, 3503, 4330, 3512, 3183, 2122, 1210, 3165, 1596, 3557, 2803, 2867, 2231, 3706, 2424, 3155, 1596, 961, 4354, 1880, 2122, 3395, 2231, 2251, 4556, 1678, 1210, 2286, 1750, 451, 4374, 2990, 451, 4236, 1807, 1083, 0, 1678, 2851, 1143, 3651, 2443, 4392], [2847, 3715, 1416, 1678, 672, 1832, 3005, 3355, 2515, 2718, 2582, 1210, 3155, 1832, 2705, 2855, 809, 151, 3179, 2420, 1501, 901, 2420, 2271, 2684, 1826, 2886, 1880, 2621, 751, 475, 1617, 1424, 2019, 1143, 3428, 1143, 2443, 850, 1567, 1424, 950, 2705, 2090, 451, 2803, 1801, 2122, 2898, 601, 475, 751, 1951, 1658, 3304, 3239, 1813, 2625, 1531, 1210, 1678, 0, 1238, 1416, 2149, 2956, 2847], [1617, 2755, 1007, 2851, 601, 3020, 3020, 2718, 2149, 2831, 1826, 2251, 1957, 3020, 1596, 1711, 2041, 1384, 3516, 1274, 2582, 1698, 1801, 1051, 3190, 850, 1711, 1283, 2330, 809, 1658, 425, 1957, 1678, 766, 3825, 1062, 1478, 1083, 336, 1957, 2185, 1508, 2555, 809, 2443, 1922, 2344, 2019, 1238, 1658, 1173, 2461, 2886, 2424, 3454, 2886, 1957, 1922, 2424, 2851, 1238, 0, 2621, 961, 3395, 1617], [4236, 5097, 2759, 1143, 2085, 425, 3895, 4622, 3706, 3566, 3927, 672, 4563, 425, 4120, 4095, 637, 1291, 3754, 3834, 542, 1210, 3727, 3607, 3151, 3035, 4299, 2855, 3760, 2133, 1173, 3020, 2231, 2767, 2271, 3904, 2443, 3843, 1807, 2956, 2231, 542, 4003, 2738, 1813, 3964, 2819, 2990, 3913, 1807, 1173, 1658, 2590, 751, 4668, 3927, 1567, 3503, 2424, 213, 1143, 1416, 2621, 0, 3557, 3451, 4236], [751, 1898, 1238, 3651, 1478, 3964, 2971, 2149, 1922, 2882, 1283, 3211, 1007, 3964, 672, 1384, 2956, 2286, 3663, 336, 3541, 2655, 1416, 672, 3490, 1210, 751, 1826, 2133, 1531, 2515, 542, 2443, 2296, 1623, 3995, 1508, 766, 2019, 637, 2443, 3093, 1062, 2898, 1750, 2164, 2149, 2551, 2090, 1974, 2515, 2122, 2847, 3751, 1658, 3516, 3604, 2271, 2330, 3355, 3651, 2149, 961, 3557, 0, 3629, 751], [4296, 3751, 2461, 2443, 3001, 3763, 1093, 2718, 1974, 901, 2767, 3799, 4270, 3763, 3654, 4953, 3035, 2898, 336, 3626, 3913, 3796, 2475, 4204, 301, 4244, 3987, 4593, 1807, 2672, 2659, 3422, 1545, 4868, 3872, 475, 2334, 3179, 3760, 3516, 1545, 3016, 4661, 876, 3165, 1951, 1501, 1083, 5411, 2420, 2659, 3691, 1007, 2886, 3304, 637, 2002, 5321, 1501, 3304, 2443, 2956, 3395, 3451, 3629, 0, 4296], [1, 1807, 1974, 4392, 2185, 4632, 3541, 2420, 2461, 3500, 1698, 3834, 475, 4632, 751, 1062, 3654, 2990, 4299, 672, 4169, 3246, 1922, 751, 4180, 1501, 475, 2085, 2672, 2271, 3239, 1238, 3183, 2551, 2133, 4634, 2256, 1173, 2582, 1283, 3183, 3796, 751, 3607, 2424, 2655, 2847, 3232, 1951, 2718, 3239, 2705, 3566, 4476, 1757, 4120, 4354, 2296, 3060, 4040, 4392, 2847, 1617, 4236, 751, 4296, 0]], 'ttd': [[0, 904, 987, 2197, 1093, 2316, 1771, 1210, 1231, 1750, 850, 1918, 238, 2316, 376, 531, 1827, 1495, 2150, 336, 2085, 1623, 961, 376, 2090, 751, 238, 1043, 1336, 1136, 1620, 619, 1592, 1276, 1067, 2318, 1128, 587, 1291, 642, 1592, 1898, 376, 1804, 1213, 1328, 1424, 1617, 976, 1359, 1620, 1353, 1784, 2238, 879, 2060, 2177, 1148, 1531, 2020, 2197, 1424, 809, 2118, 376, 2149, 1], [904, 0, 1173, 2420, 1547, 2761, 1359, 547, 913, 1426, 606, 2450, 692, 2761, 619, 1434, 2231, 1910, 1807, 784, 2604, 2207, 740, 1210, 1882, 1547, 676, 1856, 979, 1486, 1970, 1175, 1646, 2093, 1745, 1964, 1336, 646, 1918, 1242, 1646, 2287, 1278, 1693, 1711, 901, 1353, 1457, 1877, 1653, 1970, 1957, 1711, 2539, 238, 1666, 2316, 2032, 1547, 2443, 2420, 1858, 1378, 2549, 950, 1876, 904], [987, 1173, 0, 1283, 457, 1592, 1007, 976, 601, 916, 587, 1313, 1054, 1592, 766, 1249, 1062, 751, 1274, 676, 1457, 1116, 504, 876, 1146, 916, 904, 1143, 680, 336, 798, 481, 606, 1330, 840, 1434, 169, 572, 904, 531, 606, 1116, 1108, 840, 619, 751, 481, 692, 1490, 481, 798, 913, 809, 1378, 956, 1231, 1222, 1480, 547, 1274, 1283, 709, 504, 1380, 619, 1231, 987], [2197, 2420, 1283, 0, 1126, 680, 1545, 2075, 1596, 1378, 1815, 856, 2311, 680, 2041, 2262, 542, 766, 1384, 1929, 840, 1021, 1686, 1951, 1075, 1752, 2166, 1757, 1592, 1062, 606, 1583, 798, 1779, 1402, 1434, 1116, 1853, 1213, 1578, 798, 481, 2177, 941, 1062, 1698, 1116, 1126, 2278, 840, 606, 1143, 876, 226, 2188, 1495, 226, 2118, 904, 542, 1, 840, 1426, 572, 1826, 1222, 2197], [1093, 1547, 457, 1126, 0, 1249, 1402, 1424, 1054, 1283, 1007, 904, 1242, 1249, 1021, 1148, 740, 405, 1583, 876, 1062, 672, 950, 826, 1384, 672, 1108, 798, 1126, 169, 531, 475, 743, 941, 438, 1728, 383, 904, 451, 457, 743, 809, 1054, 1067, 169, 1203, 809, 1007, 1249, 336, 531, 457, 1010, 1148, 1353, 1578, 1148, 1168, 751, 941, 1126, 336, 301, 1043, 740, 1501, 1093], [2316, 2761, 1592, 680, 1249, 0, 2136, 2521, 2060, 1970, 2176, 451, 2485, 1, 2268, 2222, 531, 856, 2038, 2124, 310, 755, 2075, 1994, 1733, 1693, 2355, 1578, 2085, 1278, 798, 1713, 1311, 1508, 1311, 2102, 1434, 2133, 1075, 1678, 1311, 481, 2185, 1547, 1108, 2188, 1611, 1686, 2101, 1116, 798, 1002, 1475, 457, 2547, 2134, 904, 1882, 1410, 319, 680, 916, 1510, 213, 1982, 1882, 2316], [1771, 1359, 1007, 1545, 1402, 2136, 0, 826, 542, 169, 941, 2038, 1713, 2136, 1416, 2176, 1678, 1501, 451, 1442, 2134, 1952, 812, 1807, 606, 1918, 1583, 2149, 438, 1238, 1434, 1457, 840, 2327, 1827, 606, 1021, 1187, 1840, 1520, 840, 1693, 2016, 606, 1531, 475, 606, 457, 2477, 1203, 1434, 1826, 672, 1745, 1148, 310, 1353, 2485, 755, 1856, 1545, 1503, 1510, 1948, 1486, 547, 1771], [1210, 547, 976, 2075, 1424, 2521, 826, 0, 481, 913, 451, 2282, 1067, 2521, 840, 1715, 1998, 1713, 1276, 950, 2420, 2090, 475, 1402, 1384, 1658, 979, 1952, 504, 1311, 1728, 1201, 1278, 2176, 1741, 1428, 1108, 692, 1856, 1276, 1278, 2041, 1547, 1242, 1590, 405, 961, 1007, 2113, 1416, 1728, 1876, 1276, 2228, 376, 1128, 1937, 2208, 1173, 2207, 2075, 1678, 1359, 2311, 1075, 1359, 1210], [1231, 913, 601, 1596, 1054, 2060, 542, 481, 0, 547, 405, 1853, 1175, 2060, 876, 1653, 1545, 1283, 950, 904, 1981, 1693, 271, 1291, 976, 1449, 1043, 1711, 107, 913, 1276, 976, 798, 1913, 1434, 1116, 692, 646, 1503, 1046, 798, 1583, 1490, 784, 1210, 151, 481, 547, 1982, 976, 1276, 1508, 809, 1752, 680, 840, 1457, 2020, 692, 1750, 1596, 1258, 1075, 1853, 961, 987, 1231], [1750, 1426, 916, 1378, 1283, 1970, 169, 913, 547, 0, 950, 1882, 1715, 1970, 1410, 2125, 1518, 1353, 405, 1416, 1974, 1807, 809, 1752, 475, 1832, 1578, 2048, 457, 1116, 1278, 1384, 680, 2217, 1715, 572, 907, 1175, 1711, 1442, 680, 1531, 1970, 438, 1402, 526, 475, 301, 2402, 1062, 1278, 1693, 504, 1578, 1203, 319, 1187, 2394, 601, 1693, 1378, 1359, 1416, 1784, 1442, 451, 1750], [850, 606, 587, 1815, 1007, 2176, 941, 451, 405, 950, 0, 1894, 773, 2176, 481, 1313, 1646, 1336, 1353, 542, 2041, 1678, 151, 976, 1359, 1210, 646, 1503, 504, 916, 1380, 751, 1046, 1726, 1296, 1520, 743, 271, 1424, 826, 1046, 1698, 1146, 1128, 1175, 481, 766, 901, 1686, 1062, 1380, 1449, 1136, 1937, 376, 1242, 1715, 1766, 950, 1858, 1815, 1291, 913, 1964, 642, 1384, 850], [1918, 2450, 1313, 856, 904, 451, 2038, 2282, 1853, 1882, 1894, 0, 2102, 451, 1913, 1784, 383, 572, 2038, 1758, 169, 310, 1815, 1578, 1752, 1258, 1981, 1128, 1898, 979, 606, 1336, 1203, 1062, 879, 2134, 1175, 1807, 642, 1291, 1203, 405, 1757, 1503, 743, 1994, 1457, 1583, 1651, 879, 606, 572, 1428, 692, 2251, 2102, 1043, 1434, 1285, 319, 856, 606, 1126, 336, 1606, 1900, 1918], [238, 692, 1054, 2311, 1242, 2485, 1713, 1067, 1175, 1715, 773, 2102, 0, 2485, 310, 751, 1981, 1646, 2118, 383, 2268, 1817, 907, 606, 2093, 979, 151, 1276, 1276, 1258, 1757, 773, 1651, 1510, 1274, 2286, 1210, 547, 1490, 812, 1651, 2049, 606, 1826, 1378, 1249, 1444, 1620, 1203, 1475, 1757, 1547, 1815, 2373, 709, 2013, 2271, 1384, 1578, 2181, 2311, 1578, 979, 2282, 504, 2136, 238], [2316, 2761, 1592, 680, 1249, 1, 2136, 2521, 2060, 1970, 2176, 451, 2485, 0, 2268, 2222, 531, 856, 2038, 2124, 310, 755, 2075, 1994, 1733, 1693, 2355, 1578, 2085, 1278, 798, 1713, 1311, 1508, 1311, 2102, 1434, 2133, 1075, 1678, 1311, 481, 2185, 1547, 1108, 2188, 1611, 1686, 2101, 1116, 798, 1002, 1475, 457, 2547, 2134, 904, 1882, 1410, 319, 680, 916, 1510, 213, 1982, 1882, 2316], [376, 619, 766, 2041, 1021, 2268, 1416, 840, 876, 1410, 481, 1913, 310, 2268, 0, 879, 1750, 1416, 1813, 169, 2075, 1646, 606, 601, 1784, 929, 169, 1238, 979, 1007, 1510, 587, 1353, 1475, 1146, 1981, 929, 238, 1336, 646, 1353, 1815, 713, 1518, 1173, 961, 1136, 1311, 1296, 1213, 1510, 1384, 1508, 2118, 531, 1713, 1987, 1426, 1276, 1957, 2041, 1353, 798, 2060, 336, 1827, 376], [531, 1434, 1249, 2262, 1148, 2222, 2176, 1715, 1653, 2125, 1313, 1784, 751, 2222, 879, 0, 1803, 1503, 2508, 773, 1948, 1475, 1396, 376, 2394, 531, 766, 709, 1758, 1258, 1658, 773, 1813, 904, 913, 2672, 1343, 1043, 1148, 740, 1813, 1877, 169, 2085, 1203, 1771, 1728, 1937, 457, 1475, 1658, 1222, 2048, 2251, 1402, 2443, 2296, 672, 1779, 1964, 2262, 1428, 856, 2048, 692, 2477, 531], [1827, 2231, 1062, 542, 740, 531, 1678, 1998, 1545, 1518, 1646, 383, 1981, 531, 1750, 1803, 0, 336, 1658, 1611, 457, 481, 1547, 1531, 1370, 1276, 1846, 1238, 1578, 751, 271, 1213, 840, 1242, 904, 1752, 904, 1606, 692, 1187, 840, 76, 1741, 1126, 619, 1678, 1116, 1222, 1766, 587, 271, 619, 1051, 457, 2016, 1726, 692, 1590, 929, 213, 542, 405, 1021, 319, 1478, 1518, 1827], [1495, 1910, 751, 766, 405, 856, 1501, 1713, 1283, 1353, 1336, 572, 1646, 856, 1416, 1503, 336, 0, 1567, 1276, 709, 457, 1249, 1210, 1311, 987, 1510, 1007, 1330, 425, 169, 879, 692, 1067, 642, 1686, 606, 1278, 481, 856, 692, 405, 1428, 1021, 301, 1424, 904, 1054, 1520, 310, 169, 425, 950, 755, 1701, 1604, 840, 1378, 755, 542, 766, 76, 692, 646, 1143, 1449, 1495], [2150, 1807, 1274, 1384, 1583, 2038, 451, 1276, 950, 405, 1353, 2038, 2118, 2038, 1813, 2508, 1658, 1567, 0, 1815, 2102, 2020, 1213, 2133, 310, 2181, 1981, 2373, 856, 1416, 1457, 1752, 879, 2522, 2020, 169, 1231, 1578, 1981, 1804, 879, 1653, 2356, 547, 1678, 913, 798, 587, 2761, 1311, 1457, 1951, 619, 1604, 1592, 169, 1165, 2731, 840, 1801, 1384, 1590, 1758, 1877, 1832, 169, 2150], [336, 784, 676, 1929, 876, 2124, 1442, 950, 904, 1416, 542, 1758, 383, 2124, 169, 773, 1611, 1276, 1815, 0, 1922, 1486, 637, 457, 1757, 766, 238, 1075, 1010, 879, 1380, 425, 1278, 1311, 979, 1982, 829, 271, 1173, 481, 1278, 1678, 606, 1475, 1021, 1010, 1093, 1283, 1165, 1093, 1380, 1222, 1457, 1994, 676, 1728, 1889, 1278, 1210, 1815, 1929, 1210, 637, 1918, 169, 1813, 336], [2085, 2604, 1457, 840, 1062, 310, 2134, 2420, 1981, 1974, 2041, 169, 2268, 310, 2075, 1948, 457, 709, 2102, 1922, 0, 475, 1957, 1745, 1807, 1424, 2146, 1285, 2020, 1126, 713, 1501, 1296, 1203, 1046, 2188, 1313, 1964, 809, 1457, 1296, 451, 1923, 1578, 904, 2118, 1567, 1678, 1803, 1007, 713, 740, 1503, 646, 2402, 2177, 1046, 1578, 1384, 310, 840, 751, 1291, 271, 1771, 1957, 2085], [1623, 2207, 1116, 1021, 672, 755, 1952, 2090, 1693, 1807, 1678, 310, 1817, 755, 1646, 1475, 481, 457, 2020, 1486, 475, 0, 1617, 1276, 1757, 950, 1701, 826, 1752, 784, 572, 1062, 1148, 784, 572, 2136, 1002, 1562, 336, 1010, 1148, 542, 1449, 1475, 504, 1840, 1351, 1508, 1353, 751, 572, 271, 1402, 907, 2020, 2060, 1168, 1148, 1210, 547, 1021, 451, 850, 606, 1328, 1898, 1623], [961, 740, 504, 1686, 950, 2075, 812, 475, 271, 809, 151, 1815, 907, 2075, 606, 1396, 1547, 1249, 1213, 637, 1957, 1617, 0, 1043, 1210, 1238, 773, 1518, 376, 840, 1278, 766, 907, 1733, 1278, 1380, 646, 376, 1384, 840, 907, 1596, 1231, 979, 1116, 376, 619, 751, 1745, 961, 1278, 1402, 987, 1817, 504, 1108, 1578, 1804, 809, 1758, 1686, 1210, 901, 1864, 709, 1238, 961], [376, 1210, 876, 1951, 826, 1994, 1807, 1402, 1291, 1752, 976, 1578, 606, 1994, 601, 376, 1531, 1210, 2133, 457, 1745, 1276, 1043, 0, 2020, 376, 547, 672, 1396, 913, 1353, 405, 1449, 907, 709, 2297, 976, 713, 941, 383, 1449, 1604, 238, 1713, 913, 1416, 1353, 1562, 713, 1136, 1353, 1007, 1678, 1964, 1128, 2070, 1964, 826, 1410, 1711, 1951, 1136, 526, 1804, 336, 2102, 376], [2090, 1882, 1146, 1075, 1384, 1733, 606, 1384, 976, 475, 1359, 1752, 2093, 1733, 1784, 2394, 1370, 1311, 310, 1757, 1807, 1757, 1210, 2020, 0, 2019, 1948, 2181, 904, 1222, 1187, 1623, 646, 2311, 1817, 383, 1067, 1547, 1750, 1666, 646, 1359, 2252, 319, 1457, 987, 672, 475, 2604, 1083, 1187, 1713, 376, 1296, 1653, 438, 856, 2549, 637, 1503, 1075, 1343, 1596, 1576, 1745, 151, 2090], [751, 1547, 916, 1752, 672, 1693, 1918, 1658, 1449, 1832, 1210, 1258, 979, 1693, 929, 531, 1276, 987, 2181, 766, 1424, 950, 1238, 376, 2019, 0, 907, 310, 1547, 812, 1148, 475, 1396, 547, 383, 2337, 956, 976, 619, 405, 1396, 1351, 504, 1701, 692, 1590, 1384, 1596, 587, 1007, 1148, 692, 1653, 1728, 1434, 2146, 1804, 572, 1384, 1434, 1752, 913, 425, 1518, 606, 2122, 751], [238, 676, 904, 2166, 1108, 2355, 1583, 979, 1043, 1578, 646, 1981, 151, 2355, 169, 766, 1846, 1510, 1981, 238, 2146, 1701, 773, 547, 1948, 907, 0, 1213, 1146, 1116, 1617, 646, 1501, 1449, 1173, 2149, 1062, 405, 1380, 692, 1501, 1913, 606, 1678, 1249, 1126, 1296, 1475, 1203, 1330, 1617, 1434, 1666, 2231, 642, 1880, 2122, 1359, 1428, 2048, 2166, 1444, 856, 2150, 376, 1994, 238], [1043, 1856, 1143, 1757, 798, 1578, 2149, 1952, 1711, 2048, 1503, 1128, 1276, 1578, 1238, 709, 1238, 1007, 2373, 1075, 1285, 826, 1518, 672, 2181, 310, 1213, 0, 1804, 961, 1175, 755, 1540, 238, 376, 2521, 1146, 1278, 547, 680, 1540, 1311, 743, 1864, 751, 1856, 1583, 1790, 531, 1116, 1175, 619, 1807, 1693, 1741, 2355, 1846, 376, 1547, 1359, 1757, 941, 642, 1428, 913, 2297, 1043], [1336, 979, 680, 1592, 1126, 2085, 438, 504, 107, 457, 504, 1898, 1276, 2085, 979, 1758, 1578, 1330, 856, 1010, 2020, 1752, 376, 1396, 904, 1547, 1146, 1804, 0, 979, 1311, 1075, 798, 2002, 15