{'nodes': [(0, 13.5, 1.0, 0, 48000, 0, False), (1, 11.5, 7.0, 5916, 15651, 50, True), (2, 1.5, 9.5, 30499, 38223, 50, False), (3, 3.5, 6.5, 19477, 26898, 40, True), (4, 4.0, 11.5, 11910, 17938, 30, True), (5, 7.0, 8.5, 13572, 22215, 30, True), (6, 2.5, 8.5, 3700, 11315, 10, True), (7, 0.5, 8.5, 34853, 40933, 40, True), (8, 1.5, 13.5, 2314, 8959, 30, True), (9, 0.5, 1.0, 14967, 18001, 50, True), (10, 2.5, 3.0, 20911, 28597, 20, True), (11, 0, 8.0, 8995, 16067, 40, True), (12, 7.0, 8.5, 37078, 38981, 40, True), (13, 8.0, 2.0, 0, 8770, 50, True), (14, 0, 9.0, 8900, 16300, 20, True), (15, 9.0, 9.0, 32295, 39633, 30, False), (16, 2.0, 12.5, 30012, 35901, 10, False), (17, 0, 15.0, 14354, 18778, 40, True), (18, 6.0, 12.0, 2674, 11412, 50, True), (19, 11.0, 4.5, 1510, 8579, 10, True), (20, 3.0, 6.5, 3374, 10483, 40, True), (21, 6.0, 6.5, 39859, 45684, 10, True), (22, 14.0, 11.5, 34001, 41940, 30, True), (23, 6.5, 2.5, 6978, 13526, 10, True), (24, 0.5, 15.0, 27068, 35667, 40, True), (25, 6.0, 13.0, 7083, 12054, 20, True), (26, 12.0, 3.5, 30450, 38283, 10, True), (27, 13.5, 11.5, 7682, 10599, 30, True), (28, 11.0, 5.5, 35935, 37379, 30, True), (29, 14.0, 9.0, 2637, 8983, 50, True), (30, 3.5, 7.5, 32095, 37602, 40, True), (31, 7.0, 7.0, 33121, 39404, 50, True), (32, 8.0, 12.0, 27997, 35404, 40, True), (33, 6.0, 14.0, 27105, 29808, 30, True), (34, 13.5, 0, 32140, 37300, 10, True), (35, 10.5, 8.0, 18253, 24399, 10, False), (36, 7.0, 13.5, 3590, 12149, 20, True), (37, 9.0, 13.0, 36343, 42070, 30, True), (38, 9.5, 12.5, 27460, 34220, 20, True), (39, 13.5, 5.5, 36607, 40111, 40, True), (40, 13.5, 4.5, 27185, 36546, 10, True), (41, 12.5, 1.5, 8952, 14758, 10, True), (42, 9.0, 4.0, 10045, 18045, 50, True), (43, 12.5, 2.5, 22853, 28933, 30, True), (44, 0, 4.5, 34254, 40995, 20, True), (45, 9.0, 7.0, 17949, 23179, 40, True), (46, 14.5, 8.5, 16382, 23178, 30, True), (47, 13.5, 5.5, 34274, 41677, 10, True), (48, 11.5, 4.0, 12381, 19225, 40, True), (49, 5.0, 1.0, 39111, 44577, 20, True), (50, 3.0, 11.0, 7613, 13741, 40, True), (51, 5.0, 14.5, 25155, 33330, 20, True), (52, 9.5, 13.5, 2843, 5503, 40, True), (53, 14.0, 7.5, 39161, 45840, 50, True), (54, 14.5, 5.5, 12457, 16662, 40, True), (55, 10.5, 1.5, 21210, 25641, 40, True), (56, 4.0, 12.0, 21970, 26096, 40, False), (57, 0, 14.0, 10085, 15237, 20, True), (58, 1.5, 4.0, 7615, 17110, 50, True), (59, 5.0, 4.0, 28560, 33964, 10, True), (60, 3.5, 0.5, 37295, 44738, 50, True), (61, 10.5, 14.5, 8941, 12812, 40, True), (62, 12.0, 9.5, 34456, 38302, 50, False), (63, 2.5, 3.5, 3159, 11117, 30, True), (64, 14.0, 15.0, 32213, 39392, 30, True), (65, 9.5, 12.5, 40654, 47393, 40, True), (66, 13.5, 1.0, 0, 48000, 0, False)], 'F': 20.0, 'ct': 0.083, 'cd': 0.021, 'truck_cap': 100, 'drone_cap': 20, 'truck_speed': 40, 'drone_speed': 40, 'a': 1, 'b': 2, 'max_flight_time': 30, 'ttt': [[0, 1898, 4413, 3425, 4249, 2978, 3995, 4503, 5199, 3901, 3355, 4563, 2978, 1678, 4709, 2755, 4880, 5836, 3995, 1291, 3557, 2791, 3155, 2149, 5732, 4246, 876, 3151, 1545, 2406, 3579, 2655, 3691, 4503, 301, 2286, 4228, 3846, 3654, 1351, 1051, 336, 1623, 542, 4185, 2251, 2271, 1351, 1083, 2551, 4351, 4787, 3938, 1957, 1384, 913, 4361, 5623, 3712, 2705, 3005, 4150, 2590, 3385, 4204, 3654, 1], [1898, 0, 3093, 2406, 2625, 1424, 2738, 3332, 3579, 3760, 2956, 3464, 1424, 1832, 3503, 961, 3294, 4204, 2231, 766, 2555, 1658, 1545, 2019, 4081, 2443, 1062, 1478, 475, 961, 2406, 1351, 1832, 2672, 2185, 425, 2373, 1951, 1757, 751, 961, 1678, 1173, 1384, 3532, 751, 1007, 751, 901, 2655, 2819, 2978, 2041, 766, 1007, 1678, 2705, 4040, 3133, 2149, 3093, 2271, 766, 2898, 2515, 1757, 1898], [4413, 3093, 0, 1083, 961, 1678, 425, 425, 1201, 2569, 1974, 637, 1678, 2978, 475, 2256, 913, 1711, 1545, 3222, 1007, 1623, 3799, 2582, 1678, 1711, 3629, 3651, 3093, 3754, 850, 1813, 2090, 1910, 4593, 2738, 2041, 2484, 2564, 3796, 3901, 4081, 2791, 3913, 1567, 2373, 3913, 3796, 3425, 2759, 637, 1832, 2684, 3799, 4081, 3613, 1062, 1424, 1651, 1957, 2767, 3090, 3151, 1826, 4098, 2564, 4413], [3425, 2406, 1083, 0, 1508, 1210, 672, 1083, 2185, 1880, 1093, 1143, 1210, 1910, 1291, 1813, 1856, 2759, 1813, 2330, 151, 751, 3490, 1501, 2705, 2090, 2705, 3355, 2271, 3239, 301, 1062, 2133, 2373, 3579, 2149, 2349, 2555, 2547, 3016, 3060, 3090, 1813, 2956, 1210, 1658, 3355, 3016, 2515, 1711, 1359, 2443, 2767, 3165, 3315, 2582, 1658, 2484, 961, 876, 1801, 3190, 2705, 950, 4054, 2547, 3425], [4249, 2625, 961, 1508, 0, 1274, 1007, 1384, 961, 3321, 2590, 1596, 1274, 3093, 1416, 1678, 672, 1596, 619, 2971, 1531, 1617, 3001, 2803, 1486, 751, 3395, 2851, 2767, 3093, 1210, 1623, 1210, 961, 4476, 2216, 1083, 1567, 1678, 3372, 3541, 3938, 2705, 3715, 2420, 2019, 3277, 3372, 3183, 3165, 336, 950, 1757, 3232, 3629, 3579, 151, 1416, 2373, 2271, 3304, 2149, 2475, 2443, 3179, 1678, 4249], [2978, 1424, 1678, 1210, 1274, 0, 1351, 1951, 2231, 2978, 2133, 2106, 1, 1974, 2106, 619, 1922, 2867, 1093, 1698, 1343, 672, 2286, 1807, 2759, 1384, 2122, 2149, 1501, 2106, 1093, 451, 1093, 1678, 3211, 1062, 1501, 1478, 1416, 2149, 2291, 2672, 1478, 2443, 2420, 751, 2251, 2149, 1910, 2330, 1416, 1898, 1678, 2122, 2424, 2349, 1384, 2672, 2133, 1478, 2621, 2085, 1531, 2019, 2867, 1416, 2978], [3995, 2738, 425, 672, 1007, 1351, 0, 601, 1531, 2330, 1651, 766, 1351, 2555, 766, 1957, 1210, 2090, 1486, 2819, 619, 1210, 3566, 2164, 2041, 1711, 3222, 3422, 2705, 3454, 425, 1424, 1957, 1957, 4171, 2406, 2019, 2373, 2420, 3422, 3512, 3663, 2373, 3500, 1416, 2002, 3601, 3422, 3020, 2373, 766, 1951, 2582, 3464, 3712, 3190, 1143, 1813, 1384, 1545, 2420, 3001, 2867, 1501, 3964, 2420, 3995], [4503, 3332, 425, 1083, 1384, 1951, 601, 0, 1531, 2251, 1757, 213, 1951, 2978, 213, 2555, 1283, 1957, 1957, 3372, 961, 1757, 4150, 2547, 1951, 2133, 3763, 4003, 3277, 4054, 950, 2002, 2484, 2334, 4661, 3005, 2461, 2886, 2956, 4003, 4081, 4169, 2886, 4026, 1210, 2590, 4201, 4003, 3566, 2625, 1062, 2251, 3090, 4062, 4296, 3663, 1486, 1658, 1384, 1910, 2564, 3500, 3464, 1617, 4496, 2956, 4503], [5199, 3579, 1201, 2185, 961, 2231, 1531, 1531, 0, 3763, 3165, 1711, 2231, 3964, 1424, 2625, 336, 637, 1424, 3927, 2149, 2497, 3799, 3626, 542, 1359, 4351, 3651, 3727, 3987, 1898, 2555, 2002, 1359, 5420, 3165, 1651, 2256, 2420, 4328, 4501, 4885, 3632, 4668, 2738, 2978, 4180, 4328, 4139, 3895, 876, 1093, 2401, 4161, 4580, 4501, 876, 475, 2851, 3038, 3947, 2718, 3372, 3016, 3778, 2420, 5199], [3901, 3760, 2569, 1880, 3321, 2978, 2330, 2251, 3763, 0, 850, 2106, 2978, 2271, 2406, 3503, 3480, 4204, 3691, 3321, 1813, 2334, 5132, 1856, 4201, 3961, 3532, 5014, 3428, 4709, 2149, 2655, 3995, 4236, 3913, 3663, 4228, 4413, 4382, 4128, 4040, 3604, 2705, 3629, 1062, 3122, 4766, 4128, 3422, 1351, 3093, 4270, 4622, 4496, 4413, 3005, 3464, 3904, 950, 1623, 913, 5041, 4291, 961, 5836, 4382, 3901], [3355, 2956, 1974, 1093, 2590, 2133, 1651, 1757, 3165, 850, 0, 1678, 2133, 1678, 1951, 2655, 2855, 3678, 2898, 2590, 1062, 1486, 4291, 1210, 3651, 3179, 2855, 4171, 2659, 3892, 1384, 1807, 3165, 3464, 3422, 2831, 3428, 3579, 3541, 3385, 3332, 3035, 1974, 3005, 876, 2291, 3961, 3385, 2718, 961, 2406, 3532, 3787, 3706, 3678, 2443, 2738, 3385, 425, 809, 809, 4204, 3454, 151, 4987, 3541, 3355], [4563, 3464, 637, 1143, 1596, 2106, 766, 213, 1711, 2106, 1678, 0, 2106, 3001, 301, 2718, 1478, 2101, 2164, 3464, 1007, 1856, 4330, 2555, 2106, 2344, 3846, 4185, 3385, 4212, 1062, 2122, 2684, 2547, 4709, 3151, 2672, 3090, 3155, 4120, 4185, 4228, 2956, 4098, 1051, 2718, 4354, 4120, 3654, 2582, 1274, 2461, 3294, 4204, 4415, 3706, 1698, 1801, 1283, 1922, 2484, 3706, 3629, 1545, 4697, 3155, 4563], [2978, 1424, 1678, 1210, 1274, 1, 1351, 1951, 2231, 2978, 2133, 2106, 0, 1974, 2106, 619, 1922, 2867, 1093, 1698, 1343, 672, 2286, 1807, 2759, 1384, 2122, 2149, 1501, 2106, 1093, 451, 1093, 1678, 3211, 1062, 1501, 1478, 1416, 2149, 2291, 2672, 1478, 2443, 2420, 751, 2251, 2149, 1910, 2330, 1416, 1898, 1678, 2122, 2424, 2349, 1384, 2672, 2133, 1478, 2621, 2085, 1531, 2019, 2867, 1416, 2978], [1678, 1832, 2978, 1910, 3093, 1974, 2555, 2978, 3964, 2271, 1678, 3001, 1974, 0, 3190, 2122, 3629, 4580, 3060, 1173, 2019, 1478, 3372, 475, 4503, 3355, 1283, 3294, 1384, 2767, 2133, 1531, 3001, 3651, 1757, 1951, 3464, 3315, 3183, 1957, 1813, 1359, 672, 1359, 2515, 1531, 2759, 1957, 1210, 950, 3090, 3857, 3480, 2443, 2216, 766, 3232, 4328, 2041, 1083, 1424, 3825, 2551, 1711, 4296, 3183, 1678], [4709, 3503, 475, 1291, 1416, 2106, 766, 213, 1424, 2406, 1951, 301, 2106, 3190, 0, 2701, 1210, 1801, 2013, 3566, 1173, 1951, 4267, 2759, 1807, 2164, 3961, 4120, 3464, 4201, 1143, 2185, 2564, 2344, 4868, 3165, 2497, 2956, 3038, 4185, 4270, 4374, 3090, 4228, 1351, 2767, 4354, 4185, 3763, 2831, 1083, 2231, 3155, 4225, 4476, 3872, 1501, 1501, 1567, 2122, 2759, 3557, 3604, 1813, 4570, 3038, 4709], [2755, 961, 2256, 1813, 1678, 619, 1957, 2555, 2625, 3503, 2655, 2718, 619, 2122, 2701, 0, 2349, 3246, 1274, 1478, 1951, 1173, 1678, 2090, 3122, 1501, 1880, 1545, 1210, 1501, 1711, 850, 950, 1750, 3020, 542, 1478, 1201, 1062, 1711, 1910, 2484, 1501, 2216, 3020, 601, 1658, 1711, 1678, 2684, 1898, 2041, 1359, 1567, 1957, 2296, 1750, 3090, 2705, 1922, 3038, 1711, 913, 2555, 2344, 1062, 2755], [4880, 3294, 913, 1856, 672, 1922, 1210, 1283, 336, 3480, 2855, 1478, 1922, 3629, 1210, 2349, 0, 961, 1210, 3613, 1826, 2164, 3613, 3291, 876, 1210, 4037, 3464, 3422, 3751, 1567, 2231, 1807, 1283, 5097, 2886, 1531, 2106, 2251, 4040, 4204, 4563, 3304, 4351, 2475, 2672, 3938, 4040, 3825, 3566, 542, 1083, 2271, 3901, 4299, 4171, 619, 751, 2555, 2705, 3629, 2621, 3133, 2705, 3678, 2251, 4880], [5836, 4204, 1711, 2759, 1596, 2867, 2090, 1957, 637, 4204, 3678, 2101, 2867, 4580, 1801, 3246, 961, 0, 2013, 4563, 2705, 3122, 4330, 4228, 151, 1898, 4987, 4185, 4361, 4570, 2484, 3190, 2564, 1826, 6055, 3787, 2149, 2767, 2948, 4953, 5132, 5521, 4265, 5304, 3151, 3613, 4768, 4953, 4775, 4461, 1501, 1508, 2886, 4766, 5201, 5132, 1501, 301, 3332, 3626, 4476, 3155, 3961, 3532, 4201, 2948, 5836], [3995, 2231, 1545, 1813, 619, 1093, 1486, 1957, 1424, 3691, 2898, 2164, 1093, 3060, 2013, 1274, 1210, 2013, 0, 2705, 1880, 1651, 2406, 2855, 1880, 301, 3122, 2256, 2461, 2564, 1545, 1531, 601, 601, 4246, 1807, 542, 950, 1062, 2978, 3183, 3706, 2564, 3454, 2882, 1750, 2759, 2978, 2913, 3315, 950, 809, 1143, 2755, 3211, 3428, 601, 1898, 2755, 2420, 3532, 1545, 1951, 2759, 2564, 1062, 3995], [1291, 766, 3222, 2330, 2971, 1698, 2819, 3372, 3927, 3321, 2590, 3464, 1698, 1173, 3566, 1478, 3613, 4563, 2705, 0, 2475, 1617, 2286, 1478, 4456, 2959, 425, 2231, 301, 1623, 2424, 1416, 2424, 3222, 1545, 1062, 2956, 2621, 2443, 809, 751, 1007, 619, 751, 3301, 961, 1596, 809, 213, 2085, 3093, 3500, 2738, 1274, 1093, 913, 3079, 4361, 2855, 1807, 2551, 3005, 1531, 2569, 3277, 2443, 1291], [3557, 2555, 1007, 151, 1531, 1343, 619, 961, 2149, 1813, 1062, 1007, 1343, 2019, 1173, 1951, 1826, 2705, 1880, 2475, 0, 901, 3626, 1596, 2659, 2149, 2847, 3490, 2420, 3385, 336, 1210, 2231, 2424, 3706, 2296, 2420, 2655, 2655, 3165, 3208, 3222, 1951, 3093, 1083, 1807, 3503, 3165, 2659, 1757, 1351, 2475, 2867, 3315, 3464, 2705, 1678, 2424, 876, 961, 1807, 3291, 2847, 913, 4171, 2655, 3557], [2791, 1658, 1623, 751, 1617, 672, 1210, 1757, 2497, 2334, 1486, 1856, 672, 1478, 1951, 1173, 2164, 3122, 1651, 1617, 901, 0, 2831, 1210, 3038, 1951, 2013, 2705, 1531, 2515, 809, 336, 1757, 2251, 2978, 1424, 2122, 2149, 2085, 2271, 2330, 2461, 1173, 2291, 1898, 913, 2621, 2271, 1813, 1678, 1623, 2420, 2349, 2420, 2569, 2019, 1757, 2882, 1545, 809, 1951, 2755, 2013, 1384, 3503, 2085, 2791], [3155, 1545, 3799, 3490, 3001, 2286, 3566, 4150, 3799, 5132, 4291, 4330, 2286, 3372, 4267, 1678, 3613, 4330, 2406, 2286, 3626, 2831, 0, 3516, 4185, 2443, 2475, 151, 2013, 751, 3372, 2497, 1807, 2515, 3454, 1486, 2185, 1567, 1384, 1807, 2106, 3035, 2705, 2738, 4697, 2019, 913, 1807, 2373, 4150, 3304, 2847, 1478, 1201, 1807, 3179, 3005, 4267, 4374, 3516, 4563, 1384, 850, 4204, 1051, 1384, 3155], [2149, 2019, 2582, 1501, 2803, 1807, 2164, 2547, 3626, 1856, 1210, 2555, 1807, 475, 2759, 2090, 3291, 4228, 2855, 1478, 1596, 1210, 3516, 0, 4161, 3155, 1678, 3422, 1623, 2978, 1750, 1359, 2886, 3454, 2231, 2041, 3304, 3239, 3133, 2286, 2185, 1826, 876, 1801, 2041, 1545, 3001, 2286, 1567, 637, 2759, 3629, 3422, 2705, 2564, 1238, 2948, 3964, 1567, 637, 1083, 3796, 2672, 1238, 4374, 3133, 2149], [5732, 4081, 1678, 2705, 1486, 2759, 2041, 1951, 542, 4201, 3651, 2106, 2759, 4503, 1807, 3122, 876, 151, 1880, 4456, 2659, 3038, 4185, 4161, 0, 1757, 4880, 4040, 4249, 4433, 2424, 3093, 2424, 1678, 5956, 3663, 2002, 2621, 2803, 4831, 5014, 5420, 4171, 5199, 3155, 3503, 4632, 4831, 4668, 4413, 1416, 1359, 2738, 4634, 5077, 5041, 1384, 336, 3315, 3566, 4443, 3005, 3825, 3503, 4051, 2803, 5732], [4246, 2443, 1711, 2090, 751, 1384, 1711, 2133, 1359, 3961, 3179, 2344, 1384, 3355, 2164, 1501, 1210, 1898, 301, 2959, 2149, 1951, 2443, 3155, 1757, 0, 3372, 2296, 2705, 2684, 1813, 1826, 672, 301, 4503, 2019, 336, 901, 1062, 3183, 3402, 3964, 2847, 3706, 3122, 2013, 2886, 3183, 3165, 3613, 1083, 542, 1062, 2913, 3402, 3706, 672, 1826, 3020, 2718, 3825, 1424, 2085, 3038, 2475, 1062, 4246], [876, 1062, 3629, 2705, 3395, 2122, 3222, 3763, 4351, 3532, 2855, 3846, 2122, 1283, 3961, 1880, 4037, 4987, 3122, 425, 2847, 2013, 2475, 1678, 4880, 3372, 0, 2443, 672, 1757, 2819, 1832, 2819, 3629, 1143, 1424, 3355, 2990, 2803, 751, 542, 619, 913, 336, 3613, 1384, 1678, 751, 213, 2231, 3516, 3913, 3093, 1343, 961, 751, 3503, 4785, 3155, 2106, 2705, 3332, 1801, 2851, 3503, 2803, 876], [3151, 1478, 3651, 3355, 2851, 2149, 3422, 4003, 3651, 5014, 4171, 4185, 2149, 3294, 4120, 1545, 3464, 4185, 2256, 2231, 3490, 2705, 151, 3422, 4040, 2296, 2443, 0, 1951, 766, 3232, 2373, 1658, 2373, 3451, 1384, 2041, 1424, 1238, 1801, 2101, 3016, 2625, 2718, 4563, 1910, 950, 1801, 2330, 4054, 3155, 2705, 1343, 1210, 1826, 3133, 2855, 4120, 4246, 3402, 4461, 1274, 751, 4081, 1062, 1238, 3151], [1545, 475, 3093, 2271, 2767, 1501, 2705, 3277, 3727, 3428, 2659, 3385, 1501, 1384, 3464, 1210, 3422, 4361, 2461, 301, 2420, 1531, 2013, 1623, 4249, 2705, 672, 1951, 0, 1384, 2330, 1283, 2149, 2959, 1813, 766, 2684, 2330, 2149, 751, 809, 1283, 751, 1007, 3315, 751, 1384, 751, 475, 2251, 2913, 3246, 2443, 1083, 1051, 1210, 2867, 4171, 2886, 1856, 2705, 2705, 1238, 2621, 2990, 2149, 1545], [2406, 961, 3754, 3239, 3093, 2106, 3454, 4054, 3987, 4709, 3892, 4212, 2106, 2767, 4201, 1501, 3751, 4570, 2564, 1623, 3385, 2515, 751, 2978, 4433, 2684, 1757, 766, 1384, 0, 3183, 2185, 2013, 2831, 2705, 1093, 2497, 1922, 1711, 1062, 1359, 2296, 2122, 2002, 4413, 1617, 213, 1062, 1678, 3613, 3355, 3165, 1910, 451, 1062, 2484, 3133, 4461, 4040, 3090, 4054, 1957, 619, 3825, 1801, 1711, 2406], [3579, 2406, 850, 301, 1210, 1093, 425, 950, 1898, 2149, 1384, 1062, 1093, 2133, 1143, 1711, 1567, 2484, 1545, 2424, 336, 809, 3372, 1750, 2424, 1813, 2819, 3232, 2330, 3183, 0, 1062, 1910, 2090, 3751, 2106, 2085, 2334, 2344, 3060, 3133, 3246, 1957, 3090, 1384, 1658, 3315, 3060, 2621, 2002, 1062, 2149, 2547, 3151, 3355, 2767, 1359, 2216, 1210, 1143, 2101, 2971, 2621, 1238, 3872, 2344, 3579], [2655, 1351, 1813, 1062, 1623, 451, 1424, 2002, 2555, 2655, 1807, 2122, 451, 1531, 2185, 850, 2231, 3190, 1531, 1416, 1210, 336, 2497, 1359, 3093, 1826, 1832, 2373, 1283, 2185, 1062, 0, 1531, 2122, 2867, 1093, 1951, 1898, 1813, 2002, 2090, 2334, 1083, 2133, 2231, 601, 2296, 2002, 1623, 1898, 1698, 2330, 2090, 2106, 2296, 1957, 1750, 2971, 1880, 1083, 2216, 2484, 1678, 1711, 3190, 1813, 2655], [3691, 1832, 2090, 2133, 1210, 1093, 1957, 2484, 2002, 3995, 3165, 2684, 1093, 3001, 2564, 950, 1807, 2564, 601, 2424, 2231, 1757, 1807, 2886, 2424, 672, 2819, 1658, 2149, 2013, 1910, 1531, 0, 850, 3961, 1416, 542, 425, 475, 2555, 2791, 3428, 2420, 3155, 3291, 1531, 2216, 2555, 2621, 3422, 1531, 1173, 637, 2251, 2759, 3239, 1201, 2475, 3093, 2564, 3706, 1062, 1416, 3038, 2013, 475, 3691], [4503, 2672, 1910, 2373, 961, 1678, 1957, 2334, 1359, 4236, 3464, 2547, 1678, 3651, 2344, 1750, 1283, 1826, 601, 3222, 2424, 2251, 2515, 3454, 1678, 301, 3629, 2373, 2959, 2831, 2090, 2122, 850, 0, 4766, 2251, 336, 950, 1143, 3402, 3632, 4228, 3133, 3964, 3372, 2286, 3038, 3402, 3425, 3913, 1274, 336, 1062, 3093, 3607, 3987, 850, 1801, 3291, 3016, 4120, 1359, 2251, 3321, 2420, 1143, 4503], [301, 2185, 4593, 3579, 4476, 3211, 4171, 4661, 5420, 3913, 3422, 4709, 3211, 1757, 4868, 3020, 5097, 6055, 4246, 1545, 3706, 2978, 3454, 2231, 5956, 4503, 1143, 3451, 1813, 2705, 3751, 2867, 3961, 4766, 0, 2564, 4496, 4128, 3938, 1651, 1351, 542, 1807, 809, 4270, 2497, 2569, 1651, 1343, 2569, 4563, 5043, 4225, 2256, 1678, 1007, 4593, 5836, 3796, 2819, 3005, 4443, 2886, 3464, 4503, 3938, 301], [2286, 425, 2738, 2149, 2216, 1062, 2406, 3005, 3165, 3663, 2831, 3151, 1062, 1951, 3165, 542, 2886, 3787, 1807, 1062, 2296, 1424, 1486, 2041, 3663, 2019, 1424, 1384, 766, 1093, 2106, 1093, 1416, 2251, 2564, 0, 1957, 1567, 1384, 1173, 1384, 2041, 1283, 1757, 3321, 542, 1210, 1173, 1238, 2672, 2424, 2555, 1678, 1062, 1416, 1951, 2291, 3629, 2956, 2041, 3079, 1951, 637, 2755, 2349, 1384, 2286], [4228, 2373, 2041, 2349, 1083, 1501, 2019, 2461, 1651, 4228, 3428, 2672, 1501, 3464, 2497, 1478, 1531, 2149, 542, 2956, 2420, 2122, 2185, 3304, 2002, 336, 3355, 2041, 2684, 2497, 2085, 1951, 542, 336, 4496, 1957, 0, 619, 809, 3093, 3332, 3961, 2913, 3691, 3422, 2041, 2705, 3093, 3155, 3799, 1416, 672, 751, 2767, 3291, 3751, 1007, 2106, 3294, 2913, 4040, 1093, 1922, 3291, 2149, 809, 4228], [3846, 1951, 2484, 2555, 1567, 1478, 2373, 2886, 2256, 4413, 3579, 3090, 1478, 3315, 2956, 1201, 2106, 2767, 950, 2621, 2655, 2149, 1567, 3239, 2621, 901, 2990, 1424, 2330, 1922, 2334, 1898, 425, 950, 4128, 1567, 619, 0, 213, 2625, 2886, 3607, 2701, 3321, 3715, 1801, 2133, 2625, 2803, 3796, 1898, 1283, 213, 2231, 2791, 3480, 1531, 2718, 3516, 2956, 4098, 637, 1384, 3454, 1617, 213, 3846], [3654, 1757, 2564, 2547, 1678, 1416, 2420, 2956, 2420, 4382, 3541, 3155, 1416, 3183, 3038, 1062, 2251, 2948, 1062, 2443, 2655, 2085, 1384, 3133, 2803, 1062, 2803, 1238, 2149, 1711, 2344, 1813, 475, 1143, 3938, 1384, 809, 213, 0, 2420, 2684, 3422, 2555, 3133, 3727, 1658, 1922, 2420, 2621, 3706, 2002, 1478, 301, 2019, 2582, 3315, 1658, 2886, 3503, 2886, 4026, 672, 1173, 3422, 1545, 1, 3654], [1351, 751, 3796, 3016, 3372, 2149, 3422, 4003, 4328, 4128, 3385, 4120, 2149, 1957, 4185, 1711, 4040, 4953, 2978, 809, 3165, 2271, 1807, 2286, 4831, 3183, 751, 1801, 751, 1062, 3060, 2002, 2555, 3402, 1651, 1173, 3093, 2625, 2420, 0, 301, 1238, 1424, 950, 4062, 1424, 950, 1, 751, 2886, 3557, 3715, 2684, 619, 301, 1501, 3454, 4787, 3629, 2590, 3355, 2847, 1283, 3355, 2855, 2420, 1351], [1051, 961, 3901, 3060, 3541, 2291, 3512, 4081, 4501, 4040, 3332, 4185, 2291, 1813, 4270, 1910, 4204, 5132, 3183, 751, 3208, 2330, 2106, 2185, 5014, 3402, 542, 2101, 809, 1359, 3133, 2090, 2791, 3632, 1351, 1384, 3332, 2886, 2684, 301, 0, 950, 1359, 672, 4051, 1545, 1238, 301, 619, 2759, 3706, 3938, 2956, 913, 425, 1274, 3632, 4953, 3604, 2555, 3232, 3133, 1567, 3315, 3155, 2684, 1051], [336, 1678, 4081, 3090, 3938, 2672, 3663, 4169, 4885, 3604, 3035, 4228, 2672, 1359, 4374, 2484, 4563, 5521, 3706, 1007, 3222, 2461, 3035, 1826, 5420, 3964, 619, 3016, 1283, 2296, 3246, 2334, 3428, 4228, 542, 2041, 3961, 3607, 3422, 1238, 950, 0, 1291, 301, 3857, 1957, 2185, 1238, 809, 2256, 4032, 4503, 3712, 1856, 1343, 601, 4054, 5304, 3385, 2373, 2718, 3947, 2406, 3060, 4076, 3422, 336], [1623, 1173, 2791, 1813, 2705, 1478, 2373, 2886, 3632, 2705, 1974, 2956, 1478, 672, 3090, 1501, 3304, 4265, 2564, 619, 1951, 1173, 2705, 876, 4171, 2847, 913, 2625, 751, 2122, 1957, 1083, 2420, 3133, 1807, 1283, 2913, 2701, 2555, 1424, 1359, 1291, 0, 1143, 2705, 901, 2133, 1424, 751, 1501, 2767, 3372, 2855, 1832, 1711, 876, 2831, 4037, 2251, 1201, 1957, 3183, 1880, 1957, 3626, 2555, 1623], [542, 1384, 3913, 2956, 3715, 2443, 3500, 4026, 4668, 3629, 3005, 4098, 2443, 1359, 4228, 2216, 4351, 5304, 3454, 751, 3093, 2291, 2738, 1801, 5199, 3706, 336, 2718, 1007, 2002, 3090, 2133, 3155, 3964, 809, 1757, 3691, 3321, 3133, 950, 672, 301, 1143, 0, 3799, 1711, 1898, 950, 542, 2296, 3825, 4246, 3422, 1567, 1083, 672, 3825, 5097, 3332, 2296, 2767, 3651, 2106, 3016, 3778, 3133, 542], [4185, 3532, 1567, 1210, 2420, 2420, 1416, 1210, 2738, 1062, 876, 1051, 2420, 2515, 1351, 3020, 2475, 3151, 2882, 3301, 1083, 1898, 4697, 2041, 3155, 3122, 3613, 4563, 3315, 4413, 1384, 2231, 3291, 3372, 4270, 3321, 3422, 3715, 3727, 4062, 4051, 3857, 2705, 3799, 0, 2803, 4513, 4062, 3454, 1832, 2149, 3355, 3927, 4296, 4361, 3277, 2551, 2851, 475, 1508, 1596, 4351, 3901, 809, 5251, 3727, 4185], [2251, 751, 2373, 1658, 2019, 751, 2002, 2590, 2978, 3122, 2291, 2718, 751, 1531, 2767, 601, 2672, 3613, 1750, 961, 1807, 913, 2019, 1545, 3503, 2013, 1384, 1910, 751, 1617, 1658, 601, 1531, 2286, 2497, 542, 2041, 1801, 1658, 1424, 1545, 1957, 901, 1711, 2803, 0, 1711, 1424, 1173, 2164, 2164, 2551, 1957, 1508, 1711, 1711, 2122, 3422, 2424, 1501, 2555, 2296, 1173, 2216, 2831, 1658, 2251], [2271, 1007, 3913, 3355, 3277, 2251, 3601, 4201, 4180, 4766, 3961, 4354, 2251, 2759, 4354, 1658, 3938, 4768, 2759, 1596, 3503, 2621, 913, 3001, 4632, 2886, 1678, 950, 1384, 213, 3315, 2296, 2216, 3038, 2569, 1210, 2705, 2133, 1922, 950, 1238, 2185, 2133, 1898, 4513, 1711, 0, 950, 1623, 3632, 3532, 3372, 2122, 336, 901, 2420, 3321, 4653, 4128, 3155, 4081, 2164, 809, 3901, 1957, 1922, 2271], [1351, 751, 3796, 3016, 3372, 2149, 3422, 4003, 4328, 4128, 3385, 4120, 2149, 1957, 4185, 1711, 4040, 4953, 2978, 809, 3165, 2271, 1807, 2286, 4831, 3183, 751, 1801, 751, 1062, 3060, 2002, 2555, 3402, 1651, 1173, 3093, 2625, 2420, 1, 301, 1238, 1424, 950, 4062, 1424, 950, 0, 751, 2886, 3557, 3715, 2684, 619, 301, 1501, 3454, 4787, 3629, 2590, 3355, 2847, 1283, 3355, 2855, 2420, 1351], [1083, 901, 3425, 2515, 3183, 1910, 3020, 3566, 4139, 3422, 2718, 3654, 1910, 1210, 3763, 1678, 3825, 4775, 2913, 213, 2659, 1813, 2373, 1567, 4668, 3165, 213, 2330, 475, 1678, 2621, 1623, 2621, 3425, 1343, 1238, 3155, 2803, 2621, 751, 619, 809, 751, 542, 3454, 1173, 1623, 751, 0, 2149, 3304, 3706, 2913, 1291, 1007, 809, 3291, 4573, 3001, 1951, 2621, 3165, 1658, 2705, 3385, 2621, 1083], [2551, 2655, 2759, 1711, 3165, 2330, 2373, 2625, 3895, 1351, 961, 2582, 2330, 950, 2831, 2684, 3566, 4461, 3315, 2085, 1757, 1678, 4150, 637, 4413, 3613, 2231, 4054, 2251, 3613, 2002, 1898, 3422, 3913, 2569, 2672, 3799, 3796, 3706, 2886, 2759, 2256, 1501, 2296, 1832, 2164, 3632, 2886, 2149, 0, 3060, 4051, 3987, 3332, 3155, 1658, 3315, 4180, 1384, 901, 475, 4374, 3304, 1062, 4994, 3706, 2551], [4351, 2819, 637, 1359, 336, 1416, 766, 1062, 876, 3093, 2406, 1274, 1416, 3090, 1083, 1898, 542, 1501, 950, 3093, 1351, 1623, 3304, 2759, 1416, 1083, 3516, 3155, 2913, 3355, 1062, 1698, 1531, 1274, 4563, 2424, 1416, 1898, 2002, 3557, 3706, 4032, 2767, 3825, 2149, 2164, 3532, 3557, 3304, 3060, 0, 1210, 2090, 3464, 3825, 3632, 425, 1274, 2149, 2185, 3155, 2484, 2738, 2256, 3512, 2002, 4351], [4787, 2978, 1832, 2443, 950, 1898, 1951, 2251, 1093, 4270, 3532, 2461, 1898, 3857, 2231, 2041, 1083, 1508, 809, 3500, 2475, 2420, 2847, 3629, 1359, 542, 3913, 2705, 3246, 3165, 2149, 2330, 1173, 336, 5043, 2555, 672, 1283, 1478, 3715, 3938, 4503, 3372, 4246, 3355, 2551, 3372, 3715, 3706, 4051, 1210, 0, 1384, 3422, 3927, 4236, 809, 1508, 3321, 3151, 4225, 1651, 2582, 3385, 2705, 1478, 4787], [3938, 2041, 2684, 2767, 1757, 1678, 2582, 3090, 2401, 4622, 3787, 3294, 1678, 3480, 3155, 1359, 2271, 2886, 1143, 2738, 2867, 2349, 1478, 3422, 2738, 1062, 3093, 1343, 2443, 1910, 2547, 2090, 637, 1062, 4225, 1678, 751, 213, 301, 2684, 2956, 3712, 2855, 3422, 3927, 1957, 2122, 2684, 2913, 3987, 2090, 1384, 0, 2251, 2831, 3613, 1711, 2855, 3727, 3155, 4296, 425, 1416, 3663, 1424, 301, 3938], [1957, 766, 3799, 3165, 3232, 2122, 3464, 4062, 4161, 4496, 3706, 4204, 2122, 2443, 4225, 1567, 3901, 4766, 2755, 1274, 3315, 2420, 1201, 2705, 4634, 2913, 1343, 1210, 1083, 451, 3151, 2106, 2251, 3093, 2256, 1062, 2767, 2231, 2019, 619, 913, 1856, 1832, 1567, 4296, 1508, 336, 619, 1291, 3332, 3464, 3422, 2251, 0, 619, 2085, 3291, 4632, 3895, 2898, 3787, 2349, 850, 3654, 2251, 2019, 1957], [1384, 1007, 4081, 3315, 3629, 2424, 3712, 4296, 4580, 4413, 3678, 4415, 2424, 2216, 4476, 1957, 4299, 5201, 3211, 1093, 3464, 2569, 1807, 2564, 5077, 3402, 961, 1826, 1051, 1062, 3355, 2296, 2759, 3607, 1678, 1416, 3291, 2791, 2582, 301, 425, 1343, 1711, 1083, 4361, 1711, 901, 301, 1007, 3155, 3825, 3927, 2831, 619, 0, 1698, 3706, 5043, 3927, 2886, 3626, 2956, 1416, 3651, 2855, 2582, 1384], [913, 1678, 3613, 2582, 3579, 2349, 3190, 3663, 4501, 3005, 2443, 3706, 2349, 766, 3872, 2296, 4171, 5132, 3428, 913, 2705, 2019, 3179, 1238, 5041, 3706, 751, 3133, 1210, 2484, 2767, 1957, 3239, 3987, 1007, 1951, 3751, 3480, 3315, 1501, 1274, 601, 876, 672, 3277, 1711, 2420, 1501, 809, 1658, 3632, 4236, 3613, 2085, 1698, 0, 3706, 4898, 2803, 1813, 2122, 3901, 2443, 2475, 4185, 3315, 913], [4361, 2705, 1062, 1658, 151, 1384, 1143, 1486, 876, 3464, 2738, 1698, 1384, 3232, 1501, 1750, 619, 1501, 601, 3079, 1678, 1757, 3005, 2948, 1384, 672, 3503, 2855, 2867, 3133, 1359, 1750, 1201, 850, 4593, 2291, 1007, 1531, 1658, 3454, 3632, 4054, 2831, 3825, 2551, 2122, 3321, 3454, 3291, 3315, 425, 809, 1711, 3291, 3706, 3706, 0, 1343, 2515, 2420, 3454, 2090, 2515, 2590, 3133, 1658, 4361], [5623, 4040, 1424, 2484, 1416, 2672, 1813, 1658, 475, 3904, 3385, 1801, 2672, 4328, 1501, 3090, 751, 301, 1898, 4361, 2424, 2882, 4267, 3964, 336, 1826, 4785, 4120, 4171, 4461, 2216, 2971, 2475, 1801, 5836, 3629, 2106, 2718, 2886, 4787, 4953, 5304, 4037, 5097, 2851, 3422, 4653, 4787, 4573, 4180, 1274, 1508, 2855, 4632, 5043, 4898, 1343, 0, 3035, 3355, 4185, 3155, 3846, 3239, 4212, 2886, 5623], [3712, 3133, 1651, 961, 2373, 2133, 1384, 1384, 2851, 950, 425, 1283, 2133, 2041, 1567, 2705, 2555, 3332, 2755, 2855, 876, 1545, 4374, 1567, 3315, 3020, 3155, 4246, 2886, 4040, 1210, 1880, 3093, 3291, 3796, 2956, 3294, 3516, 3503, 3629, 3604, 3385, 2251, 3332, 475, 2424, 4128, 3629, 3001, 1384, 2149, 3321, 3727, 3895, 3927, 2803, 2515, 3035, 0, 1051, 1210, 4150, 3557, 336, 4996, 3503, 3712], [2705, 2149, 1957, 876, 2271, 1478, 1545, 1910, 3038, 1623, 809, 1922, 1478, 1083, 2122, 1922, 2705, 3626, 2420, 1807, 961, 809, 3516, 637, 3566, 2718, 2106, 3402, 1856, 3090, 1143, 1083, 2564, 3016, 2819, 2041, 2913, 2956, 2886, 2590, 2555, 2373, 1201, 2296, 1508, 1501, 3155, 2590, 1951, 901, 2185, 3151, 3155, 2898, 2886, 1813, 2420, 3355, 1051, 0, 1143, 3557, 2672, 766, 4265, 2886, 2705], [3005, 3093, 2767, 1801, 3304, 2621, 2420, 2564, 3947, 913, 809, 2484, 2621, 1424, 2759, 3038, 3629, 4476, 3532, 2551, 1807, 1951, 4563, 1083, 4443, 3825, 2705, 4461, 2705, 4054, 2101, 2216, 3706, 4120, 3005, 3079, 4040, 4098, 4026, 3355, 3232, 2718, 1957, 2767, 1596, 2555, 4081, 3355, 2621, 475, 3155, 4225, 4296, 3787, 3626, 2122, 3454, 4185, 1210, 1143, 0, 4697, 3715, 950, 5372, 4026, 3005], [4150, 2271, 3090, 3190, 2149, 2085, 3001, 3500, 2718, 5041, 4204, 3706, 2085, 3825, 3557, 1711, 2621, 3155, 1545, 3005, 3291, 2755, 1384, 3796, 3005, 1424, 3332, 1274, 2705, 1957, 2971, 2484, 1062, 1359, 4443, 1951, 1093, 637, 672, 2847, 3133, 3947, 3183, 3651, 4351, 2296, 2164, 2847, 3165, 4374, 2484, 1651, 425, 2349, 2956, 3901, 2090, 3155, 4150, 3557, 4697, 0, 1567, 4081, 1062, 672, 4150], [2590, 766, 3151, 2705, 2475, 1531, 2867, 3464, 3372, 4291, 3454, 3629, 1531, 2551, 3604, 913, 3133, 3961, 1951, 1531, 2847, 2013, 850, 2672, 3825, 2085, 1801, 751, 1238, 619, 2621, 1678, 1416, 2251, 2886, 637, 1922, 1384, 1173, 1283, 1567, 2406, 1880, 2106, 3901, 1173, 809, 1283, 1658, 3304, 2738, 2582, 1416, 850, 1416, 2443, 2515, 3846, 3557, 2672, 3715, 1567, 0, 3372, 1757, 1173, 2590], [3385, 2898, 1826, 950, 2443, 2019, 1501, 1617, 3016, 961, 151, 1545, 2019, 1711, 1813, 2555, 2705, 3532, 2759, 2569, 913, 1384, 4204, 1238, 3503, 3038, 2851, 4081, 2621, 3825, 1238, 1711, 3038, 3321, 3464, 2755, 3291, 3454, 3422, 3355, 3315, 3060, 1957, 3016, 809, 2216, 3901, 3355, 2705, 1062, 2256, 3385, 3663, 3654, 3651, 2475, 2590, 3239, 336, 766, 950, 4081, 3372, 0, 4880, 3422, 3385], [4204, 2515, 4098, 4054, 3179, 2867, 3964, 4496, 3778, 5836, 4987, 4697, 2867, 4296, 4570, 2344, 3678, 4201, 2564, 3277, 4171, 3503, 1051, 4374, 4051, 2475, 3503, 1062, 2990, 1801, 3872, 3190, 2013, 2420, 4503, 2349, 2149, 1617, 1545, 2855, 3155, 4076, 3626, 3778, 5251, 2831, 1957, 2855, 3385, 4994, 3512, 2705, 1424, 2251, 2855, 4185, 3133, 4212, 4996, 4265, 5372, 1062, 1757, 4880, 0, 1545, 4204], [3654, 1757, 2564, 2547, 1678, 1416, 2420, 2956, 2420, 4382, 3541, 3155, 1416, 3183, 3038, 1062, 2251, 2948, 1062, 2443, 2655, 2085, 1384, 3133, 2803, 1062, 2803, 1238, 2149, 1711, 2344, 1813, 475, 1143, 3938, 1384, 809, 213, 1, 2420, 2684, 3422, 2555, 3133, 3727, 1658, 1922, 2420, 2621, 3706, 2002, 1478, 301, 2019, 2582, 3315, 1658, 2886, 3503, 2886, 4026, 672, 1173, 3422, 1545, 0, 3654], [1, 1898, 4413, 3425, 4249, 2978, 3995, 4503, 5199, 3901, 3355, 4563, 2978, 1678, 4709, 2755, 4880, 5836, 3995, 1291, 3557, 2791, 3155, 2149, 5732, 4246, 876, 3151, 1545, 2406, 3579, 2655, 3691, 4503, 301, 2286, 4228, 3846, 3654, 1351, 1051, 336, 1623, 542, 4185, 2251, 2271, 1351, 1083, 2551, 4351, 4787, 3938, 1957, 1384, 913, 4361, 5623, 3712, 2705, 3005, 4150, 2590, 3385, 4204, 3654, 0]], 'ttd': [[0, 950, 2207, 1713, 2125, 1490, 1998, 2252, 2600, 1951, 1678, 2282, 1490, 840, 2355, 1378, 2441, 2918, 1998, 646, 1779, 1396, 1578, 1075, 2867, 2124, 438, 1576, 773, 1203, 1790, 1328, 1846, 2252, 151, 1143, 2114, 1923, 1827, 676, 526, 169, 812, 271, 2093, 1126, 1136, 676, 542, 1276, 2176, 2394, 1970, 979, 692, 457, 2181, 2812, 1856, 1353, 1503, 2075, 1296, 1693, 2102, 1827, 1], [950, 0, 1547, 1203, 1313, 713, 1370, 1666, 1790, 1880, 1478, 1733, 713, 916, 1752, 481, 1648, 2102, 1116, 383, 1278, 829, 773, 1010, 2041, 1222, 531, 740, 238, 481, 1203, 676, 916, 1336, 1093, 213, 1187, 976, 879, 376, 481, 840, 587, 692, 1766, 376, 504, 376, 451, 1328, 1410, 1490, 1021, 383, 504, 840, 1353, 2020, 1567, 1075, 1547, 1136, 383, 1449, 1258, 879, 950], [2207, 1547, 0, 542, 481, 840, 213, 213, 601, 1285, 987, 319, 840, 1490, 238, 1128, 457, 856, 773, 1611, 504, 812, 1900, 1291, 840, 856, 1815, 1826, 1547, 1877, 425, 907, 1046, 956, 2297, 1370, 1021, 1242, 1283, 1898, 1951, 2041, 1396, 1957, 784, 1187, 1957, 1898, 1713, 1380, 319, 916, 1343, 1900, 2041, 1807, 531, 713, 826, 979, 1384, 1545, 1576, 913, 2049, 1283, 2207], [1713, 1203, 542, 0, 755, 606, 336, 542, 1093, 941, 547, 572, 606, 956, 646, 907, 929, 1380, 907, 1165, 76, 376, 1745, 751, 1353, 1046, 1353, 1678, 1136, 1620, 151, 531, 1067, 1187, 1790, 1075, 1175, 1278, 1274, 1508, 1531, 1545, 907, 1478, 606, 829, 1678, 1508, 1258, 856, 680, 1222, 1384, 1583, 1658, 1291, 829, 1242, 481, 438, 901, 1596, 1353, 475, 2027, 1274, 1713], [2125, 1313, 481, 755, 0, 637, 504, 692, 481, 1661, 1296, 798, 637, 1547, 709, 840, 336, 798, 310, 1486, 766, 809, 1501, 1402, 743, 376, 1698, 1426, 1384, 1547, 606, 812, 606, 481, 2238, 1108, 542, 784, 840, 1686, 1771, 1970, 1353, 1858, 1210, 1010, 1639, 1686, 1592, 1583, 169, 475, 879, 1617, 1815, 1790, 76, 709, 1187, 1136, 1653, 1075, 1238, 1222, 1590, 840, 2125], [1490, 713, 840, 606, 637, 0, 676, 976, 1116, 1490, 1067, 1054, 1, 987, 1054, 310, 961, 1434, 547, 850, 672, 336, 1143, 904, 1380, 692, 1062, 1075, 751, 1054, 547, 226, 547, 840, 1606, 531, 751, 740, 709, 1075, 1146, 1336, 740, 1222, 1210, 376, 1126, 1075, 956, 1165, 709, 950, 840, 1062, 1213, 1175, 692, 1336, 1067, 740, 1311, 1043, 766, 1010, 1434, 709, 1490], [1998, 1370, 213, 336, 504, 676, 0, 301, 766, 1165, 826, 383, 676, 1278, 383, 979, 606, 1046, 743, 1410, 310, 606, 1784, 1083, 1021, 856, 1611, 1711, 1353, 1728, 213, 713, 979, 979, 2086, 1203, 1010, 1187, 1210, 1711, 1757, 1832, 1187, 1750, 709, 1002, 1801, 1711, 1510, 1187, 383, 976, 1291, 1733, 1856, 1596, 572, 907, 692, 773, 1210, 1501, 1434, 751, 1982, 1210, 1998], [2252, 1666, 213, 542, 692, 976, 301, 0, 766, 1126, 879, 107, 976, 1490, 107, 1278, 642, 979, 979, 1686, 481, 879, 2075, 1274, 976, 1067, 1882, 2002, 1639, 2027, 475, 1002, 1242, 1168, 2331, 1503, 1231, 1444, 1478, 2002, 2041, 2085, 1444, 2013, 606, 1296, 2101, 2002, 1784, 1313, 531, 1126, 1545, 2032, 2149, 1832, 743, 829, 692, 956, 1283, 1750, 1733, 809, 2248, 1478, 2252], [2600, 1790, 601, 1093, 481, 1116, 766, 766, 0, 1882, 1583, 856, 1116, 1982, 713, 1313, 169, 319, 713, 1964, 1075, 1249, 1900, 1813, 271, 680, 2176, 1826, 1864, 1994, 950, 1278, 1002, 680, 2710, 1583, 826, 1128, 1210, 2164, 2251, 2443, 1817, 2334, 1370, 1490, 2090, 2164, 2070, 1948, 438, 547, 1201, 2081, 2291, 2251, 438, 238, 1426, 1520, 1974, 1359, 1686, 1508, 1889, 1210, 2600], [1951, 1880, 1285, 941, 1661, 1490, 1165, 1126, 1882, 0, 425, 1054, 1490, 1136, 1203, 1752, 1741, 2102, 1846, 1661, 907, 1168, 2566, 929, 2101, 1981, 1766, 2508, 1715, 2355, 1075, 1328, 1998, 2118, 1957, 1832, 2114, 2207, 2191, 2065, 2020, 1803, 1353, 1815, 531, 1562, 2383, 2065, 1711, 676, 1547, 2136, 2311, 2248, 2207, 1503, 1733, 1952, 475, 812, 457, 2521, 2146, 481, 2918, 2191, 1951], [1678, 1478, 987, 547, 1296, 1067, 826, 879, 1583, 425, 0, 840, 1067, 840, 976, 1328, 1428, 1840, 1449, 1296, 531, 743, 2146, 606, 1826, 1590, 1428, 2086, 1330, 1947, 692, 904, 1583, 1733, 1711, 1416, 1715, 1790, 1771, 1693, 1666, 1518, 987, 1503, 438, 1146, 1981, 1693, 1359, 481, 1203, 1766, 1894, 1853, 1840, 1222, 1370, 1693, 213, 405, 405, 2102, 1728, 76, 2494, 1771, 1678], [2282, 1733, 319, 572, 798, 1054, 383, 107, 856, 1054, 840, 0, 1054, 1501, 151, 1359, 740, 1051, 1083, 1733, 504, 929, 2166, 1278, 1054, 1173, 1923, 2093, 1693, 2106, 531, 1062, 1343, 1274, 2355, 1576, 1336, 1545, 1578, 2060, 2093, 2114, 1478, 2049, 526, 1359, 2177, 2060, 1827, 1291, 637, 1231, 1648, 2102, 2208, 1853, 850, 901, 642, 961, 1242, 1853, 1815, 773, 2349, 1578, 2282], [1490, 713, 840, 606, 637, 1, 676, 976, 1116, 1490, 1067, 1054, 0, 987, 1054, 310, 961, 1434, 547, 850, 672, 336, 1143, 904, 1380, 692, 1062, 1075, 751, 1054, 547, 226, 547, 840, 1606, 531, 751, 740, 709, 1075, 1146, 1336, 740, 1222, 1210, 376, 1126, 1075, 956, 1165, 709, 950, 840, 1062, 1213, 1175, 692, 1336, 1067, 740, 1311, 1043, 766, 1010, 1434, 709, 1490], [840, 916, 1490, 956, 1547, 987, 1278, 1490, 1982, 1136, 840, 1501, 987, 0, 1596, 1062, 1815, 2291, 1531, 587, 1010, 740, 1686, 238, 2252, 1678, 642, 1648, 692, 1384, 1067, 766, 1501, 1826, 879, 976, 1733, 1658, 1592, 979, 907, 680, 336, 680, 1258, 766, 1380, 979, 606, 475, 1545, 1929, 1741, 1222, 1108, 383, 1617, 2164, 1021, 542, 713, 1913, 1276, 856, 2149, 1592, 840], [2355, 1752, 238, 646, 709, 1054, 383, 107, 713, 1203, 976, 151, 1054, 1596, 0, 1351, 606, 901, 1007, 1784, 587, 976, 2134, 1380, 904, 1083, 1981, 2060, 1733, 2101, 572, 1093, 1283, 1173, 2435, 1583, 1249, 1478, 1520, 2093, 2136, 2188, 1545, 2114, 676, 1384, 2177, 2093, 1882, 1416, 542, 1116, 1578, 2113, 2238, 1937, 751, 751, 784, 1062, 1380, 1779, 1803, 907, 2286, 1520, 2355], [1378, 481, 1128, 907, 840, 310, 979, 1278, 1313, 1752, 1328, 1359, 310, 1062, 1351, 0, 1175, 1623, 637, 740, 976, 587, 840, 1046, 1562, 751, 941, 773, 606, 751, 856, 425, 475, 876, 1510, 271, 740, 601, 531, 856, 956, 1242, 751, 1108, 1510, 301, 829, 856, 840, 1343, 950, 1021, 680, 784, 979, 1148, 876, 1545, 1353, 961, 1520, 856, 457, 1278, 1173, 531, 1378], [2441, 1648, 457, 929, 336, 961, 606, 642, 169, 1741, 1428, 740, 961, 1815, 606, 1175, 0, 481, 606, 1807, 913, 1083, 1807, 1646, 438, 606, 2019, 1733, 1711, 1876, 784, 1116, 904, 642, 2549, 1444, 766, 1054, 1126, 2020, 2102, 2282, 1653, 2176, 1238, 1336, 1970, 2020, 1913, 1784, 271, 542, 1136, 1951, 2150, 2086, 310, 376, 1278, 1353, 1815, 1311, 1567, 1353, 1840, 1126, 2441], [2918, 2102, 856, 1380, 798, 1434, 1046, 979, 319, 2102, 1840, 1051, 1434, 2291, 901, 1623, 481, 0, 1007, 2282, 1353, 1562, 2166, 2114, 76, 950, 2494, 2093, 2181, 2286, 1242, 1596, 1283, 913, 3028, 1894, 1075, 1384, 1475, 2477, 2566, 2761, 2133, 2653, 1576, 1807, 2385, 2477, 2388, 2231, 751, 755, 1444, 2383, 2601, 2566, 751, 151, 1666, 1813, 2238, 1578, 1981, 1766, 2101, 1475, 2918], [1998, 1116, 773, 907, 310, 547, 743, 979, 713, 1846, 1449, 1083, 547, 1531, 1007, 637, 606, 1007, 0, 1353, 941, 826, 1203, 1428, 941, 151, 1562, 1128, 1231, 1283, 773, 766, 301, 301, 2124, 904, 271, 475, 531, 1490, 1592, 1853, 1283, 1728, 1442, 876, 1380, 1490, 1457, 1658, 475, 405, 572, 1378, 1606, 1715, 301, 950, 1378, 1210, 1766, 773, 976, 1380, 1283, 531, 1998], [646, 383, 1611, 1165, 1486, 850, 1410, 1686, 1964, 1661, 1296, 1733, 850, 587, 1784, 740, 1807, 2282, 1353, 0, 1238, 809, 1143, 740, 2228, 1480, 213, 1116, 151, 812, 1213, 709, 1213, 1611, 773, 531, 1478, 1311, 1222, 405, 376, 504, 310, 376, 1651, 481, 798, 405, 107, 1043, 1547, 1750, 1370, 637, 547, 457, 1540, 2181, 1428, 904, 1276, 1503, 766, 1285, 1639, 1222, 646], [1779, 1278, 504, 76, 766, 672, 310, 481, 1075, 907, 531, 504, 672, 1010, 587, 976, 913, 1353, 941, 1238, 0, 451, 1813, 798, 1330, 1075, 1424, 1745, 1210, 1693, 169, 606, 1116, 1213, 1853, 1148, 1210, 1328, 1328, 1583, 1604, 1611, 976, 1547, 542, 904, 1752, 1583, 1330, 879, 676, 1238, 1434, 1658, 1733, 1353, 840, 1213, 438, 481, 904, 1646, 1424, 457, 2086, 1328, 1779], [1396, 829, 812, 376, 809, 336, 606, 879, 1249, 1168, 743, 929, 336, 740, 976, 587, 1083, 1562, 826, 809, 451, 0, 1416, 606, 1520, 976, 1007, 1353, 766, 1258, 405, 169, 879, 1126, 1490, 713, 1062, 1075, 1043, 1136, 1165, 1231, 587, 1146, 950, 457, 1311, 1136, 907, 840, 812, 1210, 1175, 1210, 1285, 1010, 879, 1442, 773, 405, 976, 1378, 1007, 692, 1752, 1043, 1396], [1578, 773, 1900, 1745, 1501, 1143, 1784, 2075, 1900, 2566, 2146, 2166, 1143, 1686, 2134, 840, 1807, 2166, 1203, 1143, 1813, 1416, 0, 1758, 2093, 1222, 1238, 76, 1007, 376, 1686, 1249, 904, 1258, 1728, 743, 1093, 784, 692, 904, 1054, 1518, 1353, 1370, 2349, 1010, 457, 904, 1187, 2075, 1653, 1424, 740, 601, 904, 1590, 1503, 2134, 2188, 1758, 2282, 692, 425, 2102, 526, 692, 1578], [1075, 1010, 1291, 751, 1402, 904, 1083, 1274, 1813, 929, 606, 1278, 904, 238, 1380, 1046, 1646, 2114, 1428, 740, 798, 606, 1758, 0, 2081, 1578, 840, 1711, 812, 1490, 876, 680, 1444, 1728, 1116, 1021, 1653, 1620, 1567, 1143, 1093, 913, 438, 901, 1021, 773, 1501, 1143, 784, 319, 1380, 1815, 1711, 1353, 1283, 619, 1475, 1982, 784, 319, 542, 1898, 1336, 619, 2188, 1567, 1075], [2867, 2041, 840, 1353, 743, 1380, 1021, 976, 271, 2101, 1826, 1054, 1380, 2252, 904, 1562, 438, 76, 941, 2228, 1330, 1520, 2093, 2081, 0, 879, 2441, 2020, 2125, 2217, 1213, 1547, 1213, 840, 2978, 1832, 1002, 1311, 1402, 2416, 2508, 2710, 2086, 2600, 1578, 1752, 2316, 2416, 2334, 2207, 709, 680, 1370, 2318, 2539, 2521, 692, 169, 1658, 1784, 2222, 1503, 1913, 1752, 2026, 1402, 2867], [2124, 1222, 856, 1046, 376, 692, 856, 1067, 680, 1981, 1590, 1173, 692, 1678, 1083, 751, 606, 950, 151, 1480, 1075, 976, 1222, 1578, 879, 0, 1686, 1148, 1353, 1343, 907, 913, 336, 151, 2252, 1010, 169, 451, 531, 1592, 1701, 1982, 1424, 1853, 1562, 1007, 1444, 1592, 1583, 1807, 542, 271, 531, 1457, 1701, 1853, 336, 913, 1510, 1359, 1913, 713, 1043, 1520, 1238, 531, 2124], [438, 531, 1815, 1353, 1698, 1062, 1611, 1882, 2176, 1766, 1428, 1923, 1062, 642, 1981, 941, 2019, 2494, 1562, 213, 1424, 1007, 1238, 840, 2441, 1686, 0, 1222, 336, 879, 1410, 916, 1410, 1815, 572, 713, 1678, 1495, 1402, 376, 271, 310, 457, 169, 1807, 692, 840, 376, 107, 1116, 1758, 1957, 1547, 672, 481, 376, 1752, 2393, 1578, 1054, 1353, 1666, 901, 1426, 1752, 1402, 438], [1576, 740, 1826, 1678, 1426, 1075, 1711, 2002, 1826, 2508, 2086, 2093, 1075, 1648, 2060, 773, 1733, 2093, 1128, 1116, 1745, 1353, 76, 1711, 2020, 1148, 1222, 0, 976, 383, 1617, 1187, 829, 1187, 1726, 692, 1021, 713, 619, 901, 1051, 1508, 1313, 1359, 2282, 956, 475, 901, 1165, 2027, 1578, 1353, 672, 606, 913, 1567, 1428, 2060, 2124, 1701, 2231, 637, 376, 2041, 531, 619, 1576], [773, 238, 1547, 1136, 1384, 751, 1353, 1639, 1864, 1715, 1330, 1693, 751, 692, 1733, 606, 1711, 2181, 1231, 151, 1210, 766, 1007, 812, 2125, 1353, 336, 976, 0, 692, 1165, 642, 1075, 1480, 907, 383, 1343, 1165, 1075, 376, 405, 642, 376, 504, 1658,