{'nodes': [(0, 0, 0, 0, 48000, 0, False), (1, -5.836742263615583, -2.4683265832369905, 647, 5102, 20, True), (2, -1.230269706883643, 2.3789527191258175, 27198, 33625, 20, True), (3, 10.660973781039178, 5.245305866907885, 26129, 30764, 40, True), (4, -0.37685007996845726, -0.6262720530282276, 2334, 3449, 20, True), (5, 0.29607545153693504, -0.31889922228520523, 7123, 15479, 50, True), (6, 12.030280234239934, 2.1393781071723286, 20837, 27089, 10, True), (7, -3.2912141614932127, 2.229434923577736, 16888, 24333, 40, True), (8, -2.4300440982351885, 1.3620757205040652, 41874, 48000, 10, True), (9, 0.24792179674605597, -11.547369908405893, 12158, 17403, 20, True), (10, 18.432682370889758, 0.1771215917324673, 14810, 23074, 50, True), (11, 15.40673264237403, -12.658329890917718, 9943, 15358, 20, False), (12, -0.96935921126263, -1.0982245820512329, 20710, 27427, 30, True), (13, 7.563152616730694, -6.675197499358485, 10608, 20659, 50, True), (14, -13.460645491456456, 2.864061151747589, 6993, 13894, 30, True), (15, 3.5555593137480708, 1.310005287048715, 37125, 43921, 20, True), (16, 6.458389114174917, 4.530772354285347, 20844, 26233, 10, True), (17, 0.15295801238407578, 0.17267209180792106, 43111, 48000, 50, True), (18, 5.148242749463123, -3.244100997711482, 24710, 31831, 20, True), (19, 9.768797326050622, -8.584346125771262, 25003, 31844, 30, False), (20, -6.615646714391833, -1.3405276480078447, 33356, 41888, 40, True), (21, -7.256110265616853, 9.084575841737806, 12757, 19898, 20, True), (22, -4.374808532964647, 2.0375623156675275, 9366, 15298, 40, True), (23, 5.254058500534773, -2.825673939373192, 36355, 40989, 40, False), (24, -0.4277468328059515, 4.343554799467036, 9292, 15159, 10, False), (25, 6.921428871250405, 12.010458837348086, 1808, 8501, 20, True), (26, 1.2082095458760114, 2.910668074136106, 23245, 32640, 10, True), (27, -2.278943718390574, 0.009117592850806336, 34529, 36144, 40, True), (28, -1.1397836181838683, 11.528209043332188, 14344, 21519, 30, True), (29, -6.669801822161559, -1.133885217541015, 40631, 47444, 20, True), (30, -1.957593154162697, -6.163704502979088, 6466, 12693, 20, True), (31, 2.4920772545345127, 0.8595529435956668, 31013, 42718, 10, True), (32, -0.9402761780927402, -9.304224516166224, 40414, 45931, 10, True), (33, -0.05487031960487838, -10.096198290011905, 16431, 21641, 30, True), (34, -8.65341265298351, 24.79777913657574, 6348, 15656, 50, True), (35, 8.655747654192156, 3.3091669303304094, 38669, 44817, 20, True), (36, -3.3578038252183577, 2.541992916859342, 34828, 40418, 10, True), (37, -0.3784011644189746, 2.643663149629958, 23424, 26981, 10, True), (38, 3.6210020232970135, 0.05091108028867053, 11421, 17166, 40, True), (39, 8.87931386251208, 7.766763099559347, 38231, 44735, 40, True), (40, 3.2512425836831733, -6.644851632602859, 4950, 9449, 50, True), (41, -0.9774322986182383, 0.13956152243168704, 4909, 13809, 30, True), (42, 14.948574157250018, 12.177723773871032, 38337, 44773, 50, True), (43, -7.296074509749463, -1.390505365271663, 38658, 46618, 20, True), (44, -2.624259946278086, -10.03510450009785, 39696, 46228, 20, True), (45, 2.578970407276821, -9.893910287599331, 40960, 47487, 20, True), (46, -15.53110195255472, 0.26196314623381345, 39678, 46092, 40, False), (47, -1.2119079361510072, -8.485266777010981, 8938, 16674, 20, True), (48, 27.936936641236798, 12.489120267074881, 29921, 34684, 10, True), (49, 5.673326305179084, -2.668474660557218, 25741, 32294, 10, True), (50, -0.7236767615678266, 0.031320821358530045, 34749, 43083, 40, True), (51, 3.7120222880183147, 17.138004793292513, 12438, 18969, 30, True), (52, 9.16233211643776, -11.991184312141874, 26601, 31390, 50, True), (53, -3.4190215849609173, 0.04922457882946565, 15158, 19608, 50, True), (54, -10.765151245078759, -23.50121108036856, 34267, 44151, 50, True), (55, -0.9685944874361527, -7.5037367094856435, 12807, 19747, 40, True), (56, 2.3101395799486872, -11.715946778934883, 12284, 18250, 40, True), (57, 4.450126764545843, -4.648840853487367, 35181, 44032, 50, True), (58, -6.860947269358475, -16.132407080503253, 17135, 24055, 40, True), (59, 8.708261443107618, 1.4529883131651045, 24386, 31820, 20, True), (60, -6.675509552752119, 13.203388640995678, 33207, 43015, 10, True), (61, -0.17548870890372895, -0.5495106670370317, 4, 6316, 20, True), (62, -1.8089442660890453, 15.775944898636594, 30779, 37018, 30, True), (63, 12.230950659324645, 8.961235758639601, 14319, 20051, 50, False), (64, -3.2915625737604155, 0.37196665070500406, 41897, 48000, 50, True), (65, 2.3014479858558383, 5.571011357263333, 31133, 34713, 30, False), (66, 0.4380761733423467, -1.173207653982494, 6742, 11505, 50, True), (67, -1.6816708395727415, 5.855099274794045, 336, 5409, 40, False), (68, -10.238198302587978, 0.9004413358919038, 17842, 26458, 20, True), (69, 3.017451782974636, -3.9330626424383546, 28191, 35344, 20, True), (70, -3.0914268822647117, 2.65238403211092, 26735, 31674, 40, True), (71, 0.016145372599973166, -23.422703962272543, 27395, 31931, 30, True), (72, -13.276322483341461, -2.1847757718705534, 38905, 45883, 50, True), (73, -2.456133259510116, 5.663067464755129, 12730, 17899, 20, True), (74, -3.0292758600374623, 8.13599088708756, 40707, 48000, 10, True), (75, -4.24099549030368, -13.149742349679196, 13022, 24061, 50, True), (76, 0.34270285071548406, -1.7253953759022445, 8191, 15984, 20, True), (77, -14.590232134386529, -3.0968286289270504, 12525, 17366, 10, True), (78, -1.0499160310404252, -4.05982578270313, 41785, 47823, 10, True), (79, 7.444230581667279, 4.93027187628416, 37022, 46186, 30, True), (80, -7.654279264484692, 13.42592463965785, 25978, 29018, 40, True), (81, 3.8181586663333107, 1.8295773811909863, 40825, 47532, 40, True), (82, 6.990083384818101, 7.613912848459398, 41943, 45010, 40, True), (83, 3.610477980757017, 11.996429840221404, 40856, 47154, 40, True), (84, -7.101804934796926, -3.1285427992419, 29090, 31137, 10, True), (85, -3.8205401164031914, -4.1578409994844865, 8748, 17749, 40, True), (86, 0, 0, 0, 48000, 0, False)], 'F': 20.0, 'ct': 0.083, 'cd': 0.021, 'truck_cap': 100, 'drone_cap': 20, 'truck_speed': 40, 'drone_speed': 40, 'a': 1, 'b': 2, 'max_flight_time': 30, 'ttt': [[0, 1902, 804, 3565, 220, 132, 3667, 1194, 837, 3466, 5531, 5983, 440, 3027, 4130, 1138, 2368, 70, 1827, 3902, 2026, 3489, 1449, 1791, 1310, 4160, 946, 685, 3476, 2031, 1941, 792, 2806, 3030, 7880, 2781, 1264, 802, 1087, 3540, 2220, 297, 5785, 2229, 3113, 3068, 4661, 2572, 9181, 1882, 218, 5262, 4528, 1027, 7756, 2271, 3583, 1932, 5260, 2650, 4439, 174, 4765, 4550, 995, 1809, 377, 1829, 3084, 1488, 1223, 7028, 4037, 1853, 2605, 4146, 529, 4476, 1259, 2680, 4637, 1271, 3102, 3759, 2329, 1695, 1], [1902, 0, 2007, 5465, 1730, 1951, 5536, 1604, 1539, 3280, 7325, 7069, 1518, 4214, 2792, 3038, 4245, 1965, 3305, 5029, 412, 3493, 1422, 3330, 2610, 5790, 2660, 1302, 4430, 473, 1608, 2692, 2524, 2872, 8224, 4681, 1678, 2245, 2937, 5379, 3002, 1655, 7629, 545, 2467, 3368, 3022, 2278, 11082, 3455, 1708, 6543, 5331, 1048, 6482, 2102, 3698, 3156, 4112, 4520, 4709, 1794, 5606, 6415, 1145, 3433, 1923, 2792, 1664, 2693, 1744, 6528, 2234, 2643, 3292, 3241, 1868, 2634, 1514, 4562, 4800, 3171, 4895, 5184, 429, 790, 1902], [804, 2007, 0, 3671, 938, 931, 3980, 621, 473, 4202, 5937, 6729, 1047, 3787, 3673, 1472, 2396, 782, 2552, 4660, 1964, 2706, 950, 2495, 638, 3786, 750, 778, 2746, 1944, 2573, 1207, 3507, 3760, 7086, 2980, 641, 269, 1615, 3438, 3024, 677, 5675, 2143, 3749, 3856, 4338, 3260, 9262, 2567, 722, 4670, 5321, 960, 8275, 2967, 4361, 2712, 5806, 2995, 3636, 935, 4024, 4496, 864, 1429, 1178, 1053, 2740, 2283, 565, 7751, 3865, 1053, 1810, 4746, 1320, 4333, 1933, 2714, 3835, 1524, 2925, 3231, 2416, 2110, 804], [3565, 5465, 3671, 0, 3752, 3530, 1019, 4283, 4097, 5929, 2784, 5558, 3975, 3696, 7273, 2438, 1280, 3502, 3038, 4159, 5548, 5498, 4613, 2915, 3339, 2320, 2922, 4189, 4012, 5541, 5104, 2783, 5584, 5615, 8246, 837, 4284, 3404, 2626, 927, 4204, 3814, 2446, 5744, 6075, 5149, 8000, 5447, 5621, 2807, 3758, 4133, 5191, 4503, 10757, 5178, 5673, 3506, 8293, 1281, 5724, 3688, 4897, 1211, 4435, 2511, 3622, 3708, 6405, 3584, 4199, 9175, 7520, 3938, 4199, 7103, 3737, 7979, 4488, 971, 6019, 2295, 1312, 2929, 5892, 5181, 3565], [220, 1730, 938, 3752, 0, 223, 3814, 1225, 858, 3283, 5649, 5955, 228, 2995, 4063, 1316, 2570, 289, 1835, 3869, 1885, 3571, 1442, 1815, 1492, 4379, 1164, 603, 3655, 1895, 1729, 970, 2610, 2844, 8022, 2957, 1306, 982, 1217, 3749, 2109, 293, 5992, 2089, 2903, 2919, 4555, 2372, 9362, 1917, 224, 5470, 4452, 936, 7538, 2072, 3424, 1886, 5043, 2797, 4560, 66, 4940, 4753, 925, 2026, 295, 1984, 2995, 1423, 1278, 6841, 3899, 1988, 2747, 3933, 395, 4329, 1051, 2879, 4748, 1459, 3317, 3972, 2154, 1481, 220], [132, 1951, 931, 3530, 223, 0, 3598, 1321, 962, 3370, 5444, 5854, 447, 2897, 4237, 1094, 2354, 155, 1701, 3773, 2097, 3619, 1570, 1668, 1416, 4200, 1008, 780, 3581, 2105, 1880, 749, 2722, 2936, 8000, 2735, 1393, 913, 1005, 3539, 2096, 407, 5778, 2301, 3045, 2954, 4752, 2492, 9140, 1761, 324, 5337, 4398, 1121, 7707, 2190, 3473, 1801, 5208, 2580, 4565, 158, 4871, 4536, 1097, 1868, 261, 1946, 3182, 1358, 1353, 6933, 4111, 1976, 2727, 4084, 423, 4544, 1194, 2662, 4765, 1239, 3115, 3827, 2375, 1690, 132], [3667, 5536, 3980, 1019, 3814, 3598, 0, 4598, 4345, 5419, 2010, 4554, 4020, 2966, 7651, 2556, 1820, 3613, 2622, 3289, 5691, 6151, 4923, 2521, 3796, 3335, 3256, 4341, 4853, 5696, 4881, 2888, 5190, 5160, 9205, 1072, 4619, 3727, 2600, 1936, 3727, 3949, 3137, 5895, 5717, 4591, 8289, 5094, 5694, 2392, 3879, 5146, 4327, 4678, 10294, 4857, 5078, 3054, 7886, 1019, 6521, 3751, 5830, 2048, 4628, 3096, 3618, 4263, 6692, 3261, 4540, 8474, 7703, 4474, 4864, 6699, 3694, 8140, 4343, 1612, 6808, 2466, 2233, 3890, 5954, 5118, 3667], [1194, 1604, 621, 4283, 1225, 1321, 4598, 0, 368, 4268, 6547, 7171, 1218, 4213, 3058, 2073, 3006, 1204, 3019, 5088, 1464, 2377, 331, 2980, 1069, 4243, 1366, 733, 2864, 1431, 2551, 1784, 3532, 3824, 6960, 3600, 97, 884, 2175, 4012, 3309, 936, 6234, 1621, 3686, 4042, 3720, 3275, 9862, 3066, 1015, 4942, 5672, 656, 8039, 3003, 4509, 3108, 5613, 3608, 3446, 1253, 4089, 5077, 558, 1955, 1515, 1191, 2123, 2647, 141, 7760, 3276, 1061, 1775, 4624, 1612, 3748, 2004, 3322, 3606, 2137, 3483, 3589, 1973, 1924, 1194], [837, 1539, 473, 4097, 858, 962, 4345, 368, 0, 3956, 6270, 6807, 859, 3848, 3341, 1797, 2832, 854, 2661, 4723, 1496, 2733, 619, 2626, 1078, 4253, 1187, 409, 3075, 1477, 2263, 1485, 3232, 3512, 7275, 3378, 451, 727, 1858, 3900, 2946, 571, 6142, 1678, 3421, 3697, 3945, 2978, 9703, 2716, 650, 5080, 5306, 494, 7868, 2697, 4174, 2742, 5415, 3343, 3775, 888, 4329, 4955, 395, 1901, 1149, 1367, 2348, 2280, 436, 7473, 3424, 1291, 2041, 4388, 1246, 3887, 1679, 3151, 3945, 1881, 3393, 3670, 1945, 1709, 837], [3466, 3280, 4202, 5929, 3283, 3370, 5419, 4268, 3956, 0, 6492, 4561, 3157, 2638, 5968, 3984, 5172, 3517, 2893, 2992, 3691, 6587, 4306, 3018, 4773, 7346, 4348, 3550, 6936, 3752, 1746, 3783, 763, 446, 11227, 5122, 4364, 4262, 3625, 6348, 1726, 3526, 8374, 3797, 975, 858, 5914, 1019, 11001, 3123, 3487, 8669, 2679, 3650, 4877, 1268, 622, 2424, 2539, 4654, 7711, 3303, 8221, 7127, 3731, 5173, 3114, 5254, 4884, 2432, 4377, 3564, 4936, 5227, 5987, 1431, 2948, 5124, 2281, 5395, 7859, 4155, 6095, 7136, 3354, 2532, 3466], [5531, 7325, 5937, 2784, 5649, 5444, 2010, 6547, 6270, 6492, 0, 3957, 5834, 3856, 9603, 4477, 3823, 5485, 4116, 3698, 7529, 8158, 6866, 4056, 5796, 4954, 5233, 6215, 6789, 7542, 6407, 4788, 6472, 6346, 10982, 3081, 6577, 5693, 4445, 3661, 4994, 5824, 3750, 7734, 7022, 5636, 10190, 6442, 4667, 3923, 5748, 6738, 4590, 6557, 11279, 6261, 6011, 4439, 9030, 2943, 8487, 5588, 7667, 3227, 6519, 5104, 5415, 6271, 8605, 4787, 6501, 8982, 9540, 6480, 6868, 7891, 5458, 9956, 5982, 3593, 8779, 4413, 4095, 5688, 7725, 6802, 5531], [5983, 7069, 6729, 5558, 5955, 5854, 4554, 7171, 6807, 4561, 3957, 0, 6015, 2961, 9834, 5497, 5815, 5981, 4178, 2088, 7429, 9423, 7394, 4241, 6971, 7827, 6322, 6527, 8792, 7472, 5563, 5610, 5007, 4703, 13356, 5202, 7246, 6596, 5201, 6434, 4069, 6238, 7453, 7605, 5467, 3938, 10059, 5141, 8430, 4185, 6158, 9604, 1885, 6815, 8500, 5151, 3940, 4073, 6762, 4687, 10203, 5921, 9973, 6556, 6838, 6736, 5661, 7559, 8704, 4547, 7205, 5635, 9162, 7677, 8338, 5897, 5585, 9446, 5571, 5793, 10446, 5567, 6586, 8200, 7334, 6308, 5983], [440, 1518, 1047, 3975, 228, 447, 4020, 1218, 859, 3157, 5834, 6015, 0, 3059, 3932, 1539, 2797, 510, 1946, 3928, 1696, 3591, 1390, 1939, 1642, 4591, 1370, 515, 3789, 1711, 1549, 1194, 2463, 2714, 8105, 3177, 1307, 1137, 1421, 3976, 2092, 372, 6219, 1901, 2728, 2846, 4389, 2218, 9583, 2049, 348, 5649, 4464, 813, 7336, 1923, 3335, 1945, 4845, 3003, 4620, 291, 5070, 4980, 826, 2229, 424, 2098, 2846, 1469, 1294, 6705, 3707, 2078, 2839, 3747, 437, 4131, 890, 3106, 4798, 1685, 3541, 4163, 1939, 1256, 440], [3027, 4214, 3787, 3696, 2995, 2897, 2966, 4213, 3848, 2638, 3856, 2961, 3059, 0, 6927, 2681, 3379, 3028, 1260, 876, 4546, 6491, 4435, 1348, 4084, 5610, 3451, 3570, 6054, 4583, 2861, 2726, 2671, 2506, 10623, 3014, 4288, 3674, 2340, 4352, 1295, 3279, 6075, 4732, 3219, 1781, 7235, 2689, 8392, 1330, 3199, 7238, 1666, 3864, 7465, 2573, 2185, 1115, 5175, 2464, 7337, 2962, 7300, 4896, 3884, 4000, 2702, 4672, 5805, 1594, 4249, 5512, 6396, 4769, 5464, 4040, 2627, 6733, 2701, 3483, 7564, 2789, 4291, 5727, 4527, 3499, 3027], [4130, 2792, 3673, 7273, 4063, 4237, 7651, 3058, 3341, 5968, 9603, 9834, 3932, 6927, 0, 5127, 5998, 4164, 5877, 7770, 2411, 2637, 2738, 5869, 3936, 6703, 4402, 3463, 4520, 2365, 4388, 4824, 5239, 5595, 6737, 6637, 3033, 3926, 5195, 6862, 5769, 3834, 8970, 2248, 5055, 6149, 999, 5011, 12752, 5976, 3915, 6700, 8120, 3130, 7952, 4871, 6444, 5828, 6034, 6665, 3711, 4116, 5219, 7923, 3142, 4799, 4343, 3647, 1133, 5348, 3112, 8863, 1517, 3407, 3507, 5544, 4365, 1821, 4264, 6303, 3617, 5194, 6300, 5809, 2622, 3579, 4130], [1138, 3038, 1472, 2438, 1316, 1094, 2556, 2073, 1797, 3984, 4477, 5497, 1539, 2681, 5127, 0, 1302, 1077, 1448, 3506, 3154, 3996, 2390, 1342, 1503, 3366, 853, 1794, 3375, 3155, 2787, 347, 3459, 3590, 7942, 1644, 2108, 1247, 379, 2512, 2389, 1405, 4725, 3356, 3877, 3375, 5736, 3269, 8048, 1353, 1341, 4750, 4331, 2127, 8595, 2973, 3927, 1809, 6096, 1547, 4708, 1252, 4630, 3471, 2074, 1334, 1197, 2081, 4141, 1582, 2035, 7496, 5158, 2228, 2846, 4929, 1327, 5603, 2123, 1595, 4953, 176, 2155, 3207, 3464, 2756, 1138], [2368, 4245, 2396, 1280, 2570, 2354, 1820, 3006, 2832, 5172, 3823, 5815, 2797, 3379, 5998, 1302, 0, 2300, 2366, 4059, 4301, 4336, 3336, 2237, 2068, 2249, 1649, 2952, 3100, 4290, 4084, 1622, 4708, 4804, 7585, 755, 3006, 2129, 1592, 1213, 3489, 2592, 3429, 4493, 5151, 4482, 6721, 4533, 6873, 2174, 2544, 3872, 5024, 3255, 9871, 4244, 5031, 2820, 7376, 1145, 4723, 2508, 4188, 2184, 3181, 1287, 2489, 2475, 5127, 2742, 2921, 8607, 6255, 2697, 3046, 6201, 2626, 6717, 3424, 320, 5006, 1134, 940, 2398, 4673, 4039, 2368], [70, 1965, 782, 3502, 289, 155, 3613, 1204, 854, 3517, 5485, 5981, 510, 3028, 4164, 1077, 2300, 0, 1817, 3903, 2082, 3478, 1470, 1776, 1264, 4092, 881, 732, 3430, 2085, 2005, 732, 2863, 3082, 7847, 2720, 1272, 759, 1042, 3471, 2248, 340, 5717, 2284, 3175, 3107, 4706, 2630, 9118, 1864, 267, 5201, 4542, 1073, 7822, 2328, 3626, 1939, 5326, 2596, 4414, 239, 4719, 4482, 1036, 1744, 414, 1792, 3126, 1503, 1226, 7080, 4091, 1825, 2574, 4209, 573, 4531, 1321, 2613, 4616, 1208, 3033, 3697, 2392, 1764, 70], [1827, 3305, 2552, 3038, 1835, 1701, 2622, 3019, 2661, 2893, 4116, 4178, 1946, 1260, 5877, 1448, 2366, 1817, 0, 2120, 3576, 5248, 3268, 130, 2826, 4608, 2193, 2434, 4817, 3602, 2306, 1467, 2578, 2582, 9377, 2231, 3087, 2424, 1091, 3489, 1169, 2100, 5483, 3775, 3097, 2140, 6293, 2473, 8309, 235, 2018, 6131, 2888, 2755, 7729, 2237, 2681, 472, 5286, 1769, 6078, 1791, 6077, 4234, 2756, 2780, 1545, 3414, 4781, 673, 3041, 6247, 5537, 3515, 4205, 4096, 1513, 5923, 1876, 2548, 6307, 1575, 3305, 4596, 3676, 2706, 1827], [3902, 5029, 4660, 4159, 3869, 3773, 3289, 5088, 4723, 2992, 3698, 2088, 3928, 876, 7770, 3506, 4059, 3903, 2120, 0, 5375, 7362, 5307, 2196, 4941, 6238, 4301, 4441, 6865, 5415, 3593, 3578, 3221, 2983, 11439, 3585, 5163, 4541, 3181, 4914, 2041, 4153, 6421, 5557, 3744, 2193, 8042, 3295, 8348, 2160, 4074, 7929, 1039, 4730, 7615, 3238, 2428, 1986, 5480, 3029, 8190, 3836, 8092, 5316, 4752, 4802, 3576, 5530, 6643, 2461, 5124, 5328, 7176, 5633, 6318, 4421, 3498, 7492, 3519, 4115, 8422, 3599, 4931, 6446, 5320, 4289, 3902], [2026, 412, 1964, 5548, 1885, 2097, 5691, 1464, 1496, 3691, 7529, 7429, 1696, 4546, 2411, 3154, 4301, 2082, 3576, 5375, 0, 3134, 1217, 3590, 2522, 5705, 2672, 1364, 4197, 65, 2013, 2812, 2935, 3283, 7866, 4790, 1521, 2221, 3100, 5393, 3362, 1750, 7636, 206, 2871, 3768, 2718, 2688, 11166, 3709, 1816, 6352, 5712, 1047, 6765, 2509, 4107, 3466, 4439, 4674, 4364, 1948, 5335, 6445, 1123, 3386, 2118, 2618, 1279, 2994, 1599, 6918, 2015, 2445, 3041, 3615, 2092, 2451, 1859, 4619, 4442, 3272, 4887, 5043, 557, 1192, 2026], [3489, 3493, 2706, 5498, 3571, 3619, 6151, 2377, 2733, 6587, 8158, 9423, 3591, 6491, 2637, 3996, 4336, 3478, 5248, 7362, 3134, 0, 2285, 5183, 2495, 4344, 3144, 3106, 1977, 3072, 4844, 3827, 5834, 6147, 4734, 5079, 2286, 2828, 4243, 4858, 5676, 3280, 6727, 3144, 5903, 6414, 3630, 5575, 10608, 5243, 3350, 4083, 8016, 2946, 9833, 5323, 6869, 5415, 7567, 5309, 1249, 3588, 2589, 5847, 2873, 3056, 3848, 1934, 2614, 4976, 2300, 9994, 3834, 1769, 1301, 6732, 3965, 4267, 4362, 4584, 1309, 3973, 4298, 3376, 3665, 4105, 3489], [1449, 1422, 950, 4613, 1442, 1570, 4923, 331, 619, 4306, 6866, 7394, 1390, 4435, 2738, 2390, 3336, 1470, 3268, 5307, 1217, 2285, 0, 3237, 1372, 4522, 1696, 876, 3009, 1175, 2566, 2091, 3556, 3865, 6949, 3929, 342, 1214, 2473, 4333, 3468, 1168, 6548, 1352, 3661, 4144, 3390, 3297, 10189, 3330, 1251, 5140, 5850, 663, 7899, 3040, 4589, 3323, 5503, 3930, 3421, 1481, 4194, 5398, 597, 2267, 1737, 1403, 1793, 2852, 428, 7752, 2957, 1232, 1875, 4557, 1811, 3431, 2085, 3651, 3556, 2460, 3799, 3830, 1754, 1867, 1449], [1791, 3330, 2495, 2915, 1815, 1668, 2521, 2980, 2626, 3018, 4056, 4241, 1939, 1348, 5869, 1342, 2237, 1776, 130, 2196, 3590, 5183, 3237, 0, 2745, 4480, 2107, 2416, 4715, 3614, 2385, 1383, 2690, 2702, 9279, 2105, 3045, 2356, 993, 3360, 1295, 2071, 5360, 3791, 3205, 2268, 6305, 2579, 8212, 135, 1989, 6008, 2990, 2742, 7848, 2336, 2811, 599, 5400, 1651, 5995, 1767, 5970, 4110, 2738, 2671, 1528, 3334, 4781, 750, 2996, 6377, 5563, 3441, 4123, 4209, 1511, 5955, 1928, 2419, 6227, 1463, 3176, 4475, 3709, 2753, 1791], [1310, 2610, 638, 3339, 1492, 1416, 3796, 1069, 1078, 4773, 5796, 6971, 1642, 4084, 3936, 1503, 2068, 1264, 2826, 4941, 2522, 2495, 1372, 2745, 0, 3187, 653, 1415, 2167, 2492, 3186, 1365, 4098, 4334, 6615, 2744, 1033, 511, 1771, 2976, 3477, 1273, 5178, 2685, 4365, 4366, 4695, 3857, 8854, 2789, 1298, 4035, 5684, 1571, 8912, 3559, 4888, 3070, 6440, 2876, 3253, 1471, 3456, 4043, 1470, 899, 1676, 590, 3120, 2691, 948, 8332, 4325, 727, 1381, 5372, 1836, 4800, 2529, 2369, 3483, 1481, 2433, 2597, 3007, 2747, 1310], [4160, 5790, 3786, 2320, 4379, 4200, 3335, 4243, 4253, 7346, 4954, 7827, 4591, 5610, 6703, 3366, 2249, 4092, 4608, 6238, 5705, 4344, 4522, 4480, 3187, 0, 3224, 4538, 2424, 5673, 6069, 3601, 6816, 6955, 6047, 2663, 4194, 3564, 3723, 1403, 5705, 4279, 2410, 5862, 7208, 6700, 7603, 6616, 6307, 4421, 4264, 1816, 7233, 4744, 11903, 6316, 7252, 5053, 9402, 3213, 4096, 4329, 2853, 1838, 4646, 2379, 4408, 3175, 6134, 4925, 4113, 10831, 7407, 3398, 3205, 8259, 4570, 7887, 5383, 2131, 4394, 3194, 1320, 994, 6192, 5824, 4160], [946, 2660, 750, 2922, 1164, 1008, 3256, 1366, 1187, 4348, 5233, 6322, 1370, 3451, 4402, 853, 1649, 881, 2193, 4301, 2672, 3144, 1696, 2107, 653, 3224, 0, 1362, 2681, 2658, 2884, 727, 3722, 3921, 7203, 2238, 1375, 484, 1123, 2725, 2932, 1060, 4973, 2860, 4051, 3864, 5085, 3496, 8519, 2145, 1041, 4335, 5069, 1633, 8701, 3193, 4401, 2469, 6206, 2293, 3891, 1119, 3965, 3773, 1551, 864, 1248, 1239, 3487, 2125, 1293, 7909, 4607, 1376, 2019, 5089, 1416, 5072, 2199, 1967, 4127, 848, 2237, 2820, 3083, 2603, 946], [685, 1302, 778, 4189, 603, 780, 4341, 733, 409, 3550, 6215, 6527, 515, 3570, 3463, 1794, 2952, 732, 2434, 4441, 1364, 3106, 876, 2416, 1415, 4538, 1362, 0, 3474, 1362, 1855, 1455, 2824, 3105, 7680, 3428, 827, 976, 1771, 4078, 2597, 393, 6329, 1564, 3016, 3310, 3977, 2569, 9809, 2518, 468, 5445, 4975, 343, 7500, 2289, 3778, 2456, 5035, 3326, 4173, 654, 4733, 5116, 324, 2163, 890, 1764, 2404, 1982, 831, 7064, 3365, 1698, 2449, 3992, 944, 3810, 1276, 3270, 4337, 1910, 3598, 4008, 1727, 1334, 685], [3476, 4430, 2746, 4012, 3655, 3581, 4853, 2864, 3075, 6936, 6789, 8792, 3789, 6054, 4520, 3375, 3100, 3430, 4817, 6865, 4197, 1977, 3009, 4715, 2167, 2424, 2681, 3474, 0, 4146, 5314, 3382, 6251, 6496, 4576, 3837, 2778, 2676, 3729, 3212, 5610, 3418, 4831, 4294, 6485, 6524, 5484, 6005, 8729, 4725, 3452, 2226, 7704, 3512, 10899, 5711, 7051, 5136, 8475, 4228, 1736, 3636, 1291, 4085, 3410, 2065, 3841, 1711, 4198, 4804, 2727, 10492, 5495, 1804, 1166, 7463, 4002, 5962, 4677, 3249, 2037, 3269, 2708, 1433, 4748, 4775, 3476], [2031, 473, 1944, 5541, 1895, 2105, 5696, 1431, 1477, 3752, 7542, 7472, 1711, 4583, 2365, 3155, 4290, 2085, 3602, 5415, 65, 3072, 1175, 3614, 2492, 5673, 2658, 1362, 4146, 0, 2069, 2814, 2995, 3343, 7803, 4788, 1485, 2203, 3109, 5376, 3406, 1751, 7617, 204, 2934, 3823, 2692, 2748, 11158, 3732, 1819, 6306, 5760, 1039, 6823, 2566, 4165, 3500, 4501, 4679, 4302, 1957, 5279, 6429, 1111, 3361, 2133, 2577, 1233, 3026, 1564, 6982, 2008, 2400, 2989, 3679, 2112, 2449, 1902, 4609, 4379, 3271, 4867, 5004, 613, 1247, 2031], [1941, 1608, 2573, 5104, 1729, 1880, 4881, 2551, 2263, 1746, 6407, 5563, 1549, 2861, 4388, 2787, 4084, 2005, 2306, 3593, 2013, 4844, 2566, 2385, 3186, 6069, 2884, 1855, 5314, 2069, 0, 2495, 991, 1312, 9504, 4269, 2646, 2685, 2506, 5296, 1570, 1915, 7484, 2149, 1180, 1763, 4506, 733, 10572, 2519, 1896, 7195, 3767, 1916, 5835, 501, 2102, 1976, 3334, 3933, 5981, 1768, 6583, 6223, 2002, 3746, 1662, 3608, 3266, 1637, 2668, 5212, 3600, 3552, 4303, 2206, 1501, 3901, 688, 4364, 6121, 2959, 4929, 5699, 1793, 822, 1941], [792, 2692, 1207, 2783, 970, 749, 2888, 1784, 1485, 3783, 4788, 5610, 1194, 2726, 4824, 347, 1622, 732, 1467, 3578, 2812, 3827, 2091, 1383, 1365, 3601, 727, 1455, 3382, 2814, 2495, 0, 3219, 3375, 7923, 1991, 1827, 1015, 418, 2823, 2264, 1064, 5050, 3014, 3612, 3227, 5411, 3017, 8394, 1426, 997, 4898, 4345, 1791, 8321, 2716, 3774, 1755, 5820, 1874, 4614, 906, 4658, 3801, 1742, 1416, 868, 1954, 3820, 1447, 1760, 7323, 4819, 2070, 2741, 4664, 1010, 5261, 1820, 1924, 4846, 494, 2436, 3359, 3118, 2420, 792], [2806, 2524, 3507, 5584, 2610, 2722, 5190, 3532, 3232, 763, 6472, 5007, 2463, 2671, 5239, 3459, 4708, 2863, 2578, 3221, 2935, 5834, 3556, 2690, 4098, 6816, 3722, 2824, 6251, 2995, 991, 3219, 0, 357, 10490, 4756, 3628, 3589, 3123, 5909, 1490, 2834, 8017, 3046, 552, 1071, 5235, 260, 10854, 2812, 2802, 8056, 3137, 2904, 5181, 541, 1215, 2138, 2712, 4336, 6969, 2637, 7530, 6757, 2988, 4568, 2475, 4554, 4143, 2003, 3646, 4246, 4274, 4514, 5270, 1521, 2307, 4500, 1575, 4957, 7111, 3633, 5606, 6535, 2618, 1770, 2806], [3030, 2872, 3760, 5615, 2844, 2936, 5160, 3824, 3512, 446, 6346, 4703, 2714, 2506, 5595, 3590, 4804, 3082, 2582, 2983, 3283, 6147, 3865, 2702, 4334, 6955, 3921, 3105, 6496, 3343, 1312, 3375, 357, 0, 10782, 4797, 3920, 3824, 3239, 5993, 1435, 3084, 8058, 3398, 772, 793, 5588, 596, 10791, 2815, 3046, 8249, 2824, 3208, 5148, 826, 861, 2122, 2730, 4350, 7268, 2865, 7780, 6803, 3288, 4754, 2682, 4811, 4497, 2067, 3933, 3999, 4623, 4783, 5543, 1555, 2515, 4841, 1836, 5039, 7417, 3763, 5719, 6719, 2974, 2111, 3030], [7880, 8224, 7086, 8246, 8022, 8000, 9205, 6960, 7275, 11227, 10982, 13356, 8105, 10623, 6737, 7942, 7585, 7847, 9377, 11439, 7866, 4734, 6949, 9279, 6615, 6047, 7203, 7680, 4576, 7803, 9504, 7923, 10490, 10782, 0, 8279, 6864, 7096, 8288, 7334, 10087, 7749, 8030, 7868, 10606, 10940, 7645, 10232, 11583, 9294, 7802, 4365, 12264, 7590, 14505, 9962, 11438, 9670, 12292, 8729, 3530, 8019, 3398, 7864, 7503, 6640, 8256, 6056, 7186, 9304, 6851, 14699, 8214, 6035, 5277, 11462, 8403, 8557, 8954, 7672, 3426, 7842, 6972, 5319, 8392, 8808, 7880], [2781, 4681, 2980, 837, 2957, 2735, 1072, 3600, 3378, 5122, 3081, 5202, 3177, 3014, 6637, 1644, 755, 2720, 2231, 3585, 4790, 5079, 3929, 2105, 2744, 2663, 2238, 3428, 3837, 4788, 4269, 1991, 4756, 4797, 8279, 0, 3612, 2719, 1800, 1340, 3399, 3043, 3263, 4990, 5243, 4361, 7314, 4614, 6407, 2005, 2982, 4407, 4594, 3753, 9933, 4344, 4894, 2701, 7463, 558, 5475, 2892, 4884, 2007, 3692, 2024, 2809, 3195, 5715, 2754, 3531, 8429, 6784, 3409, 3794, 6274, 2917, 7235, 3657, 608, 5759, 1519, 1386, 3015, 5108, 4363, 2781], [1264, 1678, 641, 4284, 1306, 1393, 4619, 97, 451, 4364, 6577, 7246, 1307, 4288, 3033, 2108, 3006, 1272, 3087, 5163, 1521, 2286, 342, 3045, 1033, 4194, 1375, 827, 2778, 1485, 2646, 1827, 3628, 3920, 6864, 3612, 0, 895, 2224, 3993, 3396, 1016, 6207, 1671, 3781, 4135, 3716, 3371, 9852, 3129, 1093, 4866, 5756, 749, 8124, 3099, 4604, 3185, 5701, 3636, 3351, 1332, 3998, 5059, 652, 1927, 1594, 1115, 2123, 2727, 88, 7856, 3297, 976, 1682, 4716, 1696, 3772, 2099, 3320, 3511, 2164, 3458, 3524, 2040, 2016, 1264], [802, 2245, 269, 3404, 982, 913, 3727, 884, 727, 4262, 5693, 6596, 1137, 3674, 3926, 1247, 2129, 759, 2424, 4541, 2221, 2828, 1214, 2356, 511, 3564, 484, 976, 2676, 2203, 2685, 1015, 3589, 3824, 7096, 2719, 895, 0, 1431, 3175, 2993, 773, 5416, 2403, 3864, 3865, 4603, 3349, 8994, 2417, 792, 4519, 5242, 1200, 8441, 3050, 4384, 2625, 5960, 2750, 3689, 961, 3964, 4232, 1109, 1192, 1172, 1041, 3005, 2222, 815, 7822, 4133, 1101, 1831, 4879, 1329, 4599, 2022, 2446, 3903, 1283, 2667, 3051, 2659, 2288, 802], [1087, 2937, 1615, 2626, 1217, 1005, 2600, 2175, 1858, 3625, 4445, 5201, 1421, 2340, 5195, 379, 1592, 1042, 1091, 3181, 3100, 4243, 2473, 993, 1771, 3723, 1123, 1771, 3729, 3109, 2506, 418, 3123, 3239, 8288, 1800, 2224, 1431, 0, 2802, 2013, 1381, 4979, 3305, 3560, 3001, 5747, 2944, 8195, 1023, 1304, 5127, 3978, 2113, 8280, 2653, 3553, 1433, 5785, 1584, 5012, 1154, 4992, 3718, 2077, 1704, 1024, 2360, 4167, 1210, 2161, 7126, 5114, 2483, 3142, 4610, 1120, 5545, 1868, 1861, 5249, 538, 2485, 3585, 3356, 2566, 1087], [3540, 5379, 3438, 927, 3749, 3539, 1936, 4012, 3900, 6348, 3661, 6434, 3976, 4352, 6862, 2512, 1213, 3471, 3489, 4914, 5393, 4858, 4333, 3360, 2976, 1403, 2725, 4078, 3212, 5376, 5296, 2823, 5909, 5993, 7334, 1340, 3993, 3175, 2802, 0, 4642, 3740, 2252, 5577, 6360, 5626, 7662, 5740, 5891, 3276, 3700, 3211, 5929, 4357, 11079, 5452, 6169, 3956, 8586, 1896, 4944, 3689, 4008, 1068, 4273, 2081, 3690, 3221, 6095, 3927, 3906, 9728, 7287, 3460, 3575, 7408, 3831, 7760, 4634, 955, 5244, 2341, 570, 2028, 5804, 5227, 3540], [2220, 3002, 3024, 4204, 2109, 2096, 3727, 3309, 2946, 1726, 4994, 4069, 2092, 1295, 5769, 2389, 3489, 2248, 1169, 2041, 3362, 5676, 3468, 1295, 3477, 5705, 2932, 2597, 5610, 3406, 1570, 2264, 1490, 1435, 10087, 3399, 3396, 2993, 2013, 4642, 0, 2399, 6649, 3536, 2036, 996, 6005, 1449, 9371, 1398, 2332, 7137, 2392, 2836, 6578, 1293, 1548, 700, 4161, 2930, 6659, 2099, 6896, 5403, 2879, 3677, 1847, 4032, 4638, 818, 3377, 5127, 5137, 4071, 4819, 2978, 1715, 5458, 1506, 3694, 6854, 2549, 4423, 5594, 3281, 2250, 2220], [297, 1655, 677, 3814, 293, 407, 3949, 936, 571, 3526, 5824, 6238, 372, 3279, 3834, 1405, 2592, 340, 2100, 4153, 1750, 3280, 1168, 2071, 1273, 4279, 1060, 393, 3418, 1751, 1915, 1064, 2834, 3084, 7749, 3043, 1016, 773, 1381, 3740, 2399, 0, 5990, 1951, 3093, 3195, 4367, 2589, 9433, 2167, 84, 5291, 4744, 734, 7677, 2294, 3692, 2172, 5192, 2933, 4277, 318, 4699, 4766, 699, 1904, 580, 1729, 2789, 1712, 986, 7076, 3756, 1716, 2478, 4106, 686, 4199, 1261, 2908, 4462, 1526, 3278, 3815, 2084, 1547, 297], [5785, 7629, 5675, 2446, 5992, 5778, 3137, 6234, 6142, 8374, 3750, 7453, 6219, 6075, 8970, 4725, 3429, 5717, 5483, 6421, 7636, 6727, 6548, 5360, 5178, 2410, 4973, 6329, 4831, 7617, 7484, 5050, 8017, 8058, 8030, 3263, 6207, 5416, 4979, 2252, 6649, 5990, 0, 7818, 8498, 7591, 9819, 7871, 3899, 5253, 5949, 3686, 7457, 6604, 13195, 7595, 8110, 5951, 10722, 3723, 6496, 5931, 5143, 1264, 6519, 4282, 5916, 5338, 8280, 6015, 6121, 11583, 9502, 5576, 5529, 9534, 6051, 9977, 6839, 3131, 6792, 4560, 2753, 3403, 8054, 7466, 5785], [2229, 545, 2143, 5744, 2089, 2301, 5895, 1621, 1678, 3797, 7734, 7605, 1901, 4732, 2248, 3356, 4493, 2284, 3775, 5557, 206, 3144, 1352, 3791, 2685, 5862, 2860, 1564, 4294, 204, 2149, 3014, 3046, 3398, 7868, 4990, 1671, 2403, 3305, 5577, 3536, 1951, 7818, 0, 2949, 3911, 2521, 2805, 11361, 3911, 2018, 6467, 5874, 1242, 6715, 2640, 4232, 3658, 4425, 4877, 4383, 2152, 5408, 6631, 1314, 3558, 2322, 2751, 1120, 3188, 1751, 6965, 1811, 2567, 3133, 3646, 2295, 2248, 2039, 4813, 4447, 3472, 5067, 5181, 526, 1334, 2229], [3113, 2467, 3749, 6075, 2903, 3045, 5717, 3686, 3421, 975, 7022, 5467, 2728, 3219, 5055, 3877, 5151, 3175, 3097, 3744, 2871, 5903, 3661, 3205, 4365, 7208, 4051, 3016, 6485, 2934, 1180, 3612, 552, 772, 10606, 5243, 3781, 3864, 3560, 6360, 2036, 3093, 8498, 2949, 0, 1563, 4954, 630, 11390, 3330, 3074, 8372, 3585, 3036, 4722, 908, 1565, 2668, 2228, 4842, 7078, 2940, 7748, 7236, 3130, 4911, 2814, 4776, 3999, 2494, 3810, 4095, 3971, 4711, 5454, 1054, 2648, 4151, 1855, 5412, 7199, 4051, 6030, 6870, 2470, 1800, 3113], [3068, 3368, 3856, 5149, 2919, 2954, 4591, 4042, 3697, 858, 5636, 3938, 2846, 1781, 6149, 3375, 4482, 3107, 2140, 2193, 3768, 6414, 4144, 2268, 4366, 6700, 3864, 3310, 6524, 3823, 1763, 3227, 1071, 793, 10940, 4361, 4135, 3865, 3001, 5626, 996, 3195, 7591, 3911, 1563, 0, 6230, 1214, 10148, 2359, 3139, 8118, 2074, 3485, 5719, 1284, 554, 1672, 3396, 3870, 7466, 2924, 7814, 6356, 3549, 4641, 2695, 4896, 5028, 1794, 4131, 4132, 5290, 4906, 5666, 2268, 2542, 5541, 2062, 4682, 7641, 3538, 5417, 6575, 3544, 2579, 3068], [4661, 3022, 4338, 8000, 4555, 4752, 8289, 3720, 3945, 5914, 10190, 10059, 4389, 7235, 999, 5736, 6721, 4706, 6293, 8042, 2718, 3630, 3390, 6305, 4695, 7603, 5085, 3977, 5484, 2692, 4506, 5411, 5235, 5588, 7645, 7314, 3716, 4603, 5747, 7662, 6005, 4367, 9819, 2521, 4954, 6230, 0, 5035, 13547, 6423, 4444, 7679, 8271, 3635, 7272, 4952, 6448, 6174, 5565, 7282, 4705, 4614, 6215, 8729, 3673, 5583, 4811, 4482, 1600, 5706, 3801, 8500, 999, 4245, 4433, 5260, 4800, 1047, 4535, 7034, 4603, 5825, 7108, 6737, 2727, 3756, 4661], [2572, 2278, 3260, 5447, 2372, 2492, 5094, 3275, 2978, 1019, 6442, 5141, 2218, 2689, 5011, 3269, 4533, 2630, 2473, 3295, 2688, 5575, 3297, 2579, 3857, 6616, 3496, 2569, 6005, 2748, 733, 3017, 260, 596, 10232, 4614, 3371, 3349, 2944, 5740, 1449, 2589, 7871, 2805, 630, 1214, 5035, 0, 10774, 2705, 2560, 7829, 3286, 2646, 5340, 304, 1435, 2053, 2853, 4214, 6711, 2402, 7282, 6608, 2730, 4348, 2250, 4305, 3908, 1865, 3390, 4497, 4084, 4262, 5017, 1670, 2082, 4328, 1330, 4791, 6853, 3444, 5421, 6314, 2389, 1517, 2572], [9181, 11082, 9262, 5621, 9362, 9140, 5694, 9862, 9703, 11001, 4667, 8430, 9583, 8392, 12752, 8048, 6873, 9118, 8309, 8348, 11166, 10608, 10189, 8212, 8854, 6307, 8519, 9809, 8729, 11158, 10572, 8394, 10854, 10791, 11583, 6407, 9852, 8994, 8195, 5891, 9371, 9433, 3899, 11361, 11390, 10148, 13547, 10774, 0, 8081, 9376, 7401, 9256, 10121, 15856, 10545, 10576, 8723, 13518, 6652, 10387, 9298, 8979, 4830, 10050, 7967, 9213, 9107, 11970, 8954, 9766, 13648, 13125, 9346, 9382, 12344, 9313, 13589, 10014, 6554, 10682, 7912, 6453, 7300, 11510, 10758, 9181], [1882, 3455, 2567, 2807, 1917, 1761, 2392, 3066, 2716, 3123, 3923, 4185, 2049, 1330, 5976, 1353, 2174, 1864, 235, 2160, 3709, 5243, 3330, 135, 2789, 4421, 2145, 2518, 4725, 3732, 2519, 1426, 2812, 2815, 9294, 2005, 3129, 2417, 1023, 3276, 1398, 2167, 5253, 3911, 3330, 2359, 6423, 2705, 8081, 0, 2084, 5972, 2987, 2848, 7962, 2466, 2897, 699, 5520, 1536, 6034, 1867, 5972, 4006, 2841, 2672, 1634, 3378, 4893, 883, 3077, 6454, 5688, 3493, 4163, 4329, 1625, 6081, 2061, 2342, 6270, 1461, 3111, 4444, 3836, 2884, 1882], [218, 1708, 722, 3758, 224, 324, 3879, 1015, 650, 3487, 5748, 6158, 348, 3199, 3915, 1341, 2544, 267, 2018, 4074, 1816, 3350, 1251, 1989, 1298, 4264, 1041, 468, 3452, 1819, 1896, 997, 2802, 3046, 7802, 2982, 1093, 792, 1304, 3700, 2332, 84, 5949, 2018, 3074, 3139, 4444, 2560, 9376, 2084, 0, 5303, 4671, 810, 7677, 2263, 3641, 2094, 5188, 2863, 4337, 241, 4736, 4721, 778, 1895, 503, 1772, 2867, 1636, 1061, 7041, 3825, 1769, 2529, 4094, 618, 4266, 1232, 2858, 4525, 1466, 3246, 3819, 2136, 1564, 218], [5262, 6543, 4670, 4133, 5470, 5337, 5146, 4942, 5080, 8669, 6738, 9604, 5649, 7238, 6700, 4750, 3872, 5201, 6131, 7929, 6352, 4083, 5140, 6008, 4035, 1816, 4335, 5445, 2226, 6306, 7195, 4898, 8056, 8249, 4365, 4407, 4866, 4519, 5127, 3211, 7137, 5291, 3686, 6467, 8372, 8118, 7679, 7829, 7401, 5972, 5303, 0, 8891, 5556, 12943, 7526, 8667, 6541, 10474, 4939, 3333, 5434, 1707, 3543, 5452, 3497, 5581, 3753, 6423, 6326, 4802, 12220, 7720, 3909, 3375, 9395, 5750, 8186, 6519, 3831, 3588, 4594, 3023, 1544, 6892, 6778, 5262], [4528, 5331, 5321, 5191, 4452, 4398, 4327, 5672, 5306, 2679, 4590, 1885, 4464, 1666, 8120, 4331, 5024, 4542, 2888, 1039, 5712, 8016, 5850, 2990, 5684, 7233, 5069, 4975, 7704, 5760, 3767, 4345, 3137, 2824, 12264, 4594, 5756, 5242, 3978, 5929, 2392, 4744, 7457, 5874, 3585, 2074, 8271, 3286, 9256, 2987, 4671, 8891, 0, 5225, 6905, 3325, 2058, 2618, 4966, 4037, 8929, 4432, 8958, 6354, 5266, 5657, 4170, 6266, 6989, 3041, 5729, 4393, 7347, 6341, 7060, 4037, 4061, 7610, 3880, 5104, 9144, 4446, 5919, 7388, 5558, 4550, 4528], [1027, 1048, 960, 4503, 936, 1121, 4678, 656, 494, 3650, 6557, 6815, 813, 3864, 3130, 2127, 3255, 1073, 2755, 4730, 1047, 2946, 663, 2742, 1571, 4744, 1633, 343, 3512, 1039, 1916, 1791, 2904, 3208, 7590, 3753, 749, 1200, 2113, 4357, 2836, 734, 6604, 1242, 3036, 3485, 3635, 2646, 10121, 2848, 810, 5556, 5225, 0, 7402, 2383, 3927, 2750, 4964, 3663, 4066, 990, 4744, 5404, 105, 2386, 1215, 1819, 2063, 2272, 788, 7118, 3033, 1710, 2430, 3968, 1249, 3483, 1424, 3574, 4210, 2237, 3861, 4160, 1460, 1269, 1027], [7756, 6482, 8275, 10757, 7538, 7707, 10294, 8039, 7868, 4877, 11279, 8500, 7336, 7465, 7952, 8595, 9871, 7822, 7729, 7615, 6765, 9833, 7899, 7848, 8912, 11903, 8701, 7500, 10899, 6823, 5835, 8321, 5181, 5148, 14505, 9933, 8124, 8441, 8280, 11079, 6578, 7677, 13195, 6715, 4722, 5719, 7272, 5340, 15856, 7962, 7677, 12943, 6905, 7402, 0, 5629, 5282, 7269, 2503, 9497, 11081, 7584, 12087, 11936, 7506, 9563, 7495, 9220, 7323, 7181, 8178, 3235, 6440, 9098, 9772, 3672, 7335, 6229, 6521, 10130, 11118, 8770, 10748, 11490, 6211, 6167, 7756], [2271, 2102, 2967, 5178, 2072, 2190, 4857, 3003, 2697, 1268, 6261, 5151, 1923, 2573, 4871, 2973, 4244, 2328, 2237, 3238, 2509, 5323, 3040, 2336, 3559, 6316, 3193, 2289, 5711, 2566, 501, 2716, 541, 826, 9962, 4344, 3099, 3050, 2653, 5452, 1293, 2294, 7595, 2640, 908, 1284, 4952, 304, 10545, 2466, 2263, 7526, 3325, 2383, 5629, 0, 1602, 1838, 3136, 3957, 6445, 2101, 6989, 6332, 2464, 4044, 1946, 4014, 3755, 1606, 3114, 4786, 4023, 3976, 4733, 1959, 1779, 4296, 1034, 4505, 6592, 3148, 5126, 6010, 2261, 1320, 2271], [3583, 3698, 4361, 5673, 3424, 3473, 5078, 4509, 4174, 622, 6011, 3940, 3335, 2185, 6444, 3927, 5031, 3626, 2681, 2428, 4107, 6869, 4589, 2811, 4888, 7252, 4401, 3778, 7051, 4165, 2102, 3774, 1215, 861, 11438, 4894, 4604, 4384, 3553, 6169, 1548, 3692, 8110, 4232, 1565, 554, 6448, 1435, 10576, 2897, 3641, 8667, 2058, 3927, 5282, 1602, 0, 2216, 3055, 4393, 7948, 3433, 8341, 6881, 3998, 5187, 3213, 5407, 5339, 2345, 4606, 3580, 5482, 5407, 6168, 2013, 3056, 5692, 2509, 5227, 8114, 4090, 5967, 7125, 3823, 2921, 3583], [1932, 3156, 2712, 3506, 1886, 1801, 3054, 3108, 2742, 2424, 4439, 4073, 1945, 1115, 5828, 1809, 2820, 1939, 472, 1986, 3466, 5415, 3323, 599, 3070, 5053, 2469, 2456, 5136, 3500, 1976, 1755, 2138, 2122, 9670, 2701, 3185, 2625, 1433, 3956, 700, 2172, 5951, 3658, 2668, 1672, 6174, 2053, 8723, 699, 2094, 6541, 2618, 2750, 7269, 1838, 2216, 0, 4837, 2233, 6312, 1855, 6410, 4704, 2769, 3134, 1593, 3650, 4711, 481, 3150, 5788, 5370, 3724, 4445, 3648, 1513, 5732, 1660, 3012, 6527, 1954, 3758, 5001, 3496, 2487, 1932], [5260, 4112, 5806, 8293, 5043, 5208, 7886, 5613, 5415, 2539, 9030, 6762, 4845, 5175, 6034, 6096, 7376, 5326, 5286, 5480, 4439, 7567, 5503, 5400, 6440, 9402, 6206, 5035, 8475, 4501, 3334, 5820, 2712, 2730, 12292, 7463, 5701, 5960, 5785, 8586, 4161, 5192, 10722, 4425, 2228, 3396, 5565, 2853, 13518, 5520, 5188, 10474, 4966, 4964, 2503, 3136, 3055, 4837, 0, 7047, 8802, 5088, 9693, 9460, 5067, 7068, 4994, 6778, 5210, 4710, 5749, 3008, 4607, 6672, 7372, 1192, 4833, 4547, 4020, 7639, 8872, 6270, 8248, 9005, 3903, 3707, 5260], [2650, 4520, 2995, 1281, 2797, 2580, 1019, 3608, 3343, 4654, 2943, 4687, 3003, 2464, 6665, 1547, 1145, 2596, 1769, 3029, 4674, 5309, 3930, 1651, 2876, 3213, 2293, 3326, 4228, 4679, 3933, 1874, 4336, 4350, 8729, 558, 3636, 2750, 1584, 1896, 2930, 2933, 3723, 4877, 4842, 3870, 7282, 4214, 6652, 1536, 2863, 4939, 4037, 3663, 9497, 3957, 4393, 2233, 7047, 0, 5808, 2733, 5332, 2489, 3616, 2286, 2604, 3386, 5687, 2352, 3559, 7906, 6686, 3581, 4053, 5856, 2686, 7123, 3363, 1111, 6084, 1472, 1920, 3514, 4939, 4119, 2650], [4439, 4709, 3636, 5724, 4560, 4565, 6521, 3446, 3775, 7711, 8487, 10203, 4620, 7337, 3711, 4708, 4723, 4414, 6078, 8190, 4364, 1249, 3421, 5995, 3253, 4096, 3891, 4173, 1736, 4302, 5981, 4614, 6969, 7268, 3530, 5475, 3351, 3689, 5012, 4944, 6659, 4277, 6496, 4383, 7078, 7466, 4705, 6711, 10387, 6034, 4337, 3333, 8929, 4066, 11081, 6445, 7948, 6312, 8802, 5808, 0, 4564, 1652, 5814, 3982, 3536, 4813, 2666, 3844, 5907, 3344, 11171, 5024, 2593, 1874, 7941, 4950, 5437, 5448, 4910, 302, 4644, 4430, 3108, 4902, 5279, 4439], [174, 1794, 935, 3688, 66, 158, 3751, 1253, 888, 3303, 5588, 5921, 291, 2962, 4116, 1252, 2508, 239, 1791, 3836, 1948, 3588, 1481, 1767, 1471, 4329, 1119, 654, 3636, 1957, 1768, 906, 2637, 2865, 8019, 2892, 1332, 961, 1154, 3689, 2099, 318, 5931, 2152, 2940, 2924, 4614, 2402, 9298, 1867, 241, 5434, 4432, 990, 7584, 2101, 3433, 1855, 5088, 2733, 4564, 0, 4923, 4691, 976, 1982, 263, 1975, 3051, 1397, 1300, 6863, 3962, 1986, 2744, 3973, 387, 4392, 1086, 2817, 4756, 1396, 3260, 3932, 2218, 1540, 174], [4765, 5606, 4024, 4897, 4940, 4871, 5830, 4089, 4329, 8221, 7667, 9973, 5070, 7300, 5219, 4630, 4188, 4719, 6077, 8092, 5335, 2589, 4194, 5970, 3456, 2853, 3965, 4733, 1291, 5279, 6583, 4658, 7530, 7780, 3398, 4884, 3998, 3964, 4992, 4008, 6896, 4699, 5143, 5408, 7748, 7814, 6215, 7282, 8979, 5972, 4736, 1707, 8958, 4744, 12087, 6989, 8341, 6410, 9693, 5332, 1652, 4923, 0, 4683, 4644, 3301, 5130, 2977, 5130, 6088, 3957, 11773, 6394, 3041, 2322, 8709, 5291, 6839, 5956, 4278, 1891, 4513, 3602, 1983, 5890, 6012, 4765], [4550, 6415, 4496, 1211, 4753, 4536, 2048, 5077, 4955, 7127, 3227, 6556, 4980, 4896, 7923, 3471, 2184, 4482, 4234, 5316, 6445, 5847, 5398, 4110, 4043, 1838, 3773, 5116, 4085, 6429, 6223, 3801, 6757, 6803, 7864, 2007, 5059, 4232, 3718, 1068, 5403, 4766, 1264, 6631, 7236, 6356, 8729, 6608, 4830, 4006, 4721, 3543, 6354, 5404, 11936, 6332, 6881, 4704, 9460, 2489, 5814, 4691, 4683, 0, 5323, 3149, 4666, 4278, 7162, 4755, 4972, 10384, 8352, 4517, 4586, 8273, 4797, 8823, 5581, 1878, 6115, 3310, 1624, 2743, 6842, 6220, 4550], [995, 1145, 864, 4435, 925, 1097, 4628, 558, 395, 3731, 6519, 6838, 826, 3884, 3142, 2074, 3181, 1036, 2756, 4752, 1123, 2873, 597, 2738, 1470, 4646, 1551, 324, 3410, 1111, 2002, 1742, 2988, 3288, 7503, 3692, 652, 1109, 2077, 4273, 2879, 699, 6519, 1314, 3130, 3549, 3673, 2730, 10050, 2841, 778, 5452, 5266, 105, 7506, 2464, 3998, 2769, 5067, 3616, 3982, 976, 4644, 5323, 0, 2292, 1212, 1715, 2091, 2292, 688, 7208, 3093, 1608, 2332, 4068, 1260, 3547, 1491, 3500, 4130, 2178, 3774, 4057, 1553, 1369, 995], [1809, 3433, 1429, 2511, 2026, 1868, 3096, 1955, 1901, 5173, 5104, 6736, 2229, 4000, 4799, 1334, 1287, 1744, 2780, 4802, 3386, 3056, 2267, 2671, 899, 2379, 864, 2163, 2065, 3361, 3746, 1416, 4568, 4754, 6640, 2024, 1927, 1192, 1704, 2081, 3677, 1904, 