{'nodes': [(0, 0, 0, 0, 48000, 0, False), (1, -3.252467872749278, -3.392768971520214, 19722, 27794, 20, True), (2, -3.3801603712907835, -5.701049245452138, 8531, 16100, 30, True), (3, -1.9559518134206506, -0.6406097044911535, 15568, 21861, 20, True), (4, 0.43667454494608615, 0.13693097625879272, 29867, 39166, 50, False), (5, 1.3265259297498584, 0.0605413293012333, 39031, 43599, 10, True), (6, -1.8073106255940359, 1.2131759109244182, 15096, 20309, 10, True), (7, -3.4155379108792387, -2.0967801673958184, 1461, 6088, 10, False), (8, 1.2966019709878132, -1.1084667414460778, 17132, 24999, 30, False), (9, -3.138071006230341, -7.777586261850863, 10712, 17266, 30, True), (10, 7.776260146013484, -1.270599040516066, 14941, 21014, 50, True), (11, 1.3661696692815866, 1.6097671240837672, 12510, 16939, 10, True), (12, -4.548488697153316, 0.11309141914927096, 33352, 42704, 20, False), (13, 0.10300233810895543, 0.0679323485764491, 34275, 39351, 20, True), (14, 3.184022921134587, -10.06467777397375, 10392, 18718, 20, True), (15, 3.60173522173928, -4.663472528586211, 26936, 37515, 20, True), (16, -18.9873841697044, -8.400925897562951, 33219, 37533, 40, True), (17, -0.5787784332937671, -0.6939381968636092, 35946, 39408, 10, True), (18, -0.26735587063700206, 0.48061945724424615, 0, 8585, 40, True), (19, -6.1108938448939885, 3.1672426196415095, 21340, 29082, 10, True), (20, 1.8280143685822958, -10.552952033687708, 7770, 14689, 10, True), (21, -2.5904103083783103, 4.864941837508001, 39559, 45509, 40, True), (22, 2.9233876586847174, 3.1485168318605763, 6112, 7894, 40, True), (23, 1.5455515774438493, -9.45953681669619, 12513, 19407, 30, True), (24, 1.4065203548687224, -2.611740240701699, 3855, 6642, 20, True), (25, 13.48130527960545, 1.411469508541942, 11673, 19888, 40, True), (26, -8.318280397022614, -6.614263997336392, 9432, 15243, 30, False), (27, -0.18025936279811478, 0.031123483095549815, 30333, 35539, 30, True), (28, 0.8315554426386923, 2.338164163392516, 19556, 23699, 20, True), (29, -21.305816587484056, -3.785068468506304, 35850, 40682, 50, True), (30, 4.254803190708481, 3.0413895913873774, 31711, 39803, 10, True), (31, -0.541792228276446, 0.33187451707673304, 33373, 42877, 40, True), (32, 2.8800860059244022, -1.6853618154782912, 2561, 8282, 20, True), (33, 1.890821126209391, 6.259405852236484, 35267, 39769, 50, True), (34, -1.102174095015043, 8.917706358413303, 38612, 44039, 20, False), (35, -2.0318692851670708, 7.9102591798980715, 22471, 25787, 10, True), (36, 0.5860044005777838, 3.821473454638343, 35406, 42533, 10, True), (37, 2.406178980648971, 8.687627128798619, 3573, 9756, 30, True), (38, 1.1569360626436236, -10.938357834509942, 11745, 18237, 50, True), (39, 7.607189720350697, -0.9045992043149345, 34441, 40218, 40, False), (40, 13.580547662428483, 9.173932603548124, 11556, 15279, 10, True), (41, 1.2724536946328606, 0.5767823543489027, 25293, 31657, 50, True), (42, -0.936503137901359, 6.295662816111346, 722, 7432, 20, True), (43, 8.376637997130867, -9.38699155021047, 22369, 30649, 40, True), (44, 5.814450857465378, 2.4599380347095465, 19053, 23972, 20, True), (45, -1.799245900342253, -3.181198868610869, 7483, 15088, 40, True), (46, -16.93626386502883, -0.17335271359373597, 8404, 12899, 10, True), (47, 13.2741497969709, 6.545362002121662, 20869, 27841, 20, True), (48, 2.7005137914264794, 6.315648460077008, 21754, 28721, 20, True), (49, 1.5372804075078077, 11.352020729684554, 16175, 21193, 30, True), (50, 5.0113684085153825, -3.9696973078612037, 7764, 13309, 10, True), (51, -0.1939773220356256, 0.6583576617717937, 29781, 33176, 30, True), (52, 0.8521378884171468, -0.4430208651031305, 45737, 48000, 30, True), (53, -10.83638820517993, -6.080129732526713, 33747, 40529, 30, True), (54, 2.3476614153441573, 0.9018756283008916, 6659, 11853, 50, True), (55, -6.133641604476134, -0.1135446350665591, 11486, 19209, 50, True), (56, 1.05927447501963, -0.6079102290899425, 19922, 26802, 20, True), (57, 18.512061818362547, 11.304576923212545, 35251, 42332, 20, True), (58, -3.527263483261379, 0.448969997398156, 15273, 21587, 10, True), (59, 0.7268781905729034, 2.9685799376114717, 43352, 48000, 40, True), (60, -5.413834309682089, 2.0291688800715058, 18812, 23485, 10, True), (61, -0.23881758463752883, 0.23382791669911482, 0, 2006, 50, True), (62, 0.9162918071343465, -2.74465974299457, 11965, 19494, 40, True), (63, -4.9839835472094185, -23.165853478155093, 37532, 42395, 20, True), (64, -4.98015653857321, -4.163153316547604, 29927, 33860, 10, True), (65, 8.631333164868055, 6.007695411140339, 5048, 9558, 40, True), (66, 1.1852392685601052, -11.893328149982556, 31831, 38635, 50, True), (67, -4.750518375519851, -7.610197449632033, 15152, 19239, 50, True), (68, 0.08455821216865073, 0.17295566676288157, 20923, 22987, 30, True), (69, -3.657341284801948, 2.194693608969014, 5068, 8752, 30, True), (70, 1.5966725654527982, 1.7256279035727775, 40331, 46443, 50, True), (71, 15.079610362585328, -9.168180540383286, 38735, 45113, 50, True), (72, 0.13136647910660668, -1.6328611578785064, 39465, 41417, 40, True), (73, 5.578266438984677, 1.1855829528507456, 33906, 41230, 20, True), (74, 8.543024359744388, -13.70941053293542, 7469, 14270, 30, True), (75, -4.997569069793846, -1.0524297731998564, 39031, 46603, 40, True), (76, -6.074533755265457, 2.8520490073278357, 16502, 21534, 50, True), (77, -6.898431312186107, 3.908189483854233, 31122, 36787, 50, True), (78, 1.6311893587778348, -4.995031793540409, 12067, 18455, 40, False), (79, -4.221885049484182, -1.5809888364176756, 22247, 28151, 30, True), (80, -5.7541170381635345, -4.162784192954323, 21113, 26910, 30, True), (81, 13.379446818503945, 0.4971513717343726, 23936, 28108, 50, True), (82, -6.116572424305318, -5.94420366913247, 39445, 45577, 20, True), (83, 4.093264914802896, -3.062867095259473, 41718, 44727, 30, True), (84, -0.25928763270773986, -4.150962892250938, 4046, 9509, 30, True), (85, 1.7421583781196728, 1.2452527381594358, 5047, 13521, 20, True), (86, 0, 0, 0, 48000, 0, False)], 'F': 20.0, 'ct': 0.083, 'cd': 0.021, 'truck_cap': 100, 'drone_cap': 20, 'truck_speed': 40, 'drone_speed': 40, 'a': 1, 'b': 2, 'max_flight_time': 30, 'ttt': [[0, 1411, 1989, 618, 138, 399, 654, 1203, 513, 2517, 2365, 634, 1366, 38, 3168, 1769, 6230, 272, 166, 2066, 3214, 1654, 1290, 2876, 891, 4067, 3189, 56, 745, 6493, 1570, 192, 1002, 1963, 2697, 2451, 1161, 2705, 3301, 2299, 4918, 420, 1910, 3775, 1895, 1097, 5082, 4441, 2062, 3438, 1919, 207, 289, 3729, 755, 1841, 367, 6508, 1068, 918, 1735, 101, 869, 7110, 1948, 3156, 3587, 2692, 59, 1281, 706, 5295, 492, 1712, 4847, 1533, 2014, 2380, 1577, 1353, 2132, 4018, 2560, 1535, 1249, 643, 1], [1411, 0, 695, 914, 1533, 1722, 1449, 393, 1528, 1317, 3370, 2044, 1122, 1447, 2782, 2092, 4955, 1141, 1468, 2148, 2635, 2486, 2700, 2321, 1418, 5224, 1802, 1381, 2112, 5418, 2967, 1383, 1911, 3282, 3750, 3412, 2453, 4003, 2623, 3343, 6303, 1807, 2989, 3926, 3239, 442, 4218, 5786, 3417, 4652, 2486, 1524, 1517, 2415, 2118, 1311, 1541, 7880, 1156, 2252, 1752, 1416, 1267, 5956, 568, 4547, 2878, 1344, 1466, 1682, 2116, 5767, 1145, 2985, 4702, 877, 2057, 2449, 1543, 617, 786, 5125, 1152, 2207, 927, 2046, 1411], [1989, 695, 0, 1578, 2093, 2233, 2128, 1082, 1967, 628, 3602, 2616, 1780, 2023, 2366, 2119, 4753, 1722, 2077, 2785, 2136, 3180, 3261, 1860, 1710, 5491, 1508, 1970, 2724, 5409, 3483, 2001, 2232, 3922, 4440, 4104, 3096, 4654, 2080, 3598, 6769, 2345, 3674, 3697, 3689, 893, 4393, 6203, 4041, 5325, 2571, 2135, 2026, 2241, 2623, 1870, 2028, 8317, 1847, 2879, 2399, 2015, 1566, 5262, 667, 5033, 2309, 706, 2047, 2371, 2683, 5636, 1613, 3391, 4310, 1478, 2691, 3071, 1519, 1263, 850, 5362, 825, 2379, 1046, 2590, 1989], [618, 914, 1578, 0, 756, 1008, 559, 620, 987, 2171, 2927, 1205, 811, 654, 3221, 2059, 5616, 414, 609, 1692, 3184, 1664, 1854, 2848, 1170, 4673, 2619, 571, 1225, 5882, 2167, 516, 1485, 2371, 2880, 2566, 1542, 3090, 3228, 2871, 5514, 1036, 2104, 4062, 2511, 765, 4497, 5053, 2512, 3748, 2318, 658, 846, 3125, 1373, 1264, 906, 7111, 575, 1350, 1312, 579, 1069, 6819, 1394, 3751, 3506, 2254, 660, 993, 1282, 5716, 694, 2327, 5030, 922, 1621, 2016, 1694, 737, 1555, 4614, 2023, 1956, 1171, 1246, 618], [138, 1533, 2093, 756, 0, 269, 748, 1337, 455, 2606, 2243, 523, 1497, 103, 3171, 1726, 6366, 395, 236, 2165, 3235, 1685, 1173, 2899, 875, 3933, 3318, 189, 672, 6629, 1440, 300, 915, 1889, 2675, 2448, 1107, 2633, 3331, 2175, 4786, 284, 1894, 3721, 1758, 1201, 5214, 4305, 1975, 3382, 1845, 246, 215, 3863, 619, 1974, 292, 6375, 1194, 855, 1846, 206, 877, 7178, 2076, 3025, 3617, 2798, 107, 1376, 591, 5206, 540, 1575, 4814, 1670, 2117, 2475, 1582, 1491, 2262, 3885, 2683, 1459, 1304, 515, 138], [399, 1722, 2233, 1008, 269, 0, 1003, 1564, 352, 2707, 1977, 466, 1764, 368, 3089, 1574, 6603, 616, 495, 2419, 3189, 1861, 1044, 2858, 803, 3670, 3520, 453, 700, 6888, 1255, 567, 702, 1868, 2756, 2562, 1151, 2609, 3301, 1907, 4582, 157, 1991, 3537, 1528, 1352, 5480, 4079, 1922, 3389, 1639, 491, 209, 4089, 398, 2240, 217, 6162, 1462, 892, 2108, 473, 852, 7222, 2278, 2827, 3587, 2937, 375, 1627, 507, 4970, 623, 1320, 4665, 1927, 2374, 2725, 1520, 1737, 2474, 3619, 2870, 1253, 1351, 378, 399], [654, 1449, 2128, 559, 748, 1003, 0, 1105, 1164, 2728, 2971, 960, 887, 669, 3701, 2397, 5907, 682, 513, 1419, 3695, 1121, 1534, 3357, 1500, 4588, 3055, 604, 862, 6040, 1901, 464, 1654, 1878, 2322, 2011, 1063, 2575, 3753, 2896, 5199, 944, 1548, 4411, 2318, 1319, 4559, 4800, 2044, 3204, 2570, 513, 941, 3483, 1251, 1359, 1020, 6807, 566, 926, 1110, 556, 1442, 7377, 1874, 3447, 4034, 2791, 649, 629, 1034, 5948, 1034, 2217, 5449, 1175, 1372, 1729, 2130, 1109, 2002, 4562, 2507, 2187, 1676, 1066, 654], [1203, 393, 1082, 620, 1337, 1564, 1105, 0, 1445, 1707, 3368, 1816, 746, 1240, 3105, 2243, 5041, 950, 1222, 1775, 2986, 2104, 2469, 2664, 1456, 5178, 2001, 1163, 1843, 5392, 2771, 1130, 1894, 2971, 3377, 3032, 2144, 3678, 2987, 3327, 6119, 1620, 2626, 4160, 3089, 585, 4098, 5639, 3121, 4301, 2591, 1273, 1374, 2528, 1950, 1010, 1416, 7711, 765, 1964, 1376, 1183, 1315, 6339, 779, 4357, 3248, 1703, 1252, 1290, 1892, 5941, 1074, 2873, 5002, 570, 1686, 2084, 1747, 288, 937, 5099, 1411, 2272, 1131, 1845, 1203], [513, 1528, 1967, 987, 455, 352, 1164, 1445, 0, 2404, 1946, 817, 1792, 504, 2747, 1272, 6468, 577, 670, 2567, 2839, 2139, 1368, 2507, 453, 3734, 3325, 561, 1044, 6829, 1530, 702, 507, 2219, 3094, 2885, 1495, 2959, 2950, 1895, 4807, 507, 2321, 3269, 1728, 1119, 5478, 4265, 2268, 3740, 1408, 694, 241, 3935, 682, 2250, 167, 6368, 1522, 1236, 2223, 613, 505, 6881, 2095, 3067, 3237, 2665, 530, 1787, 856, 4791, 384, 1458, 4362, 1889, 2511, 2884, 1171, 1663, 2306, 3658, 2656, 1025, 1026, 720, 513], [2517, 1317, 628, 2171, 2606, 2707, 2728, 1707, 2404, 0, 3813, 3125, 2406, 2548, 2018, 2228, 4759, 2261, 2624, 3403, 1708, 3797, 3749, 1494, 2065, 5698, 1594, 2506, 3261, 5581, 3932, 2555, 2570, 4474, 5047, 4719, 3656, 5213, 1601, 3828, 7144, 2835, 4274, 3489, 4081, 1437, 4727, 6536, 4577, 5909, 2700, 2681, 2506, 2366, 3081, 2470, 2493, 8659, 2472, 3427, 3021, 2557, 1940, 4651, 1218, 5439, 1792, 487, 2575, 2997, 3186, 5482, 2089, 3752, 3931, 2094, 3309, 3684, 1657, 1888, 1340, 5543, 1050, 2591, 1390, 3078, 2517], [2365, 3370, 3602, 2927, 2243, 1977, 2971, 3368, 1946, 3813, 0, 2109, 3722, 2338, 2977, 1615, 8310, 2513, 2471, 4375, 3308, 3615, 1970, 3088, 1954, 1892, 5089, 2420, 2349, 8758, 1671, 2542, 1475, 2868, 4055, 4031, 2644, 3395, 3516, 122, 3586, 2029, 3463, 2443, 1265, 2930, 7422, 2868, 2739, 4225, 1160, 2461, 2093, 5768, 1755, 4188, 2026, 4961, 3431, 2469, 4080, 2448, 2106, 7604, 3925, 2200, 3751, 4213, 2349, 3585, 2061, 3228, 2297, 990, 3740, 3834, 4336, 4670, 2157, 3602, 4152, 1764, 4398, 1230, 2562, 1962, 2365], [634, 2044, 2616, 1205, 523, 466, 960, 1816, 817, 3125, 2109, 0, 1831, 599, 3546, 1999, 6806, 905, 597, 2292, 3652, 1538, 658, 3322, 1268, 3636, 3813, 664, 272, 6993, 968, 690, 1089, 1405, 2315, 2149, 705, 2147, 3766, 2020, 4311, 312, 1567, 3913, 1360, 1724, 5518, 3868, 1468, 2924, 2000, 549, 636, 4328, 364, 2310, 673, 5910, 1510, 452, 2039, 635, 1314, 7674, 2575, 2549, 4052, 3320, 579, 1518, 78, 5234, 1042, 1271, 5076, 2070, 2264, 2574, 1984, 1931, 2751, 3620, 3191, 1624, 1797, 158, 634], [1366, 1122, 1780, 811, 1497, 1764, 887, 746, 1792, 2406, 3722, 1831, 0, 1397, 3836, 2835, 5030, 1216, 1290, 1030, 3729, 1543, 2420, 3405, 1966, 5424, 2314, 1312, 1748, 5162, 2784, 1205, 2294, 2672, 2838, 2459, 1901, 3313, 3732, 3660, 6081, 1753, 2149, 4813, 3189, 1288, 3718, 5685, 2863, 3835, 3120, 1318, 1630, 2649, 2083, 481, 1697, 7691, 324, 1801, 632, 1294, 1851, 6986, 1290, 4332, 3993, 2319, 1391, 680, 1907, 6515, 1499, 3056, 5712, 376, 942, 1340, 2406, 519, 1334, 5381, 1878, 2763, 1815, 1919, 1366], [38, 1447, 2023, 654, 103, 368, 669, 1240, 504, 2548, 2338, 599, 1397, 0, 3178, 1766, 6266, 308, 167, 2084, 3229, 1651, 1254, 2892, 895, 4035, 3226, 87, 716, 6527, 1533, 210, 986, 1934, 2680, 2439, 1136, 2678, 3318, 2271, 4881, 384, 1895, 3770, 1859, 1131, 5113, 4404, 2031, 3413, 1908, 199, 273, 3766, 719, 1873, 352, 6471, 1096, 891, 1758, 115, 879, 7136, 1985, 3119, 3604, 2726, 33, 1297, 670, 5280, 511, 1677, 4848, 1568, 2034, 2397, 1588, 1390, 2169, 3986, 2596, 1523, 1271, 606, 38], [3168, 2782, 2366, 3221, 3171, 3089, 3701, 3105, 2747, 2018, 2977, 3546, 3836, 3178, 0, 1626, 6671, 3030, 3330, 4852, 433, 4803, 3966, 525, 2300, 4627, 3604, 3193, 3788, 7586, 3946, 3314, 2516, 4914, 5839, 5616, 4239, 5632, 663, 3053, 6561, 3245, 5062, 1572, 3840, 2550, 6727, 5831, 4917, 6445, 1910, 3374, 2971, 4374, 3301, 4091, 2909, 7890, 3743, 3980, 4453, 3257, 2300, 4633, 3023, 5092, 814, 2493, 3210, 4213, 3570, 3580, 2691, 3452, 1945, 3653, 4769, 5170, 1592, 3379, 3214, 4405, 3053, 2119, 2054, 3421, 3168], [1769, 2092, 2119, 2059, 1726, 1574, 2397, 2243, 1272, 2228, 1615, 1999, 2835, 1766, 1626, 0, 6870, 1730, 1932, 3744, 1846, 3410, 2353, 1566, 902, 3480, 3625, 1810, 2260, 7478, 2321, 1948, 920, 3318, 4313, 4134, 2702, 4022, 2021, 1649, 5119, 1721, 3559, 2016, 2239, 1681, 6308, 4443, 3306, 4845, 472, 1962, 1512, 4353, 1712, 3225, 1437, 6555, 2633, 2448, 3369, 1868, 991, 6120, 2580, 3540, 2288, 2658, 1795, 2997, 2010, 3700, 1383, 1853, 3093, 2799, 3677, 4067, 600, 2524, 2812, 3318, 2942, 503, 1169, 1859, 1769], [6230, 4955, 4753, 5616, 6366, 6603, 5907, 5041, 6468, 4759, 8310, 6806, 5030, 6266, 6671, 6870, 0, 5988, 6217, 5194, 6279, 6328, 7432, 6169, 6361, 10177, 3246, 6184, 6763, 1551, 7773, 6124, 6864, 7654, 7470, 7059, 6924, 8215, 6092, 8290, 11103, 6649, 6984, 8216, 8124, 5390, 2545, 10668, 7864, 8547, 7322, 6260, 6414, 2543, 6984, 4589, 6453, 12710, 5345, 6828, 5136, 6193, 6209, 6106, 4391, 9346, 6143, 4279, 6274, 5592, 6883, 10224, 6085, 7912, 8412, 4742, 5139, 5177, 6270, 4880, 4170, 10071, 3932, 7108, 5762, 6860, 6230], [272, 1141, 1722, 414, 395, 616, 682, 950, 577, 2261, 2513, 905, 1216, 308, 3030, 1730, 5988, 0, 366, 2025, 3046, 1775, 1561, 2707, 829, 4266, 2924, 249, 1004, 6288, 1834, 309, 1080, 2215, 2889, 2619, 1400, 2954, 3118, 2458, 5179, 675, 2101, 3745, 2140, 832, 4911, 4690, 2323, 3670, 1945, 423, 437, 3477, 1001, 1677, 493, 6765, 950, 1167, 1666, 297, 762, 6871, 1682, 3418, 3402, 2424, 328, 1267, 977, 5342, 354, 1932, 4769, 1331, 1963, 2346, 1452, 1126, 1870, 4204, 2290, 1572, 1043, 908, 272], [166, 1468, 2077, 609, 236, 495, 513, 1222, 670, 2624, 2471, 597, 1290, 167, 3330, 1932, 6217, 366, 0, 1930, 3370, 1490, 1249, 3032, 1056, 4135, 3220, 138, 648, 6441, 1560, 95, 1147, 1852, 2544, 2292, 1035, 2590, 3453, 2400, 4906, 464, 1757, 3936, 1920, 1192, 5006, 4452, 1965, 3307, 2072, 59, 436, 3733, 796, 1770, 516, 6504, 979, 805, 1613, 76, 1032, 7235, 1986, 3144, 3739, 2776, 141, 1141, 673, 5439, 646, 1767, 5012, 1493, 1883, 2240, 1740, 1339, 2157, 4095, 2608, 1687, 1390, 646, 166], [2066, 2148, 2785, 1692, 2165, 2419, 1419, 1775, 2567, 3403, 4375, 2292, 1030, 2084, 4852, 3744, 5194, 2025, 1930, 0, 4756, 1174, 2711, 4431, 2846, 5902, 3009, 2014, 2099, 5014, 3111, 1876, 3066, 2575, 2289, 1878, 2020, 3046, 4761, 4294, 6177, 2348, 1815, 5752, 3585, 2303, 3400, 5904, 2808, 3362, 3966, 1929, 2354, 3116, 2628, 985, 2432, 7781, 1126, 2053, 401, 1970, 2756, 7908, 2226, 4505, 5021, 3260, 2065, 793, 2353, 7357, 2363, 3558, 6706, 1310, 96, 325, 3376, 1534, 2203, 5903, 2734, 3588, 2812, 2426, 2066], [3214, 2635, 2136, 3184, 3235, 3189, 3695, 2986, 2839, 1708, 3308, 3652, 3729, 3229, 433, 1846, 6279, 3046, 3370, 4756, 0, 4813, 4125, 340, 2387, 5012, 3266, 3233, 3880, 7232, 4144, 3343, 2680, 5045, 5908, 5660, 4329, 5776, 233, 3375, 6890, 3344, 5123, 1996, 4084, 2466, 6434, 6174, 5068, 6573, 2195, 3419, 3048, 4030, 3441, 3940, 2993, 8250, 3672, 4071, 4356, 3296, 2359, 4301, 2802, 5372, 447, 2163, 3261, 4164, 3685, 3998, 2725, 3698, 2227, 3510, 4669, 5068, 1669, 3247, 2976, 4797, 2756, 2349, 2021, 3541, 3214], [1654, 2486, 3180, 1664, 1685, 1861, 1121, 2104, 2139, 3797, 3615, 1538, 1543, 1651, 4803, 3410, 6328, 1775, 1490, 1174, 4813, 0, 1733, 4474, 2544, 4933, 3850, 1621, 1277, 6186, 2126, 1493, 2561, 1409, 1296, 930, 1004, 1888, 4873, 3516, 5022, 1732, 657, 5396, 2624, 2426, 4562, 4787, 1647, 2308, 3497, 1453, 1899, 4112, 1901, 1834, 1974, 6620, 1355, 1147, 1201, 1559, 2515, 8441, 2803, 3385, 5155, 3799, 1621, 864, 1571, 6770, 2114, 2689, 6498, 1917, 1208, 1325, 3219, 1996, 2871, 4968, 3412, 3112, 2795, 1695, 1654], [1290, 2700, 3261, 1854, 1173, 1044, 1534, 2469, 1368, 3749, 1970, 658, 2420, 1254, 3966, 2353, 7432, 1561, 1249, 2711, 4125, 1733, 0, 3806, 1788, 3211, 4468, 1321, 674, 7562, 402, 1341, 1451, 984, 2111, 2063, 731, 1670, 4260, 1859, 3674, 918, 1495, 4102, 893, 2370, 6042, 3269, 953, 2497, 2226, 1198, 1245, 4971, 697, 2889, 1259, 5279, 2099, 662, 2525, 1291, 1869, 8244, 3231, 1916, 4544, 3966, 1235, 1996, 585, 5193, 1662, 992, 5332, 2691, 2702, 2956, 2475, 2572, 3405, 3237, 3848, 1897, 2390, 673, 1290], [2876, 2321, 1860, 2848, 2899, 2858, 3357, 2664, 2507, 1494, 3088, 3322, 3405, 2892, 525, 1566, 6169, 2707, 3032, 4431, 340, 4474, 3806, 0, 2056, 4844, 3081, 2895, 3547, 7065, 3838, 3004, 2367, 4718, 5571, 5321, 3996, 5451, 460, 3146, 6656, 3013, 4786, 2050, 3799, 2135, 6206, 5954, 4746, 6244, 1949, 3081, 2714, 3851, 3119, 3630, 2660, 8045, 3340, 3738, 4031, 2958, 2024, 4556, 2522, 5105, 739, 1970, 2924, 3830, 3357, 4062, 2387, 3416, 2457, 3197, 4345, 4744, 1341, 2930, 2707, 4641, 2530, 2067, 1683, 3213, 2876], [891, 1418, 1710, 1170, 875, 803, 1500, 1456, 453, 2065, 1954, 1268, 1966, 895, 2300, 902, 6361, 829, 1056, 2846, 2387, 2544, 1788, 2056, 0, 3819, 3156, 926, 1496, 6824, 1900, 1060, 523, 2666, 3541, 3322, 1947, 3404, 2500, 1930, 5084, 958, 2764, 2917, 2017, 978, 5552, 4498, 2707, 4190, 1157, 1093, 673, 3818, 1092, 2384, 611, 6616, 1743, 1687, 2476, 987, 153, 6458, 1973, 3375, 2786, 2380, 926, 2096, 1303, 4550, 483, 1693, 3959, 1978, 2780, 3169, 719, 1718, 2199, 3712, 2469, 818, 681, 1162, 891], [4067, 5224, 5491, 4673, 3933, 3670, 4588, 5178, 3734, 5698, 1892, 3636, 5424, 4035, 4627, 3480, 10177, 4266, 4135, 5902, 5012, 4933, 3211, 4844, 3819, 0, 6970, 4120, 3806, 10553, 2812, 4220, 3314, 3770, 4922, 5047, 3937, 3976, 5235, 1895, 2330, 3672, 4568, 3584, 2322, 4788, 9139, 1542, 3554, 4663, 3011, 4110, 3830, 7635, 3345, 5903, 3777, 3331, 5112, 3856, 5673, 4132, 3971, 9223, 5786, 2006, 5436, 6104, 4037, 5148, 3568, 3211, 4109, 2373, 4773, 5594, 5884, 6161, 4042, 5387, 6009, 277, 6281, 3121, 4448, 3523, 4067], [3189, 1802, 1508, 2619, 3318, 3520, 3055, 2001, 3325, 1594, 5089, 3813, 2314, 3226, 3604, 3625, 3246, 2924, 3220, 3009, 3266, 3850, 4468, 3081, 3156, 6970, 0, 3153, 3841, 3989, 4757, 3129, 3672, 4930, 5139, 4749, 4116, 5607, 3126, 5076, 8100, 3597, 4462, 5078, 5040, 2211, 3229, 7587, 5097, 6149, 4078, 3272, 3317, 773, 3915, 2058, 3342, 9680, 2561, 3954, 2737, 3178, 3005, 5066, 1243, 6341, 3262, 1112, 3241, 2991, 3888, 7062, 2944, 4782, 5489, 1944, 2920, 3186, 3025, 1948, 1065, 6851, 691, 3874, 2529, 3831, 3189], [56, 1381, 1970, 571, 189, 453, 604, 1163, 561, 2506, 2420, 664, 1312, 87, 3193, 1810, 6184, 249, 138, 2014, 3233, 1621, 1321, 2895, 926, 4120, 3153, 0, 757, 6441, 1609, 142, 1054, 1970, 2681, 2429, 1161, 2711, 3316, 2354, 4957, 467, 1894, 3818, 1941, 1080, 5028, 4486, 2075, 3436, 1967, 189, 342, 3686, 803, 1788, 419, 6550, 1013, 923, 1682, 64, 896, 7108, 1913, 3195, 3602, 2672, 91, 1230, 738, 5346, 509, 1763, 4884, 1482, 1961, 2328, 1604, 1306, 2094, 4071, 2528, 1584, 1256, 683, 56], [745, 2112, 2724, 1225, 672, 700, 862, 1843, 1044, 3261, 2349, 272, 1748, 716, 3788, 2260, 6763, 1004, 648, 2099, 3880, 1277, 674, 3547, 1496, 3806, 3841, 757, 0, 6892, 1049, 730, 1356, 1220, 2058, 1880, 452, 1964, 3985, 2254, 4341, 546, 1301, 4184, 1496, 1835, 5384, 3941, 1319, 2713, 2271, 591, 835, 4317, 628, 2216, 887, 5948, 1426, 193, 1877, 709, 1526, 7849, 2617, 2587, 4272, 3423, 688, 1348, 295, 5495, 1211, 1466, 5342, 2024, 2079, 2367, 2214, 1920, 2777, 3806, 3244, 1894, 1975, 428, 745], [6493, 5418, 5409, 5882, 6629, 6888, 6040, 5392, 6829, 5581, 8758, 6993, 5162, 6527, 7586, 7478, 1551, 6288, 6441, 5014, 7232, 6186, 7562, 7065, 6824, 10553, 3989, 6441, 6892, 0, 7938, 6351, 7284, 7584, 7161, 6764, 6954, 8039, 7073, 8718, 11166, 6900, 6819, 9063, 8350, 5856, 1702, 10828, 7814, 8222, 7896, 6473, 6724, 3216, 7235, 4684, 6778, 12775, 5484, 6914, 5078, 6435, 6675, 7602, 4900, 9450, 7173, 5098, 6527, 5591, 7068, 11035, 6464, 8203, 9438, 4962, 4985, 4901, 6892, 5169, 4668, 10486, 4604, 7624, 6316, 7078, 6493], [1570, 2967, 3483, 2167, 1440, 1255, 1901, 2771, 1530, 3932, 1671, 968, 2784, 1533, 3946, 2321, 7773, 1834, 1560, 3111, 4144, 2126, 402, 3838, 1900, 2812, 4757, 1609, 1049, 7938, 0, 1654, 1478, 1199, 2386, 2386, 1126, 1783, 4297, 1554, 3349, 1162, 1839, 3929, 500, 2606, 6431, 2904, 1088, 2624, 2117, 1515, 1462, 5291, 861, 3258, 1456, 4945, 2462, 1060, 2917, 1591, 2005, 8337, 3515, 1587, 4575, 4185, 1519, 2388, 891, 4896, 1871, 685, 5188, 3036, 3100, 3357, 2537, 2898, 3701, 2843, 4118, 1833, 2548, 928, 1570], [192, 1383, 2001, 516, 300, 567, 464, 1130, 702, 2555, 2542, 690, 1205, 210, 3314, 1948, 6124, 309, 95, 1876, 3343, 1493, 1341, 3004, 1060, 4220, 3129, 142, 730, 6351, 1654, 0, 1193, 1923, 2582, 2318, 1101, 2659, 3420, 2474, 5000, 550, 1794, 3958, 2012, 1120, 4922, 4546, 2043, 3365, 2108, 144, 479, 3639, 885, 1684, 558, 6597, 897, 879, 1549, 97, 1022, 7175, 1896, 3237, 3705, 2697, 195, 1090, 767, 5486, 624, 1855, 5018, 1401, 1825, 2189, 1727, 1245, 2066, 4178, 2519, 1725, 1349, 739, 192], [1002, 1911, 2232, 1485, 915, 702, 1654, 1894, 507, 2570, 1475, 1089, 2294, 986, 2516, 920, 6864, 1080, 1147, 3066, 2680, 2561, 1451, 2367, 523, 3314, 3672, 1054, 1356, 7284, 1478, 1193, 0, 2403, 3399, 3235, 1791, 3116, 2825, 1438, 4575, 834, 2655, 2840, 1525, 1475, 5963, 3978, 2402, 3933, 938, 1161, 714, 4322, 793, 2746, 636, 6098, 2027, 1539, 2727, 1100, 670, 6863, 2473, 2883, 3105, 2899, 1008, 2282, 1094, 4294, 826, 1183, 3988, 2372, 3013, 3381, 1062, 2132, 2696, 3218, 2987, 552, 1199, 944, 1002], [1963, 3282, 3922, 2371, 1889, 1868, 1878, 2971, 2219, 4474, 2868, 1405, 2672, 1934, 4914, 3318, 7654, 2215, 1852, 2575, 5045, 1409, 984, 4718, 2666, 3770, 4930, 1970, 1220, 7584, 1199, 1923, 2403, 0, 1202, 1278, 831, 746, 5165, 2751, 3615, 1716, 849, 5082, 1640, 3042, 5970, 3417, 244, 1532, 3209, 1794, 2036, 5319, 1614, 3075, 2076, 5212, 2384, 1048, 2533, 1918, 2718, 9066, 3746, 2025, 5451, 4614, 1906, 2064, 1364, 6090, 2427, 1883, 6315, 3015, 2600, 2730, 3378, 2984, 3879, 3857, 4380, 2875, 3190, 1506, 1963], [2697, 3750, 4440, 2880, 2675, 2756, 2322, 3377, 3094, 5047, 4055, 2315, 2838, 2680, 5839, 4313, 7470, 2889, 2544, 2289, 5908, 1296, 2111, 5571, 3541, 4922, 5139, 2681, 2058, 7161, 2386, 2582, 3399, 1202, 0, 412, 1612, 1056, 5996, 3939, 4406, 2603, 789, 6185, 2840, 3637, 5478, 4372, 1383, 1078, 4280, 2494, 2870, 5365, 2619, 3102, 2931, 5929, 2644, 1868, 2439, 2619, 3552, 9696, 4094, 3049, 6282, 5079, 2648, 2159, 2306, 7281, 3188, 3066, 7380, 3212, 2354, 2299, 4255, 3287, 4166, 5027, 4707, 3919, 3930, 2456, 2697], [2451, 3412, 4104, 2566, 2448, 2562, 2011, 3032, 2885, 4719, 4031, 2149, 2459, 2439, 5616, 4134, 7059, 2619, 2292, 1878, 5660, 930, 2063, 5321, 3322, 5047, 4749, 2429, 1880, 6764, 2386, 2318, 3235, 1278, 412, 0, 1458, 1353, 5736, 3920, 4700, 2414, 586, 6057, 2867, 3329, 5088, 4611, 1499, 1488, 4144, 2245, 2652, 4960, 2480, 2704, 2720, 6248, 2284, 1699, 2036, 2366, 3318, 9366, 3729, 3250, 6020, 4728, 2407, 1784, 2152, 7254, 2937, 3048, 7221, 2833, 1944, 1891, 4026, 2923, 3791, 5131, 4334, 3771, 3658, 2299, 2451], [1161, 2453, 3096, 1542, 1107, 1151, 1063, 2144, 1495, 3656, 2644, 705, 1901, 1136, 4239, 2702, 6924, 1400, 1035, 2020, 4329, 1004, 731, 3996, 1947, 3937, 4116, 1161, 452, 6954, 1126, 1101, 1791, 831, 1612, 1458, 0, 1560, 4432, 2540, 4217, 996, 873, 4601, 1622, 2220, 5393, 3894, 982, 2278, 2689, 978, 1283, 4536, 1024, 2337, 1337, 5829, 1597, 260, 1880, 1105, 1973, 8268, 2921, 2502, 4719, 3786, 1106, 1364, 699, 5840, 1643, 1695, 5777, 2224, 2020, 2246, 2664, 2171, 3060, 3966, 3554, 2319, 2406, 848, 1161], [2705, 4003, 4654, 3090, 2633, 2609, 2575, 3678, 2959, 5213, 3395, 2147, 3313, 2678, 5632, 4022, 8215, 2954, 2590, 3046, 5776, 1888, 1670, 5451, 3404, 3976, 5607, 2711, 1964, 8039, 1783, 2659, 3116, 746, 1056, 1353, 1560, 0, 5901, 3274, 3356, 2458, 1234, 5712, 2131, 3779, 6384, 3324, 718, 842, 3878, 2533, 2780, 5952, 2337, 3680, 2819, 4896, 3047, 1789, 3082, 2658, 3460, 9811, 4448, 2034, 6186, 5341, 2649, 2666, 2104, 6570, 3171, 2445, 6968, 3671, 3089, 3139, 4112, 3668, 4568, 4109, 5081, 3562, 3935, 2243, 2705], [3301, 2623, 2080, 3228, 3331, 3301, 3753, 2987, 2950, 1601, 3516, 3766, 3732, 3318, 663, 2021, 6092, 3118, 3453, 4761, 233, 4873, 4260, 460, 2500, 5235, 3126, 3316, 3985, 7073, 4297, 3420, 2825, 5165, 5996, 5736, 4432, 5901, 0, 3579, 7093, 3456, 5209, 2216, 4256, 2491, 6317, 6383, 5198, 6689, 2390, 3504, 3151, 3883, 3571, 3916, 3100, 8465, 3695, 4175, 4362, 3379, 2460, 4106, 2743, 5557, 288, 2035, 3350, 4197, 3802, 4211, 2810, 3872, 2368, 3495, 4672, 5068, 1790, 3239, 2905, 5022, 2648, 2523, 2081, 3660, 3301], [2299, 3343, 3598, 2871, 2175, 1907, 2896, 3327, 1895, 3828, 122, 2020, 3660, 2271, 3053, 1649, 8290, 2458, 2400, 4294, 3375, 3516, 1859, 3146, 1930, 1895, 5076, 2354, 2254, 8718, 1554, 2474, 1438, 2751, 3939, 3920, 2540, 3274, 3579, 0, 3516, 1953, 3353, 2556, 1145, 2904, 7367, 2809, 2620, 4104, 1206, 2388, 2032, 5748, 1669, 4130, 1967, 4912, 3366, 2370, 4005, 2379, 2083, 7674, 3902, 2097, 3819, 4219, 2281, 3506, 1969, 3343, 2254, 875, 3853, 3783, 4257, 4586, 2174, 3556, 4127, 1783, 4387, 1238, 2554, 1875, 2299], [4918, 6303, 6769, 5514, 4786, 4582, 5199, 6119, 4807, 7144, 3586, 4311, 6081, 4881, 6561, 5119, 11103, 5179, 4906, 6177, 6890, 5022, 3674, 6656, 5084, 2330, 8100, 4957, 4341, 11166, 3349, 5000, 4575, 3615, 4406, 4700, 4217, 3356, 7093, 3516, 0, 4505, 4441, 5784, 3081, 5919, 9576, 795, 3376, 3673, 4708, 4859, 4787, 8638, 4186, 6539, 4768, 1613, 5762, 4283, 6089, 4939, 5218, 11188, 6858, 1764, 7334, 7457, 4868, 5580, 4234, 5522, 5177, 3393, 7030, 6363, 6195, 6345, 5562, 6241, 7047, 2605, 7450, 4646, 5765, 4275, 4918], [420, 1807, 2345, 1036, 284, 157, 944, 1620, 507, 2835, 2029, 312, 1753, 384, 3245, 1721, 6649, 675, 464, 2348, 3344, 1732, 918, 3013, 958, 3672, 3597, 467, 546, 6900, 1162, 550, 834, 1716, 2603, 2414, 996, 2458, 3456, 1953, 4505, 0, 1840, 3672, 1476, 1457, 5468, 4022, 1775, 3235, 1767, 442, 332, 4146, 338, 2232, 362, 6092, 1441, 737, 2054, 466, 1003, 7367, 2355, 2745, 3742, 3050, 377, 1558, 359, 5071, 747, 1306, 4810, 1944, 2308, 2648, 1676, 1772, 2544, 3633, 2957, 1382, 1492, 246, 420], [1910, 2989, 3674, 2104, 1894, 1991, 1548, 2626, 2321, 4274, 3463, 1567, 2149, 1895, 5062, 3559, 6984, 2101, 1757, 1815, 5123, 657, 1495, 4786, 2764, 4568, 4462, 1894, 1301, 6819, 1839, 1794, 2655, 849, 789, 586, 873, 1234, 5209, 3353, 4441, 1840, 0, 5473, 2330, 2856, 5178, 4265, 1092, 1690, 3560, 1707, 2093, 4755, 1895, 2476, 2157, 6026, 1919, 1117, 1856, 1832, 2769, 8922, 3365, 2873, 5495, 4327, 1863, 1477, 1569, 6680, 2401, 2485, 6642, 2520, 1857, 1928, 3475, 2561, 3455, 4635, 3988, 3188, 3142, 1716, 1910], [3775, 3926, 3697, 4062, 3721, 3537, 4411, 4160, 3269, 3489, 2443, 3913, 4813, 3770, 1572, 2016, 8216, 3745, 3936, 5752, 1996, 5396, 4102, 2050, 2917, 3584, 5078, 3818, 4184, 9063, 3929, 3958, 2840, 5082, 6185, 6057, 4601, 5712, 2216, 2556, 5784, 3672, 5473, 0, 3637, 3577, 8082, 5001, 5010, 6552, 1914, 3962, 3507, 5850, 3579, 5167, 3430, 6913, 4634, 4361, 5372, 3875, 2998, 5759, 4304, 4620, 2286, 3975, 3798, 5012, 3906, 2013, 3397, 3282, 1299, 4729, 5682, 6076, 2416, 4447, 4521, 3324, 4470, 2292, 3031, 3761, 3775], [1895, 3239, 3689, 2511, 1758, 1528, 2318, 3089, 1728, 4081, 1265, 1360, 3189, 1859, 3840, 2239, 8124, 2140, 1920, 3585, 4084, 2624, 893, 3799, 2017, 2322, 5040, 1941, 1496, 8350, 500, 2012, 1525, 1640, 2840, 2867, 1622, 2131, 4256, 1145, 3081, 1476, 2330, 3637, 0, 2844, 6872, 2553, 1488, 2961, 1945, 1883, 1726, 5615, 1141, 3668, 1699, 4643, 2868, 1535, 3372, 1936, 2145, 8343, 3800, 1360, 4525, 4380, 1852, 2844, 1285, 4461, 2102, 390, 4920, 3411, 3570, 3840, 2566, 3247, 4000, 2346, 4379, 1736, 2694, 1276, 1895], [1097, 442, 893, 765, 1201, 1352, 1319, 585, 1119, 1437, 2930, 1724, 1288, 1131, 2550, 1681, 5390, 832, 1192, 2303, 2466, 2426, 2370, 2135, 978, 4788, 2211, 1080, 1835, 5856, 2606, 1120, 1475, 3042, 3637, 3329, 2220, 3779, 2491, 2904, 5919, 1457, 2856, 3577, 2844, 0, 4631, 5383, 3154, 4474, 2058, 1249, 1144, 2848, 1747, 1594, 1155, 7485, 1207, 1996, 1903, 1127, 826, 6072, 1000, 4171, 2764, 1598, 1155, 1707, 1791, 5374, 743, 2573, 4428, 1154, 2219, 2621, 1165, 872, 1223, 4686, 1539, 1769, 547, 1702, 1097], [5082, 4218, 4393, 4497, 5214, 5480, 4559, 4098, 5478, 4727, 7422, 5518, 3718, 5113, 6727, 6308, 2545, 4911, 5006, 3400, 6434, 4562, 6042, 6206, 5552, 9139, 3229, 5028, 5384, 1702, 6431, 4922, 5963, 5970, 5478, 5088, 5393, 6384, 6317, 7367, 9576, 5468, 5178, 8082, 6872, 4631, 0, 9286, 6205, 6533, 6683, 5030, 5338, 2548, 5795, 3242, 5401, 11179, 4028, 5383, 3520, 5012, 5412, 7775, 3782, 7892, 6475, 4284, 5108, 4048, 5590, 9978, 5140, 6768, 8657, 3592, 3384, 3252, 5756, 3839, 3563, 9098, 3680, 6369, 5144, 5621, 5082], [4441, 5786, 6203, 5053, 4305, 4079, 4800, 5639, 4265, 6536, 2868, 3868, 5685, 4404, 5831, 4443, 10668, 4690, 4452, 5904, 6174, 4787, 3269, 5954, 4498, 1542, 7587, 4486, 3941, 10828, 2904, 4546, 3978, 3417, 4372, 4611, 3894, 3324, 6383, 2809, 795, 4022, 4265, 5001, 2553, 5383, 9286, 0, 3174, 3806, 4013, 4411, 4277, 8166, 3690, 6157, 4248, 2124, 5363, 3915, 5769, 4475, 4639, 10463, 6350, 1403, 6615, 6877, 4395, 5245, 3791, 4746, 4645, 2815, 6241, 5938, 5910, 6104, 4919, 5788, 6551, 1816, 6920, 3988, 5176, 3808, 4441], [2062, 3417, 4041, 2512, 1975, 1922, 2044, 3121, 2268, 4577, 2739, 1468, 2863, 2031, 4917, 3306, 7864, 2323, 1965, 2808, 5068, 1647, 953, 4746, 2707, 3554, 5097, 2075, 1319, 7814, 1088, 2043, 2402, 244, 1383, 1499, 982, 718, 5198, 2620, 3376, 1775, 1092, 5010, 1488, 3154, 6205, 3174, 0, 1552, 3164, 1907, 2103, 5507, 1629, 3279, 2136, 4975, 2568, 1167, 2754, 2027, 2771, 9141, 3899, 1783, 5483, 4739, 2004, 2274, 1417, 5948, 2507, 1766, 6259, 3198, 2831, 2970, 3409, 3151, 4040, 3649, 4531, 2845, 3264, 1549, 2062], [3438, 4652, 5325, 3748, 3382, 3389, 3204, 4301, 3740, 5909, 4225, 2924, 3835, 3413, 6445, 4845, 8547, 3670, 3307, 3362, 6573, 2308, 2497, 6244, 4190, 4663, 6149, 3436, 2713, 8222, 2624, 3365, 3933, 1532, 1078, 1488, 2278, 842, 6689, 4104, 3673, 3235, 1690, 6552, 2961, 4474, 6533, 3806, 1552, 0, 4714, 3251, 3545, 6414, 3145, 4140, 3592, 5093, 3608, 2528, 3490, 3379, 4234, 10540, 5050, 2666, 6975, 5994, 3383, 3159, 2889, 7377, 3919, 3283, 7808, 4207, 3424, 3376, 4905, 4248, 5144, 4820, 5675, 4393, 4683, 3034, 3438], [1919, 2486, 2571, 2318, 1845, 1639, 2570, 2591, 1408, 2700, 1160, 2000, 3120, 1908, 1910, 472, 7322, 1945, 2072, 3966, 2195, 3497, 2226, 1949, 1157, 3011, 4078, 1967, 2271, 7896, 2117, 2108, 938, 3209, 4280, 4144, 2689, 3878, 2390, 1206, 4708, 1767, 3560, 1914, 1945, 2058, 6683, 4013, 3164, 4714, 0, 2091, 1637, 4797, 1667, 3539, 1558, 6117, 2885, 2447, 3609, 2019, 1283, 6494, 2999, 3185, 2641, 3127, 1932, 3192, 1993, 3400, 1624, 1557, 3109, 3129, 3906, 4285, 1061, 2862, 3231, 2847, 3392, 388, 1583, 1847, 1919], [207, 1524, 2135, 658, 246, 491, 513, 1273, 694, 2681, 2461, 549, 1318, 199, 3374, 1962, 6260, 423, 59, 1929, 3419, 1453, 1198, 3081, 1093, 4110, 3272, 189, 591, 6473, 1515, 144, 1161, 1794, 2494, 2245, 978, 2533, 3504, 2388, 4859, 442, 1707, 3962, 1883, 1249, 5030, 4411, 1907, 3251, 2091, 0, 457, 3780, 767, 1798, 535, 6458, 1003, 747, 1620, 129, 1075, 7291, 2039, 3097, 3789, 2833, 169, 1138, 626, 5449, 695, 1740, 5046, 1531, 1884, 2236, 1783, 1384, 2209, 4073, 2662, 1704, 1444, 608, 207], [289, 1517, 2026, 846, 215, 209, 941, 1374, 241, 2506, 2093, 636, 1630, 273, 2971, 1512, 6414, 437, 436, 2354, 3048, 1899, 1245, 2714, 673, 3830, 3317, 342, 835, 6724, 1462, 479, 714, 2036, 2870, 2652, 1283, 2780, 3151, 2032, 4787, 332, 2093, 3507, 1726, 1144, 5338, 4277, 2103, 3545, 1637, 457, 0, 3894, 604, 2099, 80, 6364, 1342, 1025, 2022, 386, 692, 7039, 2076, 3033, 3438, 2730, 296, 1568, 689, 5008, 418, 1501, 4601, 1765, 2302, 2668, 1386, 1561, 2275, 3770, 2665, 1251, 1162, 574, 289], [3729, 2415, 2241, 3125, 3863, 4089, 3483, 2528, 3935, 2366, 5768, 4328, 2649, 3766, 4374, 4353, 2543, 3477, 3733, 3116, 4030, 4112, 4971, 3851, 3818, 7635, 773, 3686, 4317, 3216, 5291, 3639, 4322, 5319, 5365, 4960, 4536, 5952, 3883, 5748, 8638, 4146, 4755, 5850, 5615, 2848, 2548, 8166, 5507, 6414, 4797, 3780, 3894, 0, 4477, 2280, 3929, 10234, 2941, 4406, 2928, 3702, 3666, 5419, 1850, 6876, 4007, 1884, 3776, 3287, 4405, 7831, 3552, 5386, 6249, 2313, 3038, 3222, 3755, 2401, 1631, 7529, 1418, 4570, 3226, 4368, 3729], [755, 2118, 2623, 1373, 619, 398, 1251, 1950, 682, 3081, 1755, 364, 2083, 719, 3301, 1712, 6984, 1001, 796, 2628, 3441, 1901, 697, 3119, 1092, 3345, 3915, 803, 628, 7235, 861, 885, 793, 1614, 2619, 2480, 1024, 2337, 3571, 1669, 4186, 338, 1895, 3579, 1141, 1747, 5795, 3690, 1629, 3145, 1667, 767, 604, 4477, 0, 2564, 596, 5768, 1769, 789, 2354, 802, 1176, 7549, 2673, 2430, 3855, 3326, 714, 1844, 335, 4871, 1011, 974, 4762, 2281, 2595, 2918, 1783, 2108, 2867, 3313, 3267, 1301, 1707, 210, 755], [1841, 1311, 1870, 1264, 1974, 2240, 1359, 1010, 2250, 2470, 4188, 2310, 481, 1873, 4091, 3225, 4589, 1677, 1770, 985, 3940, 1834, 2889, 3630, 2384, 5903, 2058, 1788, 2216, 4684, 3258, 1684, 2746, 3075, 3102, 2704, 2337, 3680, 3916, 4130, 6539, 2232, 2476, 5167, 3668, 1594, 3242, 6157, 3279, 4140, 3539, 1798, 2099, 2280, 2564, 0, 2164, 8150, 801, 2257, 679, 1773, 2258, 6925, 1264, 4796, 4161, 2288, 1868, 1017, 2385, 6920, 1935, 3536, 6003, 443, 891, 1229, 2753, 724, 1221, 5858, 1750, 3194, 2139, 2399, 1841], [367, 1541, 2028, 906, 292, 217, 1020, 1416, 167, 2493, 2026, 673, 1697, 352, 2909, 1437, 6453, 493, 516, 2432, 2993, 1974, 1259, 2660, 611, 3777, 3342, 419, 887, 6778, 1456, 558, 636, 2076, 2931, 2720, 1337, 2819, 3100, 1967, 4768, 362, 2157, 3430, 1699, 1155, 5401, 4248, 2136, 3592, 1558, 535, 80, 3929, 596, 2164, 0, 6340, 1413, 1079, 2098, 465, 643, 7007, 2103, 3017, 3387, 2731, 376, 1647, 719, 4929, 416, 1460, 4527, 1823, 2380, 2746, 1328, 1612, 2307, 3712, 2684, 1172, 1135, 593, 367], [6508, 7880, 8317, 7111, 6375, 6162, 6807, 7711, 6368, 8659, 4961, 5910, 7691, 6471, 7890, 6555, 12710, 6765, 6504, 7781, 8250, 6620, 5279, 8045, 6616, 3331, 9680, 6550, 5948, 12775, 4945, 6597, 6098, 5212, 5929, 6248, 5829, 4896, 8465, 4912, 1613, 6092, 6026, 6913, 4643, 7485, 11179, 2124, 4975, 5093, 6117, 6458, 6364, 10234, 5768, 8150, 6340, 0, 7371, 5894, 7699, 6534, 6756, 12516, 8439, 3364, 8687, 8996, 6460, 7191, 5833, 6229, 6744, 4928, 8079, 7969, 7801, 7941, 7041, 7841, 8634, 3590, 9021, 6107, 7296, 5868, 6508], [1068, 1156, 1847, 575, 1194, 1462, 566, 765, 1522, 2472, 3431, 1510, 324, 1096, 3743, 2633, 5345, 950, 979, 1126, 3672, 1355, 2099, 3340, 1743, 5112, 2561, 1013, 1426, 5484, 2462, 897, 2027, 2384, 2644, 2284, 1597, 3047, 3695, 3366, 5762, 1441, 1919, 4634, 2868, 1207, 4028, 5363, 2568, 3608, 2885, 1003, 1342, 2941, 1769, 801, 1413, 7371, 0, 1484, 739, 990, 1643, 7099, 1452, 4012, 3964, 2446, 1088, 526, 1585, 6285, 1264, 2742, 5583, 631, 1052, 1450, 2251, 645, 1537, 5073, 2070, 2518, 1694, 1600, 1068], [918, 2252, 2879, 1350, 855, 892, 926, 1964, 1236, 3427, 2469, 452, 1801, 891, 3980, 2448, 6828, 1167, 805, 2053, 4071, 1147, 662, 3738, 1687, 3856, 3954, 923, 193, 6914, 1060, 879, 1539, 1048, 1868, 1699, 260, 1789, 4175, 2370, 4283, 737, 1117, 4361, 1535, 1996, 5383, 3915, 1167, 2528, 2447, 747, 1025, 4406, 789, 2257, 1079, 5894, 1484, 0, 1865, 871, 1716, 8026, 2741, 2542, 4462, 3575, 862, 1337, 456, 5640, 1393, 1552, 5527, 2100, 2042, 2306, 2405, 2018, 2892, 3869, 3372, 2073, 2157, 601, 918], [1735, 1752, 2399, 1312, 1846, 2108, 1110, 1376, 2223, 3021, 4080, 2039, 632, 1758, 4453, 3369, 5136, 1666, 1613, 401, 4356, 1201, 2525, 4031, 2476, 5673, 2737, 1682, 1877, 5078, 2917, 1549, 2727, 2533, 2439, 2036, 1880, 3082, 4362, 4005, 6089, 2054, 1856, 5372, 3372, 1903, 3520, 5769, 2754, 3490, 3609, 1620, 2022, 2928, 2354, 679, 2098, 7699, 739, 1865, 0, 1644, 2380, 7561, 1863, 4380, 4623, 2900, 1742, 530, 2106, 7007, 1995, 3308, 6312, 934, 318, 719, 2986, 1142, 1861, 5658, 2402, 3236, 2415, 2161, 1735], [101, 1416, 2015, 579, 206, 473, 556, 1183, 613, 2557, 2448, 635, 1294, 115, 3257, 1868, 6193, 297, 76, 1970, 3296, 1559, 1291, 2958, 987, 4132, 3178, 64, 709, 6435, 1591, 97, 1100, 1918, 2619, 2366, 1105, 2658, 3379, 2379, 4939, 466, 1832, 3875, 1936, 1127, 5012, 4475, 2027, 3379, 2019, 129, 386, 3702, 802, 1773, 465, 6534, 990, 871, 1644, 0, 959, 7164, 1941, 3176, 3664, 2716, 100, 1183, 711, 5393, 572, 1769, 4944, 1480, 1920, 2283, 1667, 1314, 2117, 4087, 2559, 1634, 1316, 668, 101], [869, 1267, 1566, 1069, 877, 852, 1442, 1315, 505, 1940, 2106, 1314, 1851, 879, 2300, 991, 6209, 762, 1032, 2756, 2359, 2515, 1869, 2024, 153, 3971, 3005, 896, 1526, 6675, 2005, 1022, 670, 2718, 3552, 3318, 1973, 3460, 2460, 2083, 5218, 1003, 2769, 2998, 2145, 826, 5412, 4639, 2771, 4234, 1283, 1075, 692, 3666, 1176, 2258, 643, 6756, 1643, 1716, 2380, 959, 0, 6378, 1820, 3501, 2747, 2242, 911, 2020, 1358, 4667, 409, 1830, 4008, 1846, 2688, 3080, 709, 1581, 2047, 3864, 2319, 959, 551, 1223, 869], [7110, 5956, 5262, 6819, 7178, 7222, 7377, 6339, 6881, 4651, 7604, 7674, 6986, 7136, 4633, 6120, 6106, 6871, 7235, 7908, 4301, 8441, 8244, 4556, 6458, 9223, 5066, 7108, 7849, 7602, 8337, 7175, 6863, 9066, 9696, 9366, 8268, 9811, 4106, 7674, 11188, 7367, 8922, 5759, 8343, 6072, 7775, 10463, 9141, 10540, 6494, 7291, 7039, 5419, 7549, 6925, 7007, 12516, 7099, 8026, 7561, 7164, 6378, 0, 5702, 9659, 3856, 4668, 7166, 7620, 7725, 7340, 6641, 7964, 4952, 6635, 7813, 8143, 5802, 6480, 5707, 8987, 5179, 6618, 5879, 7597, 7110], [1948, 568, 667, 1394, 2076, 2278, 1874, 779, 2095, 1218, 3925, 2575, 1290, 1985, 3023, 2580, 4391, 1682, 1986, 2226, 2802, 2803, 3231, 2522, 1973, 5786, 1243, 1913, 2617, 4900, 3515, 1896, 2473, 3746, 4094, 3729, 2921, 4448, 2743, 3902, 6858, 2355, 3365, 4304, 3800, 1000, 3782, 6350, 3899, 5050, 2999, 2039, 2076, 1850, 2673, 1264, 2103, 8439, 1452, 2741, 1863, 1941, 1820, 5702, 0, 5099, 2967, 1037, 2001, 1949, 2649, 6203, 1712, 3552, 4967, 934, 2131, 2490, 2000, 808, 233, 5684, 635, 2743, 1417, 2589, 1948], [3156, 4547, 5033, 3751, 3025, 2827, 3447, 4357, 3067, 5439, 2200, 2549, 4332, 3119, 5092, 3540, 9346, 3418, 3144, 4505, 5372, 3385, 1916, 5105, 3375, 2006, 6341, 3195, 2587, 9450, 1587, 3237, 2883, 2025, 3049, 3250, 2502, 2034, 5557, 2097, 1764, 2745, 2873, 4620, 1360, 4171, 7892, 1403, 1783, 2666, 3185, 3097, 3033, 6876, 2430, 4796, 3017, 3364, 4012, 2542, 4380, 3176, 3501, 9659, 5099, 0, 5817, 5729, 3106, 3861, 2472, 4948, 3430, 1713, 5916, 4606, 4513, 4702, 3913, 4479, 5286, 2183, 5696, 3044, 4051, 2514, 3156], [3587, 2878, 2309, 3506, 3617, 3587, 4034, 3248, 3237, 1792, 3751, 4052, 3993, 3604, 814, 2288, 6143, 3402, 3739, 5021, 447, 5155, 4544, 739, 2786, 5436, 3262, 3602, 4272, 7173, 4575, 3705, 