{'nodes': [(0, 0, 0, 0, 48000, 0, False), (1, 6.681713838804998, 7.03883521924414, 38823, 43487, 30, True), (2, -4.752477254482561, 3.8825790783183516, 17340, 24502, 20, True), (3, -9.846110031482738, -2.778384475844198, 0, 6614, 50, True), (4, -5.21146598586873, -2.6065338362029418, 20817, 26351, 20, True), (5, 1.5422626946400746, 0.6749115018684195, 19954, 24755, 30, True), (6, -14.037297033453198, -0.3497326292410408, 4288, 8320, 20, True), (7, 5.395985572238753, -10.621227833036304, 36284, 47081, 20, True), (8, 0.6291774656312209, 0.07975050787788218, 43385, 48000, 30, True), (9, 5.827431684711776, -2.796423103354115, 10350, 16939, 10, True), (10, -10.778230856156867, -14.458692412131498, 35570, 41201, 20, True), (11, 6.91000519652799, -3.9117307198362083, 5165, 16495, 40, True), (12, 0.6623560722649863, 3.385339265821849, 26572, 33890, 30, True), (13, 1.334292792922264, -0.15065458175903473, 7622, 18624, 40, True), (14, -10.23713767296022, -11.81398488090836, 39815, 42950, 40, True), (15, 3.5690094241667927, -8.042377156183454, 23939, 30258, 40, True), (16, 1.4543513723554538, -2.4374274535346965, 39828, 45768, 30, True), (17, -3.431960318320068, -2.9170426901714226, 19132, 25125, 10, True), (18, 2.3444902337749247, 0.7194287597127131, 11498, 16120, 50, True), (19, 2.431327447525097, 2.581353612225848, 28105, 33056, 50, True), (20, 2.0330171982338645, -5.5338401100627435, 7555, 15850, 50, False), (21, 5.300468282882775, 4.452287337982296, 30617, 36864, 20, True), (22, 0.42974222526586425, -4.283523586615839, 18665, 25592, 50, True), (23, 8.65453689444926, -7.681955209816688, 25914, 33726, 40, True), (24, 6.011358676264241, 3.1784865793123243, 43572, 47240, 50, True), (25, 7.473272935158452, 2.0375949788364567, 37878, 44493, 10, True), (26, 8.807866772123774, 22.194887682408666, 29073, 33730, 50, True), (27, 0.36023224064063364, -10.171307379013522, 28423, 34088, 50, True), (28, 5.489778303228608, -16.70125989844428, 29956, 33752, 10, True), (29, 5.053773209312439, -5.608168840950529, 35006, 37752, 10, True), (30, 9.840891767244292, -7.2306249516208, 17323, 24796, 30, True), (31, 10.926329972096891, -1.571879027988429, 36215, 43075, 40, True), (32, 5.635733465252103, 5.236004929151581, 14096, 22922, 20, True), (33, -2.9554059341388155, 7.2518408166650605, 42356, 48000, 10, True), (34, -0.5816449819787901, -13.35418442951274, 7444, 12226, 20, True), (35, 5.297943563177996, -6.988482289951689, 13079, 22520, 40, True), (36, -0.4713232653600158, 14.826242499355308, 6189, 15097, 10, False), (37, -2.256721218809313, 2.4497239319127044, 23417, 25784, 10, True), (38, -2.7855493413601637, -11.339655918456712, 15208, 21830, 50, True), (39, -4.927116992018545, -9.745279686360417, 6931, 13068, 10, True), (40, -1.883439518255371, -0.616706087949605, 1093, 6087, 40, False), (41, 3.499843975042031, -11.05408094480373, 17006, 23932, 30, False), (42, -2.3190955417449515, -4.948013318848711, 37692, 44645, 30, True), (43, 4.689620060463548, -1.8044125178014827, 41509, 45447, 40, True), (44, 4.949542353460776, 2.160833411056595, 31134, 38981, 20, True), (45, 1.4051937233978071, 1.7698835004751974, 12200, 14069, 40, True), (46, 1.41426684136189, -3.3459493020653697, 28494, 31988, 40, True), (47, 2.657889224060672, 0.4297949266272693, 41478, 47034, 50, True), (48, -0.6442843103456414, 9.21964734305986, 5574, 9072, 50, True), (49, -10.568891280962644, 1.5187525757035116, 20575, 24470, 40, True), (50, 3.0511384576343343, 0.7676511614520859, 20411, 27112, 50, True), (51, 1.2857054023624401, 0.535067900550137, 19978, 25524, 30, True), (52, -3.4000576642142932, 6.578321127576173, 11653, 17050, 40, True), (53, -8.88936906365203, 5.807497927828042, 37079, 45466, 50, True), (54, -4.1135239668288, -1.731091217435131, 33209, 40976, 20, True), (55, 2.711098396769354, -0.4112698385834246, 44676, 47544, 20, True), (56, 4.609719675599615, 3.1333536620785605, 10376, 16031, 50, True), (57, -0.08337005783143678, 12.695588252205495, 8851, 13293, 10, True), (58, 5.487461672295849, 0.5647137239781957, 25470, 29162, 20, True), (59, 0.15739177056412418, -0.7911436990961151, 25295, 30911, 20, True), (60, 6.647278913236877, 4.928549524646581, 39124, 47317, 30, True), (61, 4.711653028339463, 0.2144681107359427, 36236, 43103, 40, False), (62, 3.913449924357009, 1.3648971140431012, 21965, 26762, 40, True), (63, -1.048125496304268, -0.6220362444483245, 24427, 32768, 10, True), (64, -1.9510556433841866, -0.5507328454008312, 31109, 34443, 40, True), (65, 11.565508581314786, 3.6971650010019848, 33210, 39706, 30, True), (66, -5.288054474749254, -9.902003976849056, 13018, 19937, 10, True), (67, -0.5558340628702153, -0.8134791647546316, 40726, 44292, 30, True), (68, 9.408638826235972, 4.221656420096913, 17615, 19863, 20, True), (69, -0.7185447510830523, 4.216660446864879, 26443, 31183, 30, True), (70, -5.20662106807148, -0.9132395633762124, 36016, 39529, 30, True), (71, 0.17149213306753797, -2.794792502202112, 18258, 22509, 10, True), (72, 3.407159970007207, 1.6479836198826558, 16590, 21008, 40, True), (73, 9.571422594532466, -1.3133983334386272, 16764, 27866, 30, True), (74, -0.28560731520605215, -1.7572308256038573, 23013, 24848, 50, True), (75, -0.27884010529770914, -0.7856813194613803, 34397, 44033, 40, True), (76, -1.0430570734925544, 4.208788096027816, 12097, 14513, 20, True), (77, -0.2801648582396677, 1.4140265120969924, 206, 7651, 40, True), (78, 10.44499147621356, -6.00436810103854, 14222, 20190, 10, True), (79, 7.092067682692925, -3.8624109321354885, 21238, 31095, 10, True), (80, 12.624279427360129, -11.068852863298085, 23417, 28272, 40, False), (81, 23.83523040160428, 0.7536061840164991, 35560, 41588, 50, False), (82, -6.660438048974137, 2.0839123247564433, 20578, 28476, 10, True), (83, -4.6474825476277735, -4.623742234514039, 11394, 15579, 20, False), (84, -1.930870856580574, 3.667854443497344, 20026, 24882, 30, True), (85, 6.434038890551889, -0.1397274481754338, 0, 7768, 10, True), (86, 0, 0, 0, 48000, 0, False)], 'F': 20.0, 'ct': 0.083, 'cd': 0.021, 'truck_cap': 100, 'drone_cap': 20, 'truck_speed': 40, 'drone_speed': 40, 'a': 1, 'b': 2, 'max_flight_time': 3000, 'ttt': [[0, 2913, 1842, 3070, 1749, 506, 4213, 3575, 191, 1940, 5411, 2383, 1036, 404, 4691, 2641, 853, 1352, 737, 1065, 1770, 2078, 1293, 3473, 2041, 2325, 7165, 3054, 5275, 2266, 3665, 3313, 2309, 2350, 4011, 2632, 4451, 1000, 3504, 3277, 596, 3479, 1640, 1508, 1621, 679, 1091, 809, 2774, 3204, 945, 419, 2223, 3186, 1340, 824, 1673, 3810, 1656, 243, 2484, 1416, 1244, 367, 609, 3644, 3369, 297, 3095, 1284, 1587, 841, 1136, 2899, 535, 251, 1302, 433, 3615, 2424, 5038, 7155, 2095, 1968, 1245, 1932, 1], [2913, 0, 3560, 5768, 4595, 2455, 6600, 5313, 2768, 2963, 8309, 3287, 2113, 2689, 7600, 4621, 3248, 4259, 2300, 1849, 4022, 881, 3881, 4457, 1176, 1520, 4592, 5501, 7132, 3826, 4385, 2881, 626, 2893, 6495, 4230, 3173, 3015, 6203, 6123, 3447, 5512, 4498, 2720, 1554, 2238, 3494, 2322, 2294, 5435, 2175, 2536, 3029, 4687, 4174, 2534, 1327, 2647, 1976, 3059, 634, 2132, 1895, 3266, 3449, 1776, 6224, 3205, 1177, 2377, 4292, 3539, 1893, 2652, 3367, 3143, 2469, 2686, 4074, 3274, 5718, 5482, 4271, 4879, 2776, 2156, 2913], [1842, 3560, 0, 2517, 1953, 2120, 3062, 5312, 1978, 3755, 5793, 4209, 1632, 2192, 4989, 4363, 2658, 2079, 2332, 2191, 3483, 3022, 2902, 5313, 3237, 3710, 6837, 4487, 6898, 4095, 5504, 4981, 3144, 1147, 5321, 4443, 3526, 864, 4606, 4090, 1602, 5120, 2749, 3308, 2957, 1954, 2851, 2454, 2022, 1885, 2522, 2072, 906, 1370, 1696, 2584, 2819, 2993, 3230, 2035, 3435, 3046, 2708, 1751, 1574, 4897, 4139, 1890, 4251, 1215, 1446, 2490, 2539, 4572, 2159, 1941, 1118, 1534, 5440, 4247, 6878, 8629, 788, 2553, 850, 3567, 1842], [3070, 5768, 2517, 0, 1392, 3571, 1454, 5143, 3258, 4703, 3516, 5039, 3656, 3447, 2714, 4324, 3393, 1926, 3806, 4020, 3659, 5036, 3117, 5743, 5083, 5394, 9352, 3782, 6215, 4551, 6056, 6243, 5231, 3652, 4219, 4717, 5985, 2766, 3330, 2560, 2476, 4712, 2351, 4371, 4680, 3642, 3383, 3874, 4537, 1308, 4014, 3485, 3410, 2593, 1749, 3835, 4686, 5490, 4709, 3061, 5463, 4460, 4312, 2719, 2462, 6712, 2538, 2850, 6147, 3451, 1501, 3006, 4193, 5843, 2885, 2933, 3373, 3134, 6165, 5093, 7186, 10161, 1745, 1656, 3063, 4949, 3070], [1749, 4595, 1953, 1392, 0, 2254, 2734, 3989, 1930, 3313, 3929, 3658, 2518, 2098, 3148, 3099, 2001, 543, 2478, 2772, 2345, 3800, 1767, 4431, 3789, 4053, 8548, 2820, 5310, 3210, 4725, 4852, 4017, 3035, 3512, 3417, 5421, 1758, 2720, 2144, 1164, 3641, 1117, 2981, 3368, 2381, 2001, 2531, 3804, 2029, 2679, 2166, 2810, 2756, 422, 2467, 3414, 4843, 3349, 1701, 4216, 3096, 2987, 1385, 1157, 5378, 2190, 1498, 4842, 2452, 509, 1617, 2884, 4453, 1501, 1578, 2398, 1910, 4807, 3711, 5923, 8773, 1474, 629, 2125, 3572, 1749], [506, 2455, 2120, 3571, 2254, 0, 4685, 3582, 328, 1655, 5855, 2119, 856, 256, 5151, 2686, 935, 1842, 242, 632, 1869, 1600, 1526, 3293, 1538, 1827, 6815, 3274, 5347, 2160, 3439, 2896, 1840, 2391, 4258, 2561, 4289, 1259, 3832, 3681, 1099, 3568, 2047, 1203, 1116, 332, 1208, 344, 2647, 3643, 455, 89, 2311, 3489, 1845, 480, 1180, 3640, 1185, 606, 1994, 962, 742, 870, 1112, 3142, 3778, 773, 2590, 1262, 2081, 1120, 632, 2483, 914, 701, 1315, 591, 3340, 2152, 4845, 6689, 2498, 2445, 1376, 1489, 506], [4213, 6600, 3062, 1454, 2734, 4685, 0, 6595, 4403, 6005, 4345, 6375, 4551, 4613, 3624, 5765, 4691, 3274, 4926, 5019, 5067, 5979, 4499, 7155, 6108, 6494, 9630, 5230, 7642, 5942, 7456, 7499, 6136, 4033, 5615, 6134, 6108, 3634, 4719, 3927, 3648, 6165, 3777, 5636, 5747, 4677, 4723, 5015, 4939, 1183, 5138, 4606, 3809, 2409, 3007, 5026, 5692, 5732, 5865, 4261, 6405, 5628, 5411, 3899, 3627, 7777, 3887, 4048, 7167, 4225, 2656, 4326, 5269, 7090, 4148, 4131, 4132, 4162, 7539, 6427, 8622, 11368, 2331, 3096, 3828, 6143, 4213], [3575, 5313, 5312, 5143, 3989, 3582, 6595, 0, 3515, 2352, 4988, 2064, 4436, 3370, 4705, 949, 2726, 3516, 3524, 4060, 1831, 4523, 2417, 1318, 4145, 3849, 9899, 1518, 1825, 1508, 1678, 3183, 4759, 5919, 1973, 1091, 7836, 4545, 2465, 3109, 3713, 584, 2874, 2655, 3838, 3906, 2489, 3417, 6223, 6018, 3489, 3568, 5796, 6532, 3906, 3168, 4134, 7187, 3357, 3343, 4681, 3258, 3624, 3570, 3741, 4678, 3213, 3443, 4614, 4816, 4314, 2824, 3730, 3061, 3160, 3408, 4851, 3993, 2053, 2092, 2174, 6501, 5256, 3510, 4818, 3161, 3575], [191, 2768, 1978, 3258, 1930, 328, 4403, 3515, 0, 1783, 5545, 2234, 993, 224, 4834, 2592, 796, 1515, 550, 926, 1737, 1921, 1311, 3350, 1864, 2137, 7075, 3077, 5242, 2163, 3529, 3130, 2157, 2406, 4048, 2542, 4437, 1121, 3577, 3387, 783, 3450, 1750, 1344, 1440, 559, 1055, 619, 2769, 3388, 756, 241, 2295, 3334, 1524, 643, 1506, 3792, 1466, 298, 2320, 1226, 1059, 546, 798, 3457, 3482, 446, 2913, 1306, 1777, 874, 958, 2716, 617, 377, 1337, 485, 3466, 2272, 4914, 6966, 2269, 2122, 1323, 1744, 191], [1940, 2963, 3755, 4703, 3313, 1655, 6005, 2352, 1783, 0, 6089, 467, 2418, 1565, 5528, 1714, 1317, 2779, 1486, 1909, 1405, 2181, 1681, 1694, 1794, 1533, 7552, 2755, 4174, 876, 1795, 1574, 2411, 4005, 3706, 1269, 5615, 2892, 3640, 3842, 2405, 2575, 2529, 454, 1511, 1908, 1335, 1358, 4095, 5087, 1356, 1691, 3947, 5115, 3000, 1178, 1817, 4975, 1014, 1805, 2332, 964, 1375, 2164, 2430, 2601, 3959, 2006, 2365, 2879, 3359, 1698, 1519, 1209, 1861, 1930, 2945, 2226, 1688, 497, 3213, 5507, 4023, 3191, 3031, 819, 1940], [5411, 8309, 5793, 3516, 3929, 5855, 4345, 4988, 5545, 6089, 0, 6179, 6360, 5625, 811, 4716, 5146, 4105, 6020, 6469, 4685, 7448, 4542, 6175, 7306, 7382, 12469, 3582, 4928, 5442, 6556, 7574, 7692, 6924, 3078, 5319, 9315, 5681, 2575, 2255, 4937, 4405, 3819, 5996, 6866, 6089, 4950, 6017, 7728, 4795, 6172, 5774, 6689, 6107, 4311, 5844, 7013, 8756, 6644, 5252, 7821, 6402, 6479, 5076, 4943, 8638, 2141, 5116, 8252, 6365, 4395, 4800, 6440, 7269, 4943, 5173, 6317, 5710, 6855, 6234, 7095, 11344, 5115, 3478, 6052, 6718, 5411], [2383, 3287, 4209, 5039, 3658, 2119, 6375, 2064, 2234, 467, 6179, 0, 2883, 2019, 5665, 1595, 1696, 3118, 1952, 2367, 1543, 2556, 1948, 1247, 2145, 1794, 7854, 2719, 3861, 755, 1329, 1395, 2772, 4470, 3617, 1043, 6043, 3348, 3665, 3960, 2818, 2375, 2787, 919, 1915, 2374, 1658, 1824, 4546, 5492, 1821, 2152, 4414, 5566, 3372, 1641, 2224, 5407, 1410, 2233, 2654, 1404, 1821, 2584, 2844, 2677, 4078, 2426, 2554, 3345, 3746, 2050, 1972, 1117, 2254, 2353, 3411, 2685, 1233, 58, 2749, 5268, 4452, 3475, 3495, 1142, 2383], [1036, 2113, 1632, 3656, 2518, 856, 4551, 4436, 993, 2418, 6360, 2883, 0, 1081, 5612, 3538, 1764, 2256, 947, 584, 2708, 1429, 2303, 4096, 1607, 2084, 6150, 4069, 6199, 3004, 4211, 3421, 1593, 1590, 5037, 3410, 3450, 921, 4538, 4282, 1424, 4416, 2656, 1972, 1339, 534, 2033, 1071, 1795, 3417, 1064, 876, 1551, 2957, 2101, 1295, 1188, 2803, 1678, 1263, 1855, 1544, 1149, 1308, 1418, 3273, 4369, 1313, 2637, 485, 2183, 1861, 976, 3023, 1570, 1284, 569, 657, 4069, 2908, 5630, 6998, 2232, 2884, 784, 2030, 1036], [404, 2689, 2192, 3447, 2098, 256, 4613, 3370, 224, 1565, 5625, 2019, 1081, 0, 4930, 2462, 688, 1654, 401, 884, 1630, 1824, 1270, 3152, 1723, 1956, 7070, 3021, 5120, 1982, 3321, 2910, 2069, 2568, 4004, 2372, 4527, 1331, 3578, 3438, 976, 3336, 1810, 1123, 1288, 578, 960, 435, 2874, 3607, 585, 207, 2469, 3551, 1703, 421, 1392, 3878, 1265, 403, 2206, 1020, 898, 730, 994, 3280, 3537, 602, 2756, 1449, 1977, 868, 824, 2497, 685, 521, 1491, 675, 3250, 2056, 4713, 6757, 2491, 2242, 1508, 1531, 404], [4691, 7600, 4989, 2714, 3148, 5151, 3624, 4705, 4834, 5528, 811, 5665, 5612, 4930, 0, 4295, 4497, 3361, 5329, 5754, 4136, 6749, 3918, 5802, 6634, 6746, 11695, 3218, 4942, 4952, 6179, 7054, 6989, 6124, 2934, 4881, 8513, 4904, 2241, 1711, 4192, 4128, 3145, 5393, 6192, 5368, 4322, 5336, 6936, 4002, 5491, 5068, 5888, 5303, 3540, 5177, 6321, 7960, 6005, 4546, 7134, 5757, 5802, 4345, 4196, 8028, 1593, 4397, 7609, 5594, 3603, 4133, 5751, 6727, 4245, 4459, 5543, 4968, 6446, 5721, 6863, 10896, 4306, 2733, 5272, 6107, 4691], [2641, 4621, 4363, 4324, 3099, 2686, 5765, 949, 2592, 1714, 4716, 1595, 3538, 2462, 4295, 0, 1798, 2604, 2655, 3206, 883, 3785, 1470, 1530, 3446, 3244, 9207, 1156, 2662, 856, 1898, 2940, 4032, 4989, 2023, 608, 6968, 3601, 2149, 2601, 2765, 905, 1997, 1902, 3090, 3015, 1551, 2557, 5332, 5121, 2649, 2664, 4860, 5590, 2984, 2305, 3368, 6318, 2646, 2405, 4000, 2502, 2825, 2623, 2793, 4262, 2716, 2498, 4076, 3897, 3393, 1876, 2909, 2706, 2213, 2465, 3928, 3064, 2152, 1641, 2865, 6629, 4319, 2671, 3882, 2523, 2641], [853, 3248, 2658, 3393, 2001, 935, 4691, 2726, 796, 1317, 5146, 1696, 1764, 688, 4497, 1798, 0, 1474, 985, 1535, 946, 2368, 634, 2673, 2171, 2251, 7713, 2344, 4448, 1440, 2899, 2854, 2623, 3195, 3332, 1788, 5212, 1842, 2959, 2912, 1142, 2658, 1361, 990, 1734, 1263, 274, 934, 3554, 3798, 1075, 894, 3073, 3969, 1685, 716, 1922, 4564, 1509, 630, 2705, 1261, 1359, 928, 1169, 3549, 3019, 776, 3113, 2101, 2051, 401, 1359, 2459, 561, 719, 2131, 1268, 2903, 1746, 4236, 6783, 2788, 1946, 2095, 1646, 853], [1352, 4259, 2079, 1926, 543, 1842, 3274, 3516, 1515, 2779, 4105, 3118, 2256, 1654, 3361, 2604, 1474, 0, 2049, 2412, 1819, 3429, 1230, 3899, 3373, 3594, 8382, 2457, 4927, 2672, 4188, 4327, 3659, 3055, 3247, 2891, 5398, 1649, 2535, 2098, 833, 3208, 696, 2460, 2941, 2022, 1461, 2086, 3737, 2522, 2238, 1755, 2850, 3088, 411, 1991, 3020, 4791, 2873, 1253, 3833, 2618, 2552, 994, 838, 4918, 2169, 1070, 4408, 2291, 804, 1083, 2468, 3932, 1007, 1143, 2256, 1608, 4266, 3171, 5403, 8255, 1787, 630, 2027, 3076, 1352], [737, 2300, 2332, 3806, 2478, 242, 4926, 3524, 550, 1486, 6020, 1952, 947, 401, 5329, 2655, 985, 2049, 0, 560, 1879, 1429, 1608, 3153, 1326, 1590, 6729, 3322, 5312, 2066, 3279, 2666, 1678, 2525, 4313, 2477, 4317, 1476, 3932, 3824, 1331, 3550, 2203, 1035, 894, 424, 1252, 129, 2704, 3882, 213, 323, 2463, 3701, 2073, 358, 994, 3667, 945, 798, 1807, 727, 510, 1095, 1345, 2908, 3925, 985, 2366, 1396, 2319, 1241, 424, 2253, 1085, 908, 1460, 816, 3159, 1980, 4693, 6448, 2733, 2641, 1559, 1255, 737], [1065, 1849, 2191, 4020, 2772, 632, 5019, 4060, 926, 1909, 6469, 2367, 584, 884, 5754, 3206, 1535, 2412, 560, 0, 2438, 1029, 2146, 3602, 1090, 1522, 6188, 3877, 5858, 2581, 3690, 2838, 1249, 2140, 4866, 2998, 3776, 1408, 4461, 4308, 1612, 4104, 2672, 1481, 767, 393, 1805, 650, 2196, 3914, 576, 705, 2122, 3532, 2352, 903, 675, 3128, 1099, 1221, 1449, 987, 576, 1420, 1617, 2762, 4404, 1358, 2151, 1066, 2521, 1751, 406, 2441, 1537, 1298, 1152, 887, 3524, 2387, 5112, 6446, 2733, 3031, 1350, 1453, 1065], [1770, 4022, 3483, 3659, 2345, 1869, 5067, 1831, 1737, 1405, 4685, 1543, 2708, 1630, 4136, 883, 946, 1819, 1879, 2438, 0, 3153, 611, 2089, 2874, 2798, 8564, 1480, 3508, 908, 2398, 2922, 3408, 4118, 2475, 1073, 6155, 2720, 2264, 2442, 1887, 1715, 1318, 1375, 2470, 2200, 683, 1800, 4499, 4333, 1916, 1835, 3983, 4725, 2169, 1551, 2714, 5507, 2104, 1531, 3431, 1904, 2146, 1740, 1915, 3982, 2559, 1616, 3670, 3040, 2578, 995, 2195, 2593, 1330, 1585, 3066, 2198, 2529, 1599, 3586, 6808, 3469, 2024, 3007, 2090, 1770], [2078, 881, 3022, 5036, 3800, 1600, 5979, 4523, 1921, 2181, 7448, 2556, 1429, 1824, 6749, 3785, 2368, 3429, 1429, 1029, 3153, 0, 3002, 3778, 439, 976, 5427, 4632, 6347, 3020, 3761, 2474, 257, 2616, 5627, 3433, 3562, 2346, 5324, 5250, 2639, 4684, 3631, 1887, 696, 1420, 2615, 1445, 2287, 4842, 1296, 1684, 2688, 4277, 3380, 1654, 448, 2955, 1169, 2204, 430, 1285, 1016, 2439, 2644, 1894, 5352, 2364, 1235, 1808, 3540, 2665, 1016, 2154, 2507, 2297, 1905, 1907, 3497, 2553, 5150, 5671, 3659, 4041, 2183, 1420, 2078], [1293, 3881, 2902, 3117, 1767, 1526, 4499, 2417, 1311, 1681, 4542, 1948, 2303, 1270, 3918, 1470, 634, 1230, 1608, 2146, 611, 3002, 0, 2671, 2797, 2840, 8333, 1767, 4024, 1444, 2960, 3253, 3256, 3608, 2739, 1672, 5740, 2176, 2327, 2296, 1302, 2231, 849, 1480, 2362, 1840, 409, 1565, 4065, 3732, 1708, 1469, 3456, 4122, 1564, 1349, 2555, 5097, 2103, 1052, 3335, 1864, 1992, 1186, 1329, 4111, 2406, 1083, 3711, 2574, 1971, 454, 1992, 2885, 789, 1072, 2587, 1723, 3050, 2004, 4188, 7183, 2860, 1528, 2489, 2190, 1293], [3473, 4457, 5313, 5743, 4431, 3293, 7155, 1318, 3350, 1694, 6175, 1247, 4096, 3152, 5802, 1530, 2673, 3899, 3153, 3602, 2089, 3778, 2671, 0, 3354, 2938, 8964, 2599, 2869, 1248, 382, 1957, 3981, 5676, 3253, 1029, 7287, 4468, 3604, 4122, 3807, 1849, 3394, 2128, 3156, 3575, 2533, 3027, 5788, 6395, 3043, 3312, 5603, 6640, 4227, 2818, 3465, 6653, 2651, 3283, 3832, 2649, 3065, 3601, 3835, 3525, 4236, 3448, 3579, 4545, 4629, 2938, 3212, 1931, 3219, 3387, 4604, 3826, 737, 1239, 1566, 5211, 5450, 4096, 4657, 2360, 3473], [2041, 1176, 3237, 5083, 3789, 1538, 6108, 4145, 1864, 1794, 7306, 2145, 1607, 1723, 6634, 3446, 2171, 3373, 1326, 1090, 2874, 439, 2797, 3354, 0, 557, 5767, 4350, 5967, 2653, 3328, 2052, 628, 2956, 5341, 3059, 4000, 2491, 5094, 5080, 2629, 4337, 3492, 1548, 442, 1446, 2395, 1302, 2698, 5000, 1146, 1625, 3003, 4540, 3377, 1464, 422, 3391, 801, 2123, 560, 972, 833, 2406, 2639, 1674, 5187, 2307, 1067, 2044, 3583, 2507, 907, 1720, 2401, 2232, 2140, 1961, 3060, 2138, 4713, 5397, 3817, 3964, 2388, 1005, 2041], [2325, 1520, 3710, 5394, 4053, 1827, 6494, 3849, 2137, 1533, 7382, 1794, 2084, 1956, 6746, 3244, 2251, 3594, 1590, 1522, 2798, 976, 2840, 2938, 557, 0, 6061, 4240, 5654, 2407, 2871, 1500, 1108, 3499, 5213, 2786, 4518, 2923, 5058, 5133, 2919, 4105, 3610, 1424, 759, 1823, 2433, 1524, 3253, 5416, 1381, 1911, 3536, 5038, 3656, 1607, 921, 3921, 743, 2354, 903, 994, 1088, 2679, 2933, 1326, 5244, 2557, 876, 2544, 3907, 2628, 1226, 1187, 2592, 2476, 2638, 2335, 2573, 1775, 4226, 4925, 4241, 4150, 2864, 725, 2325], [7165, 4592, 6837, 9352, 8548, 6815, 9630, 9899, 7075, 7552, 12469, 7854, 6150, 7070, 11695, 9207, 7713, 8382, 6729, 6188, 8564, 5427, 8333, 8964, 5767, 6061, 0, 10036, 11712, 8418, 8834, 7159, 5177, 5706, 11031, 8819, 3556, 6791, 10646, 10431, 7559, 10102, 8802, 7306, 6122, 6519, 7978, 6786, 4817, 8502, 6657, 6880, 5948, 7237, 8159, 7025, 5857, 3904, 6566, 7369, 5221, 6709, 6420, 7457, 7550, 5612, 10518, 7453, 5396, 6105, 8109, 7933, 6374, 7057, 7687, 7415, 6153, 6805, 8475, 7835, 10046, 7856, 7612, 9002, 6425, 6739, 7165], [3054, 5501, 4487, 3782, 2820, 3274, 5230, 1518, 3077, 2755, 3582, 2719, 4069, 3021, 3218, 1156, 2344, 2457, 3322, 3877, 1480, 4632, 1767, 2599, 4350, 4240, 10036, 0, 2492, 1965, 2979, 4088, 4887, 5322, 997, 1763, 7504, 3868, 1008, 1592, 2945, 979, 1762, 2827, 3949, 3597, 2073, 3255, 5826, 4802, 3381, 3225, 5151, 5540, 2867, 3013, 4191, 6862, 3570, 2816, 4908, 3379, 3622, 2897, 2969, 5350, 1697, 2822, 5101, 4330, 3242, 2215, 3663, 3835, 2533, 2823, 4336, 3482, 3275, 2769, 3690, 7769, 4238, 2243, 4209, 3519, 3054], [5275, 7132, 6898, 6215, 5310, 5347, 7642, 1825, 5242, 4174, 4928, 3861, 6199, 5120, 4942, 2662, 4448, 4927, 5312, 5858, 3508, 6347, 4024, 2869, 5967, 5654, 11712, 2492, 0, 3331, 3128, 4824, 6582, 7620, 2081, 2915, 9627, 6199, 2959, 3759, 5309, 1797, 4234, 4476, 5662, 5676, 4190, 5210, 7992, 7287, 5292, 5323, 7477, 8014, 5337, 4959, 5957, 8977, 5181, 5035, 6499, 5081, 5441, 5208, 5336, 6386, 3824, 5101, 6387, 6547, 5722, 4468, 5541, 4777, 4807, 5080, 6573, 5705, 3538, 3883, 2728, 7598, 6713, 4731, 6505, 4978, 5275], [2266, 3826, 4095, 4551, 3210, 2160, 5942, 1508, 2163, 876, 5442, 755, 3004, 1982, 4952, 856, 1440, 2672, 2066, 2581, 908, 3020, 1444, 1248, 2653, 2407, 8418, 1965, 3331, 0, 1517, 2139, 3259, 4546, 2875, 422, 6351, 3265, 2914, 3242, 2565, 1700, 2222, 1147, 2332, 2470, 1287, 1950, 4766, 5152, 2006, 2163, 4450, 5407, 2987, 1711, 2627, 5704, 1857, 2062, 3198, 1751, 2121, 2365, 2593, 3408, 3360, 2215, 3226, 3420, 3386, 1691, 2233, 1871, 1976, 2158, 3468, 2646, 1623, 806, 2801, 5950, 4205, 2926, 3484, 1693, 2266], [3665, 4385, 5504, 6056, 4725, 3439, 7456, 1678, 3529, 1795, 6556, 1329, 4211, 3321, 6179, 1898, 2899, 4188, 3279, 3690, 2398, 3761, 2960, 382, 3328, 2871, 8834, 2979, 3128, 1517, 0, 1730, 3948, 5799, 3627, 1366, 7306, 4649, 3984, 4495, 4039, 2222, 3713, 2246, 3178, 3702, 2785, 3151, 5853, 6663, 3148, 3467, 5740, 6847, 4501, 2961, 3484, 6679, 2680, 3490, 3772, 2713, 3133, 3822, 4067, 3320, 4610, 3666, 3439, 4673, 4897, 3192, 3290, 1778, 3454, 3600, 4738, 3994, 411, 1305, 1423, 4835, 5686, 4417, 4814, 2361, 3665], [3313, 2881, 4981, 6243, 4852, 2896, 7499, 3183, 3130, 1574, 7574, 1395, 3421, 2910, 7054, 2940, 2854, 4327, 2666, 2838, 2922, 2474, 3253, 1957, 2052, 1500, 7159, 4088, 4824, 2139, 1730, 0, 2588, 4936, 4942, 2344, 5992, 4136, 5052, 5352, 3855, 3614, 4102, 1873, 2115, 3028, 2904, 2553, 4748, 6516, 2466, 2961, 4946, 6345, 4513, 2490, 2364, 5407, 1754, 3240, 2336, 1941, 2282, 3605, 3876, 1593, 5470, 3453, 1798, 3902, 4845, 3248, 2455, 415, 3365, 3371, 3989, 3480, 1339, 1341, 2895, 3936, 5390, 4762, 4166, 1416, 3313], [2309, 626, 3144, 5231, 4017, 1840, 6136, 4759, 2157, 2411, 7692, 2772, 1593, 2069, 6989, 4032, 2623, 3659, 1678, 1249, 3408, 257, 3256, 3981, 628, 1108, 5177, 4887, 6582, 3259, 3948, 2588, 0, 2648, 5882, 3670, 3412, 2512, 5579, 5500, 2860, 4930, 3878, 2132, 946, 1642, 2870, 1697, 2232, 4989, 1550, 1922, 2741, 4362, 3596, 1909, 703, 2821, 1403, 2444, 318, 1533, 1272, 2667, 2864, 1839, 5601, 2598, 1173, 1932, 3740, 2915, 1268, 2293, 2750, 2533, 2028, 2114, 3669, 2765, 5323, 5624, 3809, 4275, 2319, 1631, 2309], [2350, 2893, 1147, 3652, 3035, 2391, 4033, 5919, 2406, 4005, 6924, 4470, 1590, 2568, 6124, 4989, 3195, 3055, 2525, 2140, 4118, 2616, 3608, 5676, 2956, 3499, 5706, 5322, 7620, 4546, 5799, 4936, 2648, 0, 6224, 4939, 2392, 1457, 5579, 5134, 2383, 5824, 3666, 3557, 2822, 2102, 3440, 2651, 912, 2860, 2653, 2384, 243, 1833, 2718, 2860, 2585, 1847, 3232, 2588, 2965, 3123, 2715, 2431, 2361, 4486, 5195, 2525, 3820, 1132, 2542, 3158, 2545, 4554, 2820, 2542, 1079, 1927, 5656, 4496, 7216, 8271, 1909, 3600, 1119, 3586, 2350], [4011, 6495, 5321, 4219, 3512, 4258, 5615, 1973, 4048, 3706, 3078, 3617, 5037, 4004, 2934, 2023, 3332, 3247, 4313, 4866, 2475, 5627, 2739, 3253, 5341, 5213, 11031, 997, 2081, 2875, 3627, 4942, 5882, 6224, 0, 2601, 8455, 4769, 897, 1696, 3842, 1406, 2576, 3810, 4942, 4577, 3063, 4249, 6773, 5376, 4375, 4205, 6040, 6267, 3645, 4008, 5187, 7817, 4556, 3776, 5899, 4370, 4618, 3823, 3864, 6282, 1752, 3763, 6066, 5272, 3983, 3177, 4658, 4726, 3481, 3773, 5272, 4432, 3976, 3663, 4022, 8461, 4979, 2890, 5124, 4489, 4011], [2632, 4230, 4443, 4717, 3417, 2561, 6134, 1091, 2542, 1269, 5319, 1043, 3410, 2372, 4881, 608, 1788, 2891, 2477, 2998, 1073, 3433, 1672, 1029, 3059, 2786, 8819, 1763, 2915, 422, 1366, 2344, 3670, 4939, 2601, 0, 6770, 3628, 2755, 3178, 2881, 1335, 2367, 1567, 2748, 2876, 1598, 2363, 5180, 5402, 2424, 2559, 4836, 5733, 3235, 2121, 3045, 6123, 2268, 2417, 3599, 2169, 2541, 2698, 2909, 3717, 3295, 2554, 3583, 3816, 3641, 1988, 2653, 2132, 2296, 2503, 3861, 3027, 1573, 1082, 2517, 6028, 4504, 3068, 3864, 2084, 2632], [4451, 3173, 3526, 5985, 5421, 4289, 6108, 7836, 4437, 5615, 9315, 6043, 3450, 4527, 8513, 6968, 5212, 5398, 4317, 3776, 6155, 3562, 5740, 7287, 4000, 4518, 3556, 7504, 9627, 6351, 7306, 5992, 3412, 2392, 8455, 6770, 0, 3752, 7881, 7493, 4653, 7856, 5959, 5225, 4134, 3958, 5482, 4421, 1684, 5012, 4349, 4321, 2627, 3702, 5087, 4671, 3826, 651, 4638, 4690, 3659, 4652, 4248, 4639, 4635, 4919, 7559, 4693, 4349, 3185, 4932, 5291, 4122, 5704, 4976, 4685, 3191, 4025, 7056, 6049, 8706, 8427, 4251, 5969, 3377, 4946, 4451], [1000, 3015, 864, 2766, 1758, 1259, 3634, 4545, 1121, 2892, 5681, 3348, 921, 1331, 4904, 3601, 1842, 1649, 1476, 1408, 2720, 2346, 2176, 4468, 2491, 2923, 6791, 3868, 6199, 3265, 4649, 4136, 2512, 1457, 4769, 3628, 3752, 0, 4141, 3746, 928, 4405, 2220, 2445, 2165, 1118, 2059, 1595, 2089, 2510, 1671, 1209, 1286, 2231, 1373, 1721, 2071, 3143, 2392, 1213, 2774, 2196, 1880, 991, 906, 4165, 3816, 1105, 3541, 704, 1343, 1735, 1717, 3725, 1395, 1139, 642, 670, 4578, 3385, 6032, 7845, 1327, 2241, 379, 2721, 1000], [3504, 6203, 4606, 3330, 2720, 3832, 4719, 2465, 3577, 3640, 2575, 3665, 4538, 3578, 2241, 2149, 2959, 2535, 3932, 4461, 2264, 5324, 2327, 3604, 5094, 5058, 10646, 1008, 2959, 2914, 3984, 5052, 5579, 5579, 897, 2755, 7881, 4141, 0, 802, 3229, 1889, 1924, 3636, 4669, 4130, 2710, 3891, 6202, 4510, 4033, 3767, 5380, 5461, 2911, 3671, 4877, 7257, 4350, 3286, 5643, 4133, 4310, 3258, 3247, 6237, 867, 3229, 5932, 4709, 3212, 2714, 4318, 4775, 2972, 3255, 4695, 3900, 4281, 3718, 4625, 8773, 4192, 2092, 4511, 4353, 3504], [3277, 6123, 4090, 2560, 2144, 3681, 3927, 3109, 3387, 3842, 2255, 3960, 4282, 3438, 1711, 2601, 2912, 2098, 3824, 4308, 2442, 5250, 2296, 4122, 5080, 5133, 10431, 1592, 3759, 3242, 4495, 5352, 5500, 5134, 1696, 3178, 7493, 3746, 802, 0, 2888, 2559, 1639, 3742, 4642, 3943, 2704, 3808, 5834, 3780, 3960, 3605, 4919, 4816, 2418, 3619, 4809, 6888, 4397, 3090, 5608, 4159, 4260, 2975, 2900, 6384, 119, 2984, 6005, 4376, 2652, 2587, 4236, 5033, 2773, 3029, 4346, 3627, 4747, 4015, 5281, 9187, 3588, 1540, 4124, 4464, 3277], [596, 3447, 1602, 2476, 1164, 1099, 3648, 3713, 783, 2405, 4937, 2818, 1424, 976, 4192, 2765, 1142, 833, 1331, 1612, 1887, 2639, 1302, 3807, 2629, 2919, 7559, 2945, 5309, 2565, 4039, 3855, 2860, 2383, 3842, 2881, 4653, 928, 3229, 2888, 0, 3524, 1307, 2005, 2214, 1220, 1285, 1399, 2975, 2684, 1539, 1013, 2207, 2853, 749, 1381, 2250, 4031, 2240, 615, 3053, 1995, 1839, 252, 29, 4238, 2968, 404, 3686, 1493, 1002, 899, 1727, 3444, 590, 485, 1470, 777, 4037, 2864, 5365, 7728, 1647, 1461, 1286, 2500, 596], [3479, 5512, 5120, 4712, 3641, 3568, 6165, 584, 3450, 2575, 4405, 2375, 4416, 3336, 4128, 905, 2658, 3208, 3550, 4104, 1715, 4684, 2231, 1849, 4337, 4105, 10102, 979, 1797, 1700, 2222, 3614, 4930, 5824, 1406, 1335, 7856, 4405, 1889, 2559, 3524, 0, 2531, 2799, 3989, 3899, 2397, 3455, 6209, 5661, 3550, 3541, 5681, 6278, 3612, 3203, 4270, 7207, 3537, 3239, 4888, 3401, 3729, 3415, 3551, 5045, 2660, 3305, 4915, 4754, 4011, 2672, 3812, 3444, 3012, 3283, 4778, 3910, 2577, 2413, 2738, 7055, 4984, 3115, 4708, 3392, 3479], [1640, 4498, 2749, 2351, 1117, 2047, 3777, 2874, 1750, 2529, 3819, 2787, 2656, 1810, 3145, 1997, 1361, 696, 2203, 2672, 1318, 3631, 849, 3394, 3492, 3610, 8802, 1762, 4234, 2222, 3713, 4102, 3878, 3666, 2576, 2367, 5959, 2220, 1924, 1639, 1307, 2531, 0, 2305, 3051, 2305, 1220, 2199, 4281, 3146, 2354, 1970, 3474, 3782, 1106, 2033, 3195, 5336, 2868, 1453, 4003, 2618, 2662, 1354, 1325, 4908, 1734, 1349, 4467, 2792, 1489, 989, 2621, 3731, 1136, 1392, 2775, 2005, 3843, 2843, 4846, 8032, 2480, 706, 2588, 2997, 1640], [1508, 2720, 3308, 4371, 2981, 1203, 5636, 2655, 1344, 454, 5996, 919, 1972, 1123, 5393, 1902, 990, 2460, 1035, 1481, 1375, 1887, 1480, 2128, 1548, 1424, 7306, 2827, 4476, 1147, 2246, 1873, 2132, 3557, 3810, 1567, 5225, 2445, 3636, 3742, 2005, 2799, 2305, 0, 1193, 1457, 1087, 907, 3675, 4686, 916, 1240, 3496, 4671, 2642, 727, 1483, 4581, 751, 1394, 2105, 607, 980, 1758, 2028, 2643, 3856, 1602, 2297, 2429, 2982, 1389, 1106, 1473, 1494, 1523, 2493, 1777, 2138, 950, 3660, 5796, 3600, 2927, 2578, 724, 1508], [1621, 1554, 2957, 4680, 3368, 1116, 5747, 3838, 1440, 1511, 6866, 1915, 1339, 1288, 6192, 3090, 1734, 2941, 894, 767, 2470, 696, 2362, 3156, 442, 759, 6122, 3949, 5662, 2332, 3178, 2115, 946, 2822, 4942, 2748, 4134, 2165, 4669, 4642, 2214, 3989, 3051, 1193, 0, 1071, 1964, 863, 2703, 4661, 707, 1204, 2835, 4294, 2960, 1024, 310, 3504, 506, 1690, 975, 589, 393, 1985, 2225, 2039, 4747, 1878, 1475, 1810, 3184, 2066, 489, 1736, 1963, 1801, 1901, 1586, 2954, 1919, 4589, 5682, 3484, 3527, 2114, 822, 1621], [679, 2238, 1954, 3642, 2381, 332, 4677, 3906, 559, 1908, 6089, 2374, 534, 578, 5368, 3015, 1263, 2022, 424, 393, 2200, 1420, 1840, 3575, 1446, 1823, 6519, 3597, 5676, 2470, 3702, 3028, 1642, 2102, 4577, 2876, 3958, 1118, 4130, 3943, 1220, 3899, 2305, 1457, 1071, 0, 1536, 551, 2319, 3594, 579, 373, 2040, 3318, 1962, 764, 1046, 3309, 1278, 856, 1837, 1097, 763, 1029, 1225, 3103, 4037, 974, 2512, 973, 2142, 1420, 603, 2620, 1174, 919, 1038, 518, 3578, 2402, 5116, 6737, 2423, 2642, 1152, 1615, 679], [1091, 3494, 2851, 3383, 2001, 1208, 4723, 2489, 1055, 1335, 4950, 1658, 2033, 960, 4322, 1551, 274, 1461, 1252, 1805, 683, 2615, 409, 2533, 2395, 2433, 7978, 2073, 4190, 1287, 2785, 2904, 2870, 3440, 3063, 1598, 5482, 2059, 2710, 2704, 1285, 2397, 1220, 1087, 1964, 1536, 0, 1194, 3821, 3881, 1329, 1166, 3310, 4136, 1729, 964, 2168, 4834, 1695, 855, 2938, 1457, 1601, 1103, 1313, 3708, 2814, 964, 3303, 2358, 2117, 409, 1614, 2523, 699, 922, 2384, 1517, 2825, 1711, 4085, 6839, 2920, 1859, 2332, 1788, 1091], [809, 2322, 2454, 3874, 2531, 344, 5015, 3417, 619, 1358, 6017, 1824, 1071, 435, 5336, 2557, 934, 2086, 129, 650, 1800, 1445, 1565, 3027, 1302, 1524, 6786, 3255, 5210, 1950, 3151, 2553, 1697, 2651, 4249, 2363, 4421, 1595, 3891, 3808, 1399, 3455, 2199, 907, 863, 551, 1194, 0, 2818, 3982, 157, 414, 2590, 3822, 2133, 254, 1001, 3772, 851, 836, 1805, 621, 471, 1157, 1415, 2847, 3911, 1035, 2324, 1523, 2395, 1223, 430, 2140, 1101, 954, 1588, 931, 3031, 1852, 4566, 6355, 2840, 2666, 1686, 1147, 809], [2774, 2294, 2022, 4537, 3804, 2647, 4939, 6223, 2769, 4095, 7728, 4546, 1795, 2874, 6936, 5332, 3554, 3737, 2704, 2196, 4499, 2287, 4065, 5788, 2698, 3253, 4817, 5826, 7992, 4766, 5853, 4748, 2232, 912, 6773, 5180, 1684, 2089, 6202, 5834, 2975, 6209, 4281, 3675, 2703, 2319, 3821, 2818, 0, 3770, 2768, 2670, 1146, 2678, 3447, 3061, 2413, 1057, 3183, 3014, 2539, 3144, 2725, 2956, 2958, 4021, 5904, 3011, 3369, 1502, 3335, 3614, 2577, 4403, 3296, 3005, 1509, 2345, 5651, 4561, 7274, 7772, 2801, 4324, 1711, 3521, 2774], [3204, 5435, 1885, 1308, 2029, 3643, 1183, 6018, 3388, 5087, 4795, 5492, 3417, 3607, 4002, 5121, 3798, 2522, 3882, 3914, 4333, 4842, 3732, 6395, 5000, 5416, 8502, 4802, 7287, 5152, 6663, 6516, 4989, 2860, 5376, 5402, 5012, 2510, 4510, 3780, 2684, 5661, 3146, 4686, 4661, 3594, 3881, 3982, 3770, 0, 4093, 3570, 2633, 1383, 2169, 4027, 4580, 4599, 4826, 3293, 5266, 4602, 4346, 2929, 2660, 6673, 3776, 3085, 6049, 3065, 1767, 3473, 4194, 6103, 3239, 3164, 2971, 3088, 6697, 5540, 7918, 10325, 1186, 2561, 2671, 5126, 3204], [945, 2175, 2522, 4014, 2679, 455, 5138, 3489, 756, 1356, 6172, 1821, 1064, 585, 5491, 2649, 1075, 2238, 213, 576, 1916, 1296, 1708, 3043, 1146, 1381, 6657, 3381, 5292, 2006, 3148, 2466, 1550, 2653, 4375, 2424, 4349, 1671, 4033, 3960, 1539, 3550, 2354, 916, 707, 579, 1329, 157, 2768, 4093, 0, 535, 2606, 3889, 2277, 369, 851, 3701, 734, 987, 1651, 526, 316, 1300, 1553, 2702, 4064, 1182, 2172, 1534, 2529, 1375, 286, 2054, 1256, 1103, 1605, 1019, 3009, 1845, 4568, 6236, 2941, 2821, 1730, 1052, 945], [419, 2536, 2072, 3485, 2166, 89, 4606, 3568, 241, 1691, 5774, 2152, 876, 207, 5068, 2664, 894, 1755, 323, 705, 1835, 1684, 1469, 3312, 1625, 1911, 6880, 3225, 5323, 2163, 3467, 2961, 1922, 2384, 4205, 2559, 4321, 1209, 3767, 3605, 1013, 3541, 1970, 1240, 1204, 373, 1166, 414, 2670, 3570, 535, 0, 2295, 3439, 1758, 514, 1267, 3672, 1262, 523, 2081, 1033, 828, 782, 1025, 3228, 3701, 686, 2677, 1259, 1997, 1054, 720, 2548, 835, 615, 1306, 540, 3377, 2186, 4868, 6766, 2430, 2360, 1348, 1559, 419], [2223, 3029, 906, 3410, 2810, 2311, 3809, 5796, 2295, 3947, 6689, 4414, 1551, 2469, 5888, 4860, 3073, 2850, 2463, 2122, 3983, 2688, 3456, 5603, 3003, 3536, 5948, 5151, 7477, 4450, 5740, 4946, 2741, 243, 6040, 4836, 2627, 1286, 5380, 4919, 2207, 5681, 3474, 3496, 2835, 2040, 3310, 2590, 1146, 2633, 2606, 2295, 0, 1664, 2503, 2786, 2617, 2089, 3220, 2456, 3056, 3094, 2695, 2273, 2183, 4573, 4977, 2377, 3908, 1073, 2313, 3010, 2523, 4556, 2671, 2400, 1004, 1811, 5614, 4442, 7152, 8356, 1667, 3382, 979, 3574, 2223], [3186, 4687, 1370, 2593, 2756, 3489, 2409, 6532, 3334, 5115, 6107, 5566, 2957, 3551, 5303, 5590, 3969, 3088, 3701, 3532, 4725, 4277, 4122, 6640, 4540, 5038, 7237, 5540, 8014, 5407, 6847, 6345, 4362, 1833, 6267, 5733, 3702, 2231, 5461, 4816, 2853, 6278, 3782, 4671, 4294, 3318, 4136, 3822, 2678, 1383, 3889, 3439, 1664, 0, 2678, 3950, 4129, 3355, 4592, 3360, 4669, 4413, 4067, 3043, 2824, 6170, 4836, 3194, 5511, 2498, 2300, 3749, 3895, 5937, 3438, 3254, 2403, 2901, 6798, 5605, 8204, 9935, 1303, 3379, 2185, 4932, 3186], [1340, 4174, 1696, 1749, 422, 1845, 3007, 3906, 1524, 3000, 4311, 3372, 2101, 1703, 3540, 2984, 1685, 411, 2073, 2352, 2169, 3380, 1564, 4227, 3377, 3656, 8159, 2867, 5337, 2987, 4501, 4513, 3596, 2718, 3645, 3235, 5087, 1373, 2911, 2418, 749, 3612, 1106, 2642, 2960, 1962, 1729, 2133, 3447, 2169, 2277, 1758, 2503, 2678, 0, 2086, 2997, 4495, 2962, 1313, 3797, 2712, 2582, 979, 740, 4979, 2477, 1103, 4433, 2056, 411, 1326, 2474, 4108, 1149, 1186, 2007, 1489, 4553, 3423, 5751, 8419, 1377, 883, 1748, 3201, 1340], [824, 2534, 2584, 3835, 2467, 480, 5026, 3168, 643, 1178, 5844, 1641, 1295, 421, 5177, 2305, 716, 1991, 358, 903, 1551, 1654, 1349, 2818, 1464, 1607, 7025, 3013, 4959, 1711, 2961, 2490, 1909, 2860, 4008, 2121, 4671, 1721, 3671, 3619, 1381, 3203, 2033, 727, 1024, 764, 964, 254, 3061, 4027, 369, 514, 2786, 3950, 2086, 0, 1207, 4021, 884, 776, 1991, 630, 644, 1131, 1400, 2929, 3725, 988, 2444, 1729, 2381, 1046, 653, 2077, 987, 905, 1787, 1052, 2864, 1674, 4368, 6348, 2910, 2545, 1855, 1121, 824], [1673, 1327, 2819, 4686, 3414, 1180, 5692, 4134, 1506, 1817, 7013, 2224, 1188, 1392, 6321, 3368, 1922, 3020, 994, 675, 2714, 448, 2555, 3465, 422, 921, 5857, 4191, 5957, 2627, 3484, 2364, 703, 2585, 5187, 3045, 3826, 2071, 4877, 4809, 2250, 4270, 3195, 1483, 310, 1046, 2168, 1001, 2413, 4580, 851, 1267, 2617, 4129, 2997, 1207, 0, 3197, 815, 1782, 816, 877, 571, 2038, 2258, 2095, 4911, 1951, 1477, 1632, 3186, 2223, 574, 2000, 2077, 1881, 1727, 1556, 3254, 2228, 4893, 5813, 3397, 3624, 1970, 1125, 1673], [3810, 2647, 2993, 5490, 4843, 3640, 5732, 7187, 3792, 4975, 8756, 5407, 2803, 3878, 7960, 6318, 4564, 4791, 3667, 3128, 5507, 2955, 5097, 6653, 3391, 3921, 3904, 6862, 8977, 5704, 6679, 5407, 2821, 1847, 7817, 6123, 651, 3143, 7257, 6888, 4031, 7207, 5336, 4581, 3504, 3309, 4834, 3772, 1057, 4599, 3701, 3672, 2089, 3355, 4495, 4021, 3197, 0, 4006, 4048, 3084, 4012, 3605, 4007, 4014, 4417, 6958, 4056, 3818, 2552, 4363, 4649, 3477, 5105, 4337, 4046, 2563, 3386, 6439, 5415, 8086, 8021, 3746, 5374, 2765, 4320, 3810], [1656, 1976, 3230, 4709, 3349, 1185, 5865, 3357, 1466, 1014, 6644, 1410, 1678, 1265, 6005, 2646, 1509, 2873, 945, 1099, 2104, 1169, 2103, 2651, 801, 743, 6566, 3570, 5181, 1857, 2680, 1754, 1403, 3232, 4556, 2268, 4638, 2392, 4350, 4397, 2240, 3537, 2868, 751, 506, 1278, 1695, 851, 3183, 4826, 734, 1262, 3220, 4592, 2962, 884, 815, 4006, 0, 1651, 1356, 256, 531, 1994, 2258, 2052, 4508, 1861, 1610, 2161, 3240, 1888, 705, 1350, 1868, 1778, 2245, 1750, 2470, 1414, 4095, 5506, 3674, 3417, 2413, 355, 1656], [243, 3059, 2035, 3061, 1701, 606, 4261, 3343, 298, 1805, 5252, 2233, 1263, 403, 4546, 2405, 630, 1253, 798, 1221, 1531, 2204, 1052, 3283, 2123, 2354, 7369, 2816, 5035, 2062, 3490, 3240, 2444, 2588, 3776, 2417, 4690, 1213, 3286, 3090, 615, 3239, 1453, 1394, 1690, 856, 855, 836, 3014, 3293, 987, 523, 2456, 3360, 1313, 776, 1782, 4048, 1651, 0, 2596, 1400, 1300, 366, 638, 3679, 3185, 215, 3158, 1526, 1611, 602, 1220, 2830, 320, 132, 1544, 675, 3461, 2276, 4848, 7119, 2221, 1845, 1478, 1894, 243], [2484, 634, 3435, 5463, 4216, 1994, 6405, 4681, 2320, 2332, 7821, 2654, 1855, 2206, 7134, 4000, 2705, 3833, 1807, 1449, 3431, 430, 3335, 3832, 560, 903, 5221, 4908, 6499, 3198, 3772, 2336, 318, 2965, 5899, 3599, 3659, 2774, 5643, 5608, 3053, 4888, 4003, 2105, 975, 1837, 2938, 1805, 2539, 5266, 1651, 2081, 3056, 4669, 3797, 1991, 816, 3084, 1356, 2596, 0, 1530, 1348, 2847, 3060, 1522, 5712, 2765, 856, 2221, 3966, 3025, 1384, 2069, 2890, 2695, 2318, 2331, 3473, 2642, 5124, 5307, 4084, 4439, 2602, 1523, 2484], [1416, 2132, 3046, 4460, 3096, 962, 5628, 3258, 1226, 964, 6402, 1404, 1544, 1020, 5757, 2502, 1261, 2618, 727, 987, 1904, 1285, 1864, 2649, 972, 994, 6709, 3379, 5081, 1751, 2713, 1941, 1533, 3123, 4370, 2169, 4652, 2196, 4133, 4159, 1995, 3401, 2618, 607, 589, 1097, 1457, 621, 3144, 4602, 526, 1033, 3094, 4413, 2712, 630, 877, 4012, 256, 1400, 1530, 0, 421, 1747, 2013, 2307, 4268, 1611, 1853, 2025, 2996, 1635, 582, 1529, 1613, 1528, 2103, 1541, 2539, 1417, 4135, 5740, 3458, 3162, 2247, 529, 1416], [1244, 1895, 2708, 4312, 2987, 742, 5411, 3624, 1059, 1375, 6479, 1821, 1149, 898, 5802, 2825, 1359, 2552, 510, 576, 2146, 1016, 1992, 3065, 833, 1088, 6420, 3622, 5441, 2121, 3133, 2282, 1272, 2715, 4618, 2541, 4248, 1880, 4310, 4260, 1839, 3729, 2662, 980, 393, 763, 1601, 471, 2725, 4346, 316, 828, 2695, 4067, 2582, 644, 571, 3605, 531, 1300, 1348, 421, 0, 1604, 1852, 2401, 4365, 1493, 1859, 1633, 2821, 1680, 175, 1879, 1571, 1415, 1715, 1259, 2955, 1836, 4555, 5980, 3180, 3135, 1886, 882, 1244], [367, 3266, 1751, 2719, 1385, 870, 3899, 3570, 546, 2164, 5076, 2584, 1308, 730, 4345, 2623, 928, 994, 1095, 1420, 1740, 2439, 1186, 3601, 2406, 2679, 7457, 2897, 5208, 2365, 3822, 3605, 2667, 2431, 3823, 2698, 4639, 991, 3258, 2975, 252, 3415, 1354, 1758, 1985, 1029, 1103, 1157, 2956, 2929, 1300, 782, 2273, 3043, 979, 1131, 2038, 4007, 1994, 366, 2847, 1747, 1604, 0, 273, 4001, 3062, 159, 3458, 1456, 1252, 748, 1501, 3194, 411, 237, 1450, 654, 3808, 2629, 5163, 7477, 1870, 1616, 1315, 2250, 367], [609, 3449, 1574, 2462, 1157, 1112, 3627, 3741, 798, 2430, 4943, 2844, 1418, 994, 4196, 2793, 1169, 838, 1345, 1617, 1915, 2644, 1329, 3835, 2639, 2933, 7550, 2969, 5336, 2593, 4067, 3876, 2864, 2361, 3864, 2909, 4635, 906, 3247, 2900, 29, 3551, 1325, 2028, 2225, 1225, 1313, 1415, 2958, 2660, 1553, 1025, 2183, 2824, 740, 1400, 2258, 4014, 2258, 638, 3060, 2013, 1852, 273, 0, 4252, 2980, 427, 3697, 1478, 984, 928, 1739, 3465, 618, 508, 1455, 775, 4064, 2890, 5393, 7747, 1620, 1466, 1267, 2520, 609], [3644, 1776, 4897, 6712, 5378, 3142, 7777, 4678, 3457, 2601, 8638, 2677, 3273, 3280, 8028, 4262, 3549, 4918, 2908, 2762, 3982, 1894, 4111, 3525, 1674, 1326, 5612, 5350, 6386, 3408, 3320, 1593, 1839, 4486, 6282, 3717, 4919, 4165, 6237, 6384, 4238, 5045, 4908, 2643, 2039, 3103, 3708, 2847, 4021, 6673, 2702, 3228, 4573, 6170, 4979, 2929, 2095, 4417, 2052, 3679, 1522, 2307, 2401, 4001, 4252, 0, 6498, 3881, 667, 3690, 5219, 3935, 2525, 1619, 3915, 3800, 3787, 3620, 2931, 2636, 4442, 3786, 5490, 5468, 4050, 1923, 3644], [3369, 6224, 4139, 2